  0.9989500E+00  0.1704500E-01 -0.0000000E+00 -0.0000000E+00 -0.0000000E+00
 -0.7968000E-02 -0.0000000E+00 -0.0000000E+00 -0.0000000E+00
 -0.1996180E+00 -0.1818870E+00 -0.0000000E+00 -0.0000000E+00 -0.0000000E+00
  0.1180164E+01 -0.0000000E+00 -0.0000000E+00 -0.0000000E+00
  0.0000000E+00  0.0000000E+00 -0.1363300E-01 -0.7399900E-01  0.7800000E-04
  0.0000000E+00  0.1919320E+00  0.1041808E+01 -0.1098000E-02
 -0.0000000E+00 -0.0000000E+00 -0.7399600E-01  0.1363200E-01 -0.6650000E-03
 -0.0000000E+00  0.1041769E+01 -0.1919150E+00  0.9364000E-02
 -0.0000000E+00 -0.0000000E+00  0.6400000E-03 -0.1970000E-03 -0.7524100E-01
 -0.0000000E+00 -0.9010000E-02  0.2777000E-02  0.1059299E+01
 -0.0000000E+00 -0.0000000E+00  0.6337900E-01 -0.4011000E-01  0.1670998E+01
 -0.0000000E+00 -0.4913100E-01  0.3109300E-01 -0.1295353E+01
  0.0000000E+00  0.0000000E+00  0.1640030E+00  0.1664279E+01  0.3372800E-01
  0.0000000E+00 -0.1271350E+00 -0.1290144E+01 -0.2614600E-01
 -0.0000000E+00 -0.0000000E+00  0.1663414E+01 -0.1625600E+00 -0.6699300E-01
 -0.0000000E+00 -0.1289474E+01  0.1260160E+00  0.5193300E-01
  0.3357100E-01  0.2353243E+01 -0.0000000E+00 -0.0000000E+00 -0.0000000E+00
 -0.2062910E+01 -0.0000000E+00 -0.0000000E+00 -0.0000000E+00
