  0.9991700E+00  0.1452000E-01 -0.0000000E+00 -0.0000000E+00 -0.0000000E+00
 -0.7086000E-02 -0.0000000E+00 -0.0000000E+00 -0.0000000E+00
 -0.1840550E+00  0.3918260E+00 -0.0000000E+00 -0.0000000E+00 -0.0000000E+00
  0.6470310E+00 -0.0000000E+00 -0.0000000E+00 -0.0000000E+00
 -0.0000000E+00 -0.0000000E+00 -0.3802000E-01  0.1553390E+00  0.3900000E-04
 -0.0000000E+00 -0.2061570E+00  0.8422960E+00  0.2120000E-03
  0.0000000E+00  0.0000000E+00  0.1553180E+00  0.3801600E-01 -0.2623000E-02
  0.0000000E+00  0.8421820E+00  0.2061330E+00 -0.1422300E-01
 -0.0000000E+00 -0.0000000E+00  0.2557000E-02  0.5860000E-03  0.1599030E+00
 -0.0000000E+00  0.1386600E-01  0.3175000E-02  0.8670420E+00
  0.8160800E-01  0.2327528E+01 -0.0000000E+00 -0.0000000E+00 -0.0000000E+00
 -0.2286864E+01 -0.0000000E+00 -0.0000000E+00 -0.0000000E+00
 -0.0000000E+00 -0.0000000E+00 -0.1965660E+00 -0.1103920E+00  0.1651400E+01
 -0.0000000E+00  0.1689230E+00  0.9486700E-01 -0.1419163E+01
  0.0000000E+00  0.0000000E+00 -0.2223480E+00  0.1649692E+01  0.8381100E-01
  0.0000000E+00  0.1910790E+00 -0.1417695E+01 -0.7202500E-01
 -0.0000000E+00 -0.0000000E+00  0.1640082E+01  0.2104200E+00  0.2092850E+00
 -0.0000000E+00 -0.1409437E+01 -0.1808290E+00 -0.1798530E+00
