13995.7000000000007276
2117.0999999999999091
490.4250000000000114
143.8329999999999984
41.9264999999999972
6.1568399999999999
69.1210999999999984
15.8350000000000009
4.6732600000000000
69.1210999999999984
15.8350000000000009
4.6732600000000000
69.1210999999999984
15.8350000000000009
4.6732600000000000
69.1210999999999984
15.8350000000000009
4.6732600000000000
1.4575600000000000
1.4575600000000000
1.4575600000000000
1.4575600000000000
0.3970570000000000
0.3970570000000000
0.3970570000000000
0.3970570000000000
0.1300000000000000
0.1300000000000000
0.1300000000000000
0.1300000000000000
2.3039999999999998
2.3039999999999998
2.3039999999999998
2.3039999999999998
2.3039999999999998
2.3039999999999998
