0.0018327601560000
0.0138827011810000
0.0680687057930000
0.2313280196860000
0.5858900498590000
0.3058830260310000
0.1191490559250000
0.9173754305920000
-0.0040583919050000
0.0356574036740000
0.2394770246720000
0.8184610843200000
0.0356574036740000
0.2394770246720000
0.8184610843200000
0.0356574036740000
0.2394770246720000
0.8184610843200000
1.0000000000000000
1.0000000000000000
1.0000000000000000
1.0000000000000000
1.0000000000000000
1.0000000000000000
1.0000000000000000
1.0000000000000000
1.0000000000000000
1.0000000000000000
1.0000000000000000
1.0000000000000000
1.0000000000000000
1.0000000000000000
1.0000000000000000
1.0000000000000000
1.0000000000000000
1.0000000000000000
