  0.4116540E+00  0.6539040E+00  0.1610000E-01 -0.7044000E-02  0.5686000E-02
  0.5230000E-03 -0.0000000E+00 -0.0000000E+00 -0.0000000E+00 -0.0000000E+00
 -0.0000000E+00 -0.0000000E+00 -0.1330000E-03 -0.0000000E+00 -0.0000000E+00
 -0.0000000E+00 -0.0000000E+00 -0.0000000E+00 -0.0000000E+00 -0.0000000E+00
 -0.0000000E+00 -0.0000000E+00 -0.0000000E+00 -0.0000000E+00 -0.0000000E+00
 -0.1811000E-02 -0.1811000E-02 -0.1805000E-02 -0.0000000E+00 -0.0000000E+00
 -0.0000000E+00
 -0.1217790E+00 -0.3274230E+00  0.5023630E+00  0.5945070E+00  0.8089200E-01
 -0.7387000E-02 -0.0000000E+00 -0.0000000E+00 -0.0000000E+00 -0.0000000E+00
 -0.0000000E+00 -0.0000000E+00  0.1625000E-02 -0.0000000E+00 -0.0000000E+00
 -0.0000000E+00 -0.0000000E+00 -0.0000000E+00 -0.0000000E+00 -0.0000000E+00
 -0.0000000E+00 -0.0000000E+00 -0.0000000E+00 -0.0000000E+00 -0.0000000E+00
 -0.1180300E-01 -0.1180300E-01 -0.1167000E-01 -0.0000000E+00 -0.0000000E+00
 -0.0000000E+00
 -0.0000000E+00 -0.0000000E+00 -0.0000000E+00 -0.0000000E+00 -0.0000000E+00
 -0.0000000E+00 -0.0000000E+00 -0.0000000E+00  0.1233504E+01 -0.0000000E+00
 -0.0000000E+00  0.3336140E+00 -0.0000000E+00 -0.0000000E+00 -0.0000000E+00
 -0.1580000E-03 -0.0000000E+00 -0.0000000E+00  0.5352000E-01 -0.0000000E+00
 -0.0000000E+00 -0.1795000E-02 -0.0000000E+00 -0.0000000E+00  0.4580000E-03
 -0.0000000E+00 -0.0000000E+00 -0.0000000E+00 -0.0000000E+00 -0.0000000E+00
 -0.0000000E+00
 -0.0000000E+00 -0.0000000E+00 -0.0000000E+00 -0.0000000E+00 -0.0000000E+00
 -0.0000000E+00  0.1234246E+01  0.6850000E-03 -0.0000000E+00  0.3336520E+00
  0.1850000E-03 -0.0000000E+00 -0.0000000E+00  0.1040000E-03  0.0000000E+00
 -0.0000000E+00  0.5171000E-01  0.2900000E-04 -0.0000000E+00 -0.7090000E-03
 -0.0000000E+00 -0.0000000E+00 -0.1100000E-03 -0.0000000E+00 -0.0000000E+00
 -0.0000000E+00 -0.0000000E+00 -0.0000000E+00 -0.0000000E+00 -0.0000000E+00
 -0.0000000E+00
 -0.0000000E+00 -0.0000000E+00 -0.0000000E+00 -0.0000000E+00 -0.0000000E+00
 -0.0000000E+00 -0.6850000E-03  0.1234246E+01 -0.0000000E+00 -0.1850000E-03
  0.3336520E+00 -0.0000000E+00 -0.0000000E+00 -0.0000000E+00  0.1040000E-03
 -0.0000000E+00 -0.2900000E-04  0.5171000E-01 -0.0000000E+00  0.0000000E+00
 -0.7090000E-03 -0.0000000E+00  0.0000000E+00 -0.1100000E-03 -0.0000000E+00
 -0.0000000E+00 -0.0000000E+00 -0.0000000E+00 -0.0000000E+00 -0.0000000E+00
 -0.0000000E+00
  0.3900000E-01  0.1121670E+00 -0.2322510E+00 -0.4037920E+00  0.6357950E+00
  0.5422580E+00 -0.0000000E+00 -0.0000000E+00 -0.0000000E+00 -0.0000000E+00
 -0.0000000E+00 -0.0000000E+00  0.2228000E-02 -0.0000000E+00 -0.0000000E+00
 -0.0000000E+00 -0.0000000E+00 -0.0000000E+00 -0.0000000E+00 -0.0000000E+00
 -0.0000000E+00 -0.0000000E+00 -0.0000000E+00 -0.0000000E+00 -0.0000000E+00
  0.1816700E-01  0.1816700E-01  0.4138000E-02 -0.0000000E+00 -0.0000000E+00
 -0.0000000E+00
  0.0000000E+00  0.0000000E+00  0.0000000E+00  0.0000000E+00  0.0000000E+00
  0.0000000E+00  0.2610000E-03 -0.3542340E+00  0.0000000E+00  0.6400000E-04
 -0.8675600E-01  0.0000000E+00  0.0000000E+00  0.1800000E-04 -0.2457900E-01
  0.0000000E+00 -0.1990000E-03  0.2701010E+00  0.0000000E+00 -0.4220000E-03
  0.5725250E+00  0.0000000E+00 -0.2690000E-03  0.3645480E+00  0.0000000E+00
  0.0000000E+00  0.0000000E+00  0.0000000E+00  0.0000000E+00  0.0000000E+00
  0.0000000E+00
 -0.0000000E+00 -0.0000000E+00 -0.0000000E+00 -0.0000000E+00 -0.0000000E+00
 -0.0000000E+00 -0.3542340E+00 -0.2610000E-03 -0.0000000E+00 -0.8675600E-01
 -0.6400000E-04 -0.0000000E+00 -0.0000000E+00 -0.2457900E-01 -0.1800000E-04
 -0.0000000E+00  0.2701010E+00  0.1990000E-03 -0.0000000E+00  0.5725250E+00
  0.4220000E-03 -0.0000000E+00  0.3645480E+00  0.2690000E-03 -0.0000000E+00
 -0.0000000E+00 -0.0000000E+00 -0.0000000E+00 -0.0000000E+00 -0.0000000E+00
 -0.0000000E+00
 -0.0000000E+00 -0.0000000E+00 -0.0000000E+00 -0.0000000E+00 -0.0000000E+00
 -0.0000000E+00 -0.0000000E+00 -0.0000000E+00 -0.3408770E+00 -0.0000000E+00
 -0.0000000E+00 -0.8283900E-01 -0.0000000E+00 -0.0000000E+00 -0.0000000E+00
 -0.6597000E-02 -0.0000000E+00 -0.0000000E+00  0.2543780E+00 -0.0000000E+00
 -0.0000000E+00  0.5495480E+00 -0.0000000E+00 -0.0000000E+00  0.3943730E+00
 -0.0000000E+00 -0.0000000E+00 -0.0000000E+00 -0.0000000E+00 -0.0000000E+00
 -0.0000000E+00
 -0.1182500E-01 -0.3363600E-01  0.6562500E-01  0.1651140E+00 -0.2292830E+00
 -0.8520580E+00 -0.0000000E+00 -0.0000000E+00 -0.0000000E+00 -0.0000000E+00
 -0.0000000E+00 -0.0000000E+00  0.1427630E+01 -0.0000000E+00 -0.0000000E+00
 -0.0000000E+00 -0.0000000E+00 -0.0000000E+00 -0.0000000E+00 -0.0000000E+00
 -0.0000000E+00 -0.0000000E+00 -0.0000000E+00 -0.0000000E+00 -0.0000000E+00
  0.4043700E-01  0.4043700E-01  0.4171200E-01 -0.0000000E+00 -0.0000000E+00
 -0.0000000E+00
 -0.0000000E+00 -0.0000000E+00 -0.0000000E+00 -0.0000000E+00 -0.0000000E+00
 -0.0000000E+00 -0.0000000E+00  0.1151280E+00 -0.0000000E+00 -0.0000000E+00
  0.3034700E-01 -0.0000000E+00 -0.0000000E+00 -0.0000000E+00  0.1432309E+01
 -0.0000000E+00  0.0000000E+00 -0.1155060E+00 -0.0000000E+00  0.0000000E+00
 -0.1239310E+00 -0.0000000E+00  0.0000000E+00 -0.6394090E+00 -0.0000000E+00
 -0.0000000E+00 -0.0000000E+00 -0.0000000E+00 -0.0000000E+00 -0.0000000E+00
 -0.0000000E+00
  0.0000000E+00  0.0000000E+00  0.0000000E+00  0.0000000E+00  0.0000000E+00
  0.0000000E+00  0.1151280E+00  0.0000000E+00  0.0000000E+00  0.3034700E-01
  0.0000000E+00  0.0000000E+00  0.0000000E+00  0.1432309E+01  0.0000000E+00
  0.0000000E+00 -0.1155060E+00 -0.0000000E+00  0.0000000E+00 -0.1239310E+00
 -0.0000000E+00  0.0000000E+00 -0.6394080E+00 -0.0000000E+00  0.0000000E+00
  0.0000000E+00  0.0000000E+00  0.0000000E+00  0.0000000E+00  0.0000000E+00
  0.0000000E+00
  0.0000000E+00  0.0000000E+00  0.0000000E+00  0.0000000E+00  0.0000000E+00
  0.0000000E+00  0.0000000E+00  0.0000000E+00  0.1240870E+00  0.0000000E+00
  0.0000000E+00  0.3232900E-01  0.0000000E+00  0.0000000E+00  0.0000000E+00
  0.1441754E+01  0.0000000E+00  0.0000000E+00 -0.1204640E+00  0.0000000E+00
  0.0000000E+00 -0.1383580E+00  0.0000000E+00  0.0000000E+00 -0.6672110E+00
  0.0000000E+00  0.0000000E+00  0.0000000E+00  0.0000000E+00  0.0000000E+00
  0.0000000E+00
  0.0000000E+00  0.0000000E+00  0.0000000E+00  0.0000000E+00  0.0000000E+00
  0.0000000E+00 -0.0000000E+00  0.2218170E+00  0.0000000E+00 -0.0000000E+00
  0.4170500E-01  0.0000000E+00  0.0000000E+00  0.0000000E+00 -0.1299824E+01
  0.0000000E+00  0.0000000E+00 -0.1072080E+00  0.0000000E+00  0.0000000E+00
 -0.1057680E+01  0.0000000E+00 -0.0000000E+00  0.2226505E+01  0.0000000E+00
  0.0000000E+00  0.0000000E+00  0.0000000E+00  0.0000000E+00  0.0000000E+00
  0.0000000E+00
 -0.0000000E+00 -0.0000000E+00 -0.0000000E+00 -0.0000000E+00 -0.0000000E+00
 -0.0000000E+00  0.2218170E+00  0.0000000E+00 -0.0000000E+00  0.4170500E-01
  0.0000000E+00 -0.0000000E+00 -0.0000000E+00 -0.1299824E+01 -0.0000000E+00
 -0.0000000E+00 -0.1072080E+00 -0.0000000E+00 -0.0000000E+00 -0.1057680E+01
 -0.0000000E+00 -0.0000000E+00  0.2226505E+01  0.0000000E+00 -0.0000000E+00
 -0.0000000E+00 -0.0000000E+00 -0.0000000E+00 -0.0000000E+00 -0.0000000E+00
 -0.0000000E+00
 -0.0000000E+00 -0.0000000E+00 -0.0000000E+00 -0.0000000E+00 -0.0000000E+00
 -0.0000000E+00 -0.0000000E+00 -0.0000000E+00  0.2293850E+00 -0.0000000E+00
 -0.0000000E+00  0.4303500E-01 -0.0000000E+00 -0.0000000E+00 -0.0000000E+00
 -0.1290236E+01 -0.0000000E+00 -0.0000000E+00 -0.1086670E+00 -0.0000000E+00
 -0.0000000E+00 -0.1079583E+01 -0.0000000E+00 -0.0000000E+00  0.2215470E+01
 -0.0000000E+00 -0.0000000E+00 -0.0000000E+00 -0.0000000E+00 -0.0000000E+00
 -0.0000000E+00
 -0.3009100E-01 -0.9286100E-01  0.2571000E+00  0.4288000E-01 -0.1324078E+01
  0.2956859E+01  0.0000000E+00  0.0000000E+00  0.0000000E+00  0.0000000E+00
  0.0000000E+00  0.0000000E+00 -0.1013306E+01  0.0000000E+00  0.0000000E+00
  0.0000000E+00  0.0000000E+00  0.0000000E+00  0.0000000E+00  0.0000000E+00
  0.0000000E+00  0.0000000E+00  0.0000000E+00  0.0000000E+00  0.0000000E+00
 -0.4974870E+00 -0.4974870E+00 -0.4803870E+00  0.0000000E+00  0.0000000E+00
  0.0000000E+00
  0.0000000E+00  0.0000000E+00  0.0000000E+00  0.0000000E+00 -0.0000000E+00
  0.0000000E+00  0.0000000E+00  0.0000000E+00  0.0000000E+00  0.0000000E+00
  0.0000000E+00  0.0000000E+00 -0.0000000E+00  0.0000000E+00  0.0000000E+00
  0.0000000E+00  0.0000000E+00  0.0000000E+00  0.0000000E+00  0.0000000E+00
  0.0000000E+00  0.0000000E+00  0.0000000E+00  0.0000000E+00  0.0000000E+00
  0.8660250E+00 -0.8660250E+00 -0.0000000E+00 -0.0000000E+00  0.0000000E+00
  0.0000000E+00
  0.0000000E+00  0.0000000E+00  0.0000000E+00  0.0000000E+00  0.0000000E+00
  0.0000000E+00  0.0000000E+00  0.0000000E+00  0.0000000E+00  0.0000000E+00
  0.0000000E+00  0.0000000E+00  0.0000000E+00  0.0000000E+00  0.0000000E+00
  0.0000000E+00  0.0000000E+00  0.0000000E+00  0.0000000E+00  0.0000000E+00
  0.0000000E+00  0.0000000E+00  0.0000000E+00  0.0000000E+00  0.0000000E+00
  0.0000000E+00 -0.0000000E+00  0.0000000E+00  0.1000000E+01  0.0000000E+00
  0.0000000E+00
  0.0000000E+00  0.0000000E+00  0.0000000E+00  0.0000000E+00  0.0000000E+00
  0.0000000E+00  0.0000000E+00  0.0000000E+00  0.0000000E+00  0.0000000E+00
  0.0000000E+00  0.0000000E+00  0.0000000E+00  0.0000000E+00  0.0000000E+00
  0.0000000E+00  0.0000000E+00  0.0000000E+00  0.0000000E+00  0.0000000E+00
  0.0000000E+00  0.0000000E+00  0.0000000E+00  0.0000000E+00  0.0000000E+00
  0.0000000E+00  0.0000000E+00  0.0000000E+00  0.0000000E+00  0.1000000E+01
 -0.1440000E-03
  0.0000000E+00  0.0000000E+00  0.0000000E+00  0.0000000E+00  0.0000000E+00
  0.0000000E+00  0.0000000E+00  0.0000000E+00  0.0000000E+00  0.0000000E+00
  0.0000000E+00  0.0000000E+00  0.0000000E+00  0.0000000E+00  0.0000000E+00
  0.0000000E+00  0.0000000E+00  0.0000000E+00  0.0000000E+00  0.0000000E+00
  0.0000000E+00  0.0000000E+00  0.0000000E+00  0.0000000E+00  0.0000000E+00
  0.0000000E+00  0.0000000E+00  0.0000000E+00  0.0000000E+00  0.1440000E-03
  0.1000000E+01
  0.8090000E-03  0.2496000E-02 -0.6837000E-02 -0.3177000E-02  0.2149400E-01
 -0.2713000E-01  0.0000000E+00  0.0000000E+00  0.0000000E+00  0.0000000E+00
  0.0000000E+00  0.0000000E+00  0.1017500E-01  0.0000000E+00  0.0000000E+00
  0.0000000E+00  0.0000000E+00  0.0000000E+00  0.0000000E+00  0.0000000E+00
  0.0000000E+00  0.0000000E+00  0.0000000E+00  0.0000000E+00  0.0000000E+00
 -0.4947770E+00 -0.4947770E+00  0.1005059E+01  0.0000000E+00  0.0000000E+00
  0.0000000E+00
 -0.0000000E+00 -0.0000000E+00 -0.0000000E+00 -0.0000000E+00 -0.0000000E+00
 -0.0000000E+00 -0.0000000E+00 -0.0000000E+00  0.7770370E+00 -0.0000000E+00
 -0.0000000E+00  0.2545310E+00 -0.0000000E+00 -0.0000000E+00 -0.0000000E+00
  0.5357350E+00 -0.0000000E+00 -0.0000000E+00 -0.1967694E+01 -0.0000000E+00
 -0.0000000E+00  0.2093958E+01 -0.0000000E+00 -0.0000000E+00 -0.1209602E+01
 -0.0000000E+00 -0.0000000E+00 -0.0000000E+00 -0.0000000E+00 -0.0000000E+00
 -0.0000000E+00
  0.0000000E+00  0.0000000E+00  0.0000000E+00  0.0000000E+00  0.0000000E+00
  0.0000000E+00 -0.1000000E-05  0.7745520E+00  0.0000000E+00 -0.0000000E+00
  0.2546590E+00  0.0000000E+00  0.0000000E+00 -0.1000000E-05  0.5374120E+00
  0.0000000E+00  0.2000000E-05 -0.1966812E+01  0.0000000E+00 -0.2000000E-05
  0.2100047E+01  0.0000000E+00  0.1000000E-05 -0.1213794E+01  0.0000000E+00
  0.0000000E+00  0.0000000E+00  0.0000000E+00  0.0000000E+00  0.0000000E+00
  0.0000000E+00
 -0.0000000E+00 -0.0000000E+00 -0.0000000E+00 -0.0000000E+00 -0.0000000E+00
 -0.0000000E+00  0.7745520E+00  0.1000000E-05 -0.0000000E+00  0.2546590E+00
  0.0000000E+00 -0.0000000E+00 -0.0000000E+00  0.5374120E+00  0.1000000E-05
 -0.0000000E+00 -0.1966812E+01 -0.2000000E-05 -0.0000000E+00  0.2100047E+01
  0.2000000E-05  0.0000000E+00 -0.1213794E+01 -0.1000000E-05 -0.0000000E+00
 -0.0000000E+00 -0.0000000E+00 -0.0000000E+00 -0.0000000E+00 -0.0000000E+00
 -0.0000000E+00
  0.5843900E-01  0.1512030E+00 -0.1123830E+00 -0.2553222E+01  0.5418995E+01
  0.1774226E+01  0.0000000E+00  0.0000000E+00  0.0000000E+00  0.0000000E+00
  0.0000000E+00  0.0000000E+00 -0.4220010E+00  0.0000000E+00  0.0000000E+00
  0.0000000E+00  0.0000000E+00  0.0000000E+00  0.0000000E+00  0.0000000E+00
  0.0000000E+00  0.0000000E+00  0.0000000E+00  0.0000000E+00  0.0000000E+00
 -0.2498342E+01 -0.2498342E+01 -0.2499279E+01  0.0000000E+00  0.0000000E+00
  0.0000000E+00
 -0.1207820E+00 -0.5115970E+00  0.3482059E+01 -0.6425985E+01  0.6975957E+01
  0.7209770E+00  0.0000000E+00  0.0000000E+00  0.0000000E+00  0.0000000E+00
  0.0000000E+00  0.0000000E+00 -0.1752970E+00  0.0000000E+00  0.0000000E+00
  0.0000000E+00  0.0000000E+00  0.0000000E+00  0.0000000E+00  0.0000000E+00
  0.0000000E+00  0.0000000E+00  0.0000000E+00  0.0000000E+00  0.0000000E+00
 -0.2299906E+01 -0.2299906E+01 -0.2299237E+01  0.0000000E+00  0.0000000E+00
  0.0000000E+00
  0.0000000E+00  0.0000000E+00  0.0000000E+00  0.0000000E+00  0.0000000E+00
  0.0000000E+00  0.0000000E+00 -0.0000000E+00  0.3400186E+01  0.0000000E+00
 -0.0000000E+00  0.3435364E+01  0.0000000E+00  0.0000000E+00  0.0000000E+00
  0.2534390E+00  0.0000000E+00  0.0000000E+00 -0.2405209E+01  0.0000000E+00
  0.0000000E+00  0.1235235E+01  0.0000000E+00  0.0000000E+00 -0.5723900E+00
  0.0000000E+00  0.0000000E+00  0.0000000E+00  0.0000000E+00  0.0000000E+00
  0.0000000E+00
  0.0000000E+00  0.0000000E+00  0.0000000E+00  0.0000000E+00  0.0000000E+00
  0.0000000E+00 -0.1970000E-03  0.3399935E+01  0.0000000E+00 -0.1990000E-03
  0.3435288E+01  0.0000000E+00  0.0000000E+00 -0.1500000E-04  0.2533450E+00
  0.0000000E+00  0.1390000E-03 -0.2404565E+01 -0.0000000E+00 -0.7200000E-04
  0.1234944E+01  0.0000000E+00  0.3300000E-04 -0.5722010E+00  0.0000000E+00
  0.0000000E+00  0.0000000E+00  0.0000000E+00  0.0000000E+00  0.0000000E+00
  0.0000000E+00
  0.0000000E+00  0.0000000E+00  0.0000000E+00  0.0000000E+00  0.0000000E+00
  0.0000000E+00  0.3399935E+01  0.1970000E-03  0.0000000E+00  0.3435288E+01
  0.1990000E-03  0.0000000E+00  0.0000000E+00  0.2533450E+00  0.1500000E-04
  0.0000000E+00 -0.2404565E+01 -0.1390000E-03  0.0000000E+00  0.1234944E+01
  0.7200000E-04  0.0000000E+00 -0.5722010E+00 -0.3300000E-04  0.0000000E+00
  0.0000000E+00  0.0000000E+00  0.0000000E+00  0.0000000E+00  0.0000000E+00
  0.0000000E+00
 -0.1558219E+01  0.1992405E+01 -0.1885532E+01  0.2099873E+01 -0.1916843E+01
 -0.1900960E+00  0.0000000E+00  0.0000000E+00  0.0000000E+00  0.0000000E+00
  0.0000000E+00  0.0000000E+00  0.4789000E-01  0.0000000E+00  0.0000000E+00
  0.0000000E+00  0.0000000E+00  0.0000000E+00  0.0000000E+00  0.0000000E+00
  0.0000000E+00  0.0000000E+00  0.0000000E+00  0.0000000E+00  0.0000000E+00
  0.6195650E+00  0.6195650E+00  0.6195570E+00  0.0000000E+00  0.0000000E+00
  0.0000000E+00
