105819.0000000000000000
15872.0000000000000000
3619.6500000000000909
1030.7999999999999545
339.9080000000000155
124.5379999999999967
124.5379999999999967
49.5135000000000005
20.8055999999999983
6.5834599999999996
2.5646800000000001
0.5597630000000000
0.1832730000000000
589.7759999999999536
139.8489999999999895
45.1413000000000011
16.8733000000000004
6.7411000000000003
589.7759999999999536
139.8489999999999895
45.1413000000000011
16.8733000000000004
6.7411000000000003
589.7759999999999536
139.8489999999999895
45.1413000000000011
16.8733000000000004
6.7411000000000003
6.7411000000000003
2.7715200000000002
6.7411000000000003
2.7715200000000002
6.7411000000000003
2.7715200000000002
0.0483000000000000
0.0483000000000000
0.0483000000000000
0.0483000000000000
1.0238700000000001
1.0238700000000001
1.0238700000000001
0.3813680000000000
0.3813680000000000
0.3813680000000000
0.1094370000000000
0.1094370000000000
0.1094370000000000
0.7500000000000000
0.7500000000000000
0.7500000000000000
0.7500000000000000
0.7500000000000000
0.7500000000000000
