
 1.0000000073960627E+00 

 1.0000000015367925E+00 

 9.9999999994461319E-01 

 1.0000000002597109E+00 

 9.9999999933433625E-01 

 9.9999999965899300E-01 

 1.0000000001730132E+00 

 1.0000000013063284E+00 

 1.0000000058690930E+00 

 1.0000000058690930E+00 

 1.0000000058690930E+00 

 9.9999999452698751E-01 

 9.9999999452698751E-01 

 9.9999999452698751E-01 

 1.0000000025799221E+00 

 1.0000000025799221E+00 

 1.0000000025799221E+00 

 1.0000000044176447E+00 

 1.0000000044176447E+00 

 1.0000000044176447E+00 

 9.9999999882740975E-01 

 9.9999999882740975E-01 

 9.9999999882740975E-01 

 9.9999999746801671E-01 

 9.9999999746801671E-01 

 9.9999999746801671E-01 

 1.0000000005480634E+00 

 1.0000000005480634E+00 

 1.0000000005480634E+00 

 9.9999999914050464E-01 

 9.9999999914050464E-01 

 9.9999999914050464E-01 

 9.9999999914050464E-01 

 9.9999999914050464E-01 

 9.9999999914050464E-01 

 9.9999999477129764E-01 

 9.9999999477129764E-01 

 9.9999999477129764E-01 

 9.9999999477129764E-01 

 9.9999999477129764E-01 

 9.9999999477129764E-01 

 1.0000000015532255E+00 

 1.0000000015532255E+00 

 1.0000000015532255E+00 

 1.0000000015532260E+00 

 1.0000000015532260E+00 

 1.0000000015532260E+00 

 1.0000000001915481E+00 

 1.0000000001915481E+00 

 1.0000000001915481E+00 

 1.0000000001915479E+00 

 1.0000000001915479E+00 

 1.0000000001915479E+00 

 9.9999999962341590E-01 

 9.9999999962341590E-01 

 9.9999999962341590E-01 

 9.9999999962341590E-01 

 9.9999999962341590E-01 

 9.9999999962341590E-01 

 9.9999999962341590E-01 

 9.9999999962341590E-01 

 9.9999999962341590E-01 

 9.9999999962341590E-01 

 1.0000000008938081E+00 

 1.0000000008938081E+00 

 1.0000000008938081E+00 

 1.0000000008938084E+00 

 1.0000000008938084E+00 

 1.0000000008938084E+00 

 1.0000000008938084E+00 

 1.0000000008938084E+00 

 1.0000000008938084E+00 

 1.0000000008938084E+00 

 1.0000000013525576E+00 

 1.0000000013525576E+00 

 1.0000000013525576E+00 

 1.0000000013525570E+00 

 1.0000000013525570E+00 

 1.0000000013525572E+00 

 1.0000000013525570E+00 

 1.0000000013525572E+00 

 1.0000000013525572E+00 

 1.0000000013525572E+00 

 1.0000000010251819E+00 

 1.0000000010251819E+00 

 1.0000000010251819E+00 

 1.0000000010251817E+00 

 1.0000000010251817E+00 

 1.0000000010251819E+00 

 1.0000000010251817E+00 

 1.0000000010251819E+00 

 1.0000000010251819E+00 

 1.0000000010251819E+00 

 1.0000000010251819E+00 

 1.0000000010251819E+00 

 1.0000000010251817E+00 

 1.0000000010251817E+00 

 1.0000000010251817E+00 

 9.9999999894370717E-01 

 9.9999999894370717E-01 

 9.9999999894370717E-01 

 9.9999999894370717E-01 

 9.9999999894370717E-01 

 9.9999999894370717E-01 

 9.9999999894370717E-01 

 9.9999999894370717E-01 

 9.9999999894370717E-01 

 9.9999999894370717E-01 

 9.9999999894370717E-01 

 9.9999999894370717E-01 

 9.9999999894370717E-01 

 9.9999999894370717E-01 

 9.9999999894370739E-01 
