
 166165.0799999999871943  
 
 23107.5240000000012515  
 
 5060.1539000000002488  
 
 1384.6123000000000047  
 
 436.5125800000000140  
 
 153.4714800000000139  
 
 59.3890870000000035  
 
 24.8619669999999999  
 
 11.0157039999999995  
 
 4.9651750000000003  
 
 1.9365030000000001  
 
 0.7657280000000000  
 
 0.2955380000000000  
 
 0.1034380000000000  
 
 166165.0799999999871943  
 
 23107.5240000000012515  
 
 5060.1539000000002488  
 
 1384.6123000000000047  
 
 436.5125800000000140  
 
 153.4714800000000139  
 
 59.3890870000000035  
 
 24.8619669999999999  
 
 11.0157039999999995  
 
 4.9651750000000003  
 
 1.9365030000000001  
 
 0.7657280000000000  
 
 0.2955380000000000  
 
 0.1034380000000000  
 
 166165.0799999999871943  
 
 23107.5240000000012515  
 
 5060.1539000000002488  
 
 1384.6123000000000047  
 
 436.5125800000000140  
 
 153.4714800000000139  
 
 59.3890870000000035  
 
 24.8619669999999999  
 
 11.0157039999999995  
 
 4.9651750000000003  
 
 1.9365030000000001  
 
 0.7657280000000000  
 
 0.2955380000000000  
 
 0.1034380000000000  
 
 166165.0799999999871943  
 
 23107.5240000000012515  
 
 5060.1539000000002488  
 
 1384.6123000000000047  
 
 436.5125800000000140  
 
 153.4714800000000139  
 
 59.3890870000000035  
 
 24.8619669999999999  
 
 11.0157039999999995  
 
 4.9651750000000003  
 
 1.9365030000000001  
 
 0.7657280000000000  
 
 0.2955380000000000  
 
 0.1034380000000000  
 
 166165.0799999999871943  
 
 23107.5240000000012515  
 
 5060.1539000000002488  
 
 1384.6123000000000047  
 
 436.5125800000000140  
 
 153.4714800000000139  
 
 59.3890870000000035  
 
 24.8619669999999999  
 
 11.0157039999999995  
 
 4.9651750000000003  
 
 1.9365030000000001  
 
 0.7657280000000000  
 
 0.2955380000000000  
 
 0.1034380000000000  
 
 166165.0799999999871943  
 
 23107.5240000000012515  
 
 5060.1539000000002488  
 
 1384.6123000000000047  
 
 436.5125800000000140  
 
 153.4714800000000139  
 
 59.3890870000000035  
 
 24.8619669999999999  
 
 11.0157039999999995  
 
 4.9651750000000003  
 
 1.9365030000000001  
 
 0.7657280000000000  
 
 0.2955380000000000  
 
 0.1034380000000000  
 
 166165.0799999999871943  
 
 23107.5240000000012515  
 
 5060.1539000000002488  
 
 1384.6123000000000047  
 
 436.5125800000000140  
 
 153.4714800000000139  
 
 59.3890870000000035  
 
 24.8619669999999999  
 
 11.0157039999999995  
 
 4.9651750000000003  
 
 1.9365030000000001  
 
 0.7657280000000000  
 
 0.2955380000000000  
 
 0.1034380000000000  
 
 166165.0799999999871943  
 
 23107.5240000000012515  
 
 5060.1539000000002488  
 
 1384.6123000000000047  
 
 436.5125800000000140  
 
 153.4714800000000139  
 
 59.3890870000000035  
 
 24.8619669999999999  
 
 11.0157039999999995  
 
 4.9651750000000003  
 
 1.9365030000000001  
 
 0.7657280000000000  
 
 0.2955380000000000  
 
 0.1034380000000000  
 
 234.9449999999999932  
 
 55.0773849999999996  
 
 17.3895489999999988  
 
 6.3895369999999998  
 
 2.5420820000000002  
 
 1.0337639999999999  
 
 0.4187880000000000  
 
 0.1646270000000000  
 
 0.0576190000000000  
 
 234.9449999999999932  
 
 55.0773849999999996  
 
 17.3895489999999988  
 
 6.3895369999999998  
 
 2.5420820000000002  
 
 1.0337639999999999  
 
 0.4187880000000000  
 
 0.1646270000000000  
 
 0.0576190000000000  
 
 234.9449999999999932  
 
 55.0773849999999996  
 
 17.3895489999999988  
 
 6.3895369999999998  
 
 2.5420820000000002  
 
 1.0337639999999999  
 
 0.4187880000000000  
 
 0.1646270000000000  
 
 0.0576190000000000  
 
 234.9449999999999932  
 
 55.0773849999999996  
 
 17.3895489999999988  
 
 6.3895369999999998  
 
 2.5420820000000002  
 
 1.0337639999999999  
 
 0.4187880000000000  
 
 0.1646270000000000  
 
 0.0576190000000000  
 
 234.9449999999999932  
 
 55.0773849999999996  
 
 17.3895489999999988  
 
 6.3895369999999998  
 
 2.5420820000000002  
 
 1.0337639999999999  
 
 0.4187880000000000  
 
 0.1646270000000000  
 
 0.0576190000000000  
 
 234.9449999999999932  
 
 55.0773849999999996  
 
 17.3895489999999988  
 
 6.3895369999999998  
 
 2.5420820000000002  
 
 1.0337639999999999  
 
 0.4187880000000000  
 
 0.1646270000000000  
 
 0.0576190000000000  
 
 234.9449999999999932  
 
 55.0773849999999996  
 
 17.3895489999999988  
 
 6.3895369999999998  
 
 2.5420820000000002  
 
 1.0337639999999999  
 
 0.4187880000000000  
 
 0.1646270000000000  
 
 0.0576190000000000  
 
 234.9449999999999932  
 
 55.0773849999999996  
 
 17.3895489999999988  
 
 6.3895369999999998  
 
 2.5420820000000002  
 
 1.0337639999999999  
 
 0.4187880000000000  
 
 0.1646270000000000  
 
 0.0576190000000000  
 
 234.9449999999999932  
 
 55.0773849999999996  
 
 17.3895489999999988  
 
 6.3895369999999998  
 
 2.5420820000000002  
 
 1.0337639999999999  
 
 0.4187880000000000  
 
 0.1646270000000000  
 
 0.0576190000000000  
 
 234.9449999999999932  
 
 55.0773849999999996  
 
 17.3895489999999988  
 
 6.3895369999999998  
 
 2.5420820000000002  
 
 1.0337639999999999  
 
 0.4187880000000000  
 
 0.1646270000000000  
 
 0.0576190000000000  
 
 234.9449999999999932  
 
 55.0773849999999996  
 
 17.3895489999999988  
 
 6.3895369999999998  
 
 2.5420820000000002  
 
 1.0337639999999999  
 
 0.4187880000000000  
 
 0.1646270000000000  
 
 0.0576190000000000  
 
 234.9449999999999932  
 
 55.0773849999999996  
 
 17.3895489999999988  
 
 6.3895369999999998  
 
 2.5420820000000002  
 
 1.0337639999999999  
 
 0.4187880000000000  
 
 0.1646270000000000  
 
 0.0576190000000000  
 
 234.9449999999999932  
 
 55.0773849999999996  
 
 17.3895489999999988  
 
 6.3895369999999998  
 
 2.5420820000000002  
 
 1.0337639999999999  
 
 0.4187880000000000  
 
 0.1646270000000000  
 
 0.0576190000000000  
 
 234.9449999999999932  
 
 55.0773849999999996  
 
 17.3895489999999988  
 
 6.3895369999999998  
 
 2.5420820000000002  
 
 1.0337639999999999  
 
 0.4187880000000000  
 
 0.1646270000000000  
 
 0.0576190000000000  
 
 234.9449999999999932  
 
 55.0773849999999996  
 
 17.3895489999999988  
 
 6.3895369999999998  
 
 2.5420820000000002  
 
 1.0337639999999999  
 
 0.4187880000000000  
 
 0.1646270000000000  
 
 0.0576190000000000  
 
 234.9449999999999932  
 
 55.0773849999999996  
 
 17.3895489999999988  
 
 6.3895369999999998  
 
 2.5420820000000002  
 
 1.0337639999999999  
 
 0.4187880000000000  
 
 0.1646270000000000  
 
 0.0576190000000000  
 
 234.9449999999999932  
 
 55.0773849999999996  
 
 17.3895489999999988  
 
 6.3895369999999998  
 
 2.5420820000000002  
 
 1.0337639999999999  
 
 0.4187880000000000  
 
 0.1646270000000000  
 
 0.0576190000000000  
 
 234.9449999999999932  
 
 55.0773849999999996  
 
 17.3895489999999988  
 
 6.3895369999999998  
 
 2.5420820000000002  
 
 1.0337639999999999  
 
 0.4187880000000000  
 
 0.1646270000000000  
 
 0.0576190000000000  
 
 234.9449999999999932  
 
 55.0773849999999996  
 
 17.3895489999999988  
 
 6.3895369999999998  
 
 2.5420820000000002  
 
 1.0337639999999999  
 
 0.4187880000000000  
 
 0.1646270000000000  
 
 0.0576190000000000  
 
 234.9449999999999932  
 
 55.0773849999999996  
 
 17.3895489999999988  
 
 6.3895369999999998  
 
 2.5420820000000002  
 
 1.0337639999999999  
 
 0.4187880000000000  
 
 0.1646270000000000  
 
 0.0576190000000000  
 
 234.9449999999999932  
 
 55.0773849999999996  
 
 17.3895489999999988  
 
 6.3895369999999998  
 
 2.5420820000000002  
 
 1.0337639999999999  
 
 0.4187880000000000  
 
 0.1646270000000000  
 
 0.0576190000000000  
 
 6.4199999999999999  
 
 2.2469999999999999  
 
 0.7864500000000000  
 
 0.2752575000000000  
 
 6.4199999999999999  
 
 2.2469999999999999  
 
 0.7864500000000000  
 
 0.2752575000000000  
 
 6.4199999999999999  
 
 2.2469999999999999  
 
 0.7864500000000000  
 
 0.2752575000000000  
 
 6.4199999999999999  
 
 2.2469999999999999  
 
 0.7864500000000000  
 
 0.2752575000000000  
 
 6.4199999999999999  
 
 2.2469999999999999  
 
 0.7864500000000000  
 
 0.2752575000000000  
 
 6.4199999999999999  
 
 2.2469999999999999  
 
 0.7864500000000000  
 
 0.2752575000000000  
 
 6.4199999999999999  
 
 2.2469999999999999  
 
 0.7864500000000000  
 
 0.2752575000000000  
 
 6.4199999999999999  
 
 2.2469999999999999  
 
 0.7864500000000000  
 
 0.2752575000000000  
 
 6.4199999999999999  
 
 2.2469999999999999  
 
 0.7864500000000000  
 
 0.2752575000000000  
 
 6.4199999999999999  
 
 2.2469999999999999  
 
 0.7864500000000000  
 
 0.2752575000000000  
 
 6.4199999999999999  
 
 2.2469999999999999  
 
 0.7864500000000000  
 
 0.2752575000000000  
 
 6.4199999999999999  
 
 2.2469999999999999  
 
 0.7864500000000000  
 
 0.2752575000000000  
 
 6.4199999999999999  
 
 2.2469999999999999  
 
 0.7864500000000000  
 
 0.2752575000000000  
 
 6.4199999999999999  
 
 2.2469999999999999  
 
 0.7864500000000000  
 
 0.2752575000000000  
 
 6.4199999999999999  
 
 2.2469999999999999  
 
 0.7864500000000000  
 
 0.2752575000000000  
 
 6.4199999999999999  
 
 2.2469999999999999  
 
 0.7864500000000000  
 
 0.2752575000000000  
 
 6.4199999999999999  
 
 2.2469999999999999  
 
 0.7864500000000000  
 
 0.2752575000000000  
 
 6.4199999999999999  
 
 2.2469999999999999  
 
 0.7864500000000000  
 
 0.2752575000000000  
 
 6.4199999999999999  
 
 2.2469999999999999  
 
 0.7864500000000000  
 
 0.2752575000000000  
 
 6.4199999999999999  
 
 2.2469999999999999  
 
 0.7864500000000000  
 
 0.2752575000000000  
 
 6.4199999999999999  
 
 2.2469999999999999  
 
 0.7864500000000000  
 
 0.2752575000000000  
 
 6.4199999999999999  
 
 2.2469999999999999  
 
 0.7864500000000000  
 
 0.2752575000000000  
 
 6.4199999999999999  
 
 2.2469999999999999  
 
 0.7864500000000000  
 
 0.2752575000000000  
 
 6.4199999999999999  
 
 2.2469999999999999  
 
 0.7864500000000000  
 
 0.2752575000000000  
 
 4.1900000000000004  
 
 1.6759999999999999  
 
 0.6704000000000000  
 
 4.1900000000000004  
 
 1.6759999999999999  
 
 0.6704000000000000  
 
 4.1900000000000004  
 
 1.6759999999999999  
 
 0.6704000000000000  
 
 4.1900000000000004  
 
 1.6759999999999999  
 
 0.6704000000000000  
 
 4.1900000000000004  
 
 1.6759999999999999  
 
 0.6704000000000000  
 
 4.1900000000000004  
 
 1.6759999999999999  
 
 0.6704000000000000  
 
 4.1900000000000004  
 
 1.6759999999999999  
 
 0.6704000000000000  
 
 4.1900000000000004  
 
 1.6759999999999999  
 
 0.6704000000000000  
 
 4.1900000000000004  
 
 1.6759999999999999  
 
 0.6704000000000000  
 
 4.1900000000000004  
 
 1.6759999999999999  
 
 0.6704000000000000  
 
 4.1900000000000004  
 
 1.6759999999999999  
 
 0.6704000000000000  
 
 4.1900000000000004  
 
 1.6759999999999999  
 
 0.6704000000000000  
 
 4.1900000000000004  
 
 1.6759999999999999  
 
 0.6704000000000000  
 
 4.1900000000000004  
 
 1.6759999999999999  
 
 0.6704000000000000  
 
 4.1900000000000004  
 
 1.6759999999999999  
 
 0.6704000000000000  
 
 4.1900000000000004  
 
 1.6759999999999999  
 
 0.6704000000000000  
 
 4.1900000000000004  
 
 1.6759999999999999  
 
 0.6704000000000000  
 
 4.1900000000000004  
 
 1.6759999999999999  
 
 0.6704000000000000  
 
 4.1900000000000004  
 
 1.6759999999999999  
 
 0.6704000000000000  
 
 4.1900000000000004  
 
 1.6759999999999999  
 
 0.6704000000000000  
 
 4.1900000000000004  
 
 1.6759999999999999  
 
 0.6704000000000000  
 
 4.1900000000000004  
 
 1.6759999999999999  
 
 0.6704000000000000  
 
 4.1900000000000004  
 
 1.6759999999999999  
 
 0.6704000000000000  
 
 4.1900000000000004  
 
 1.6759999999999999  
 
 0.6704000000000000  
 
 4.1900000000000004  
 
 1.6759999999999999  
 
 0.6704000000000000  
 
 4.1900000000000004  
 
 1.6759999999999999  
 
 0.6704000000000000  
 
 4.1900000000000004  
 
 1.6759999999999999  
 
 0.6704000000000000  
 
 4.1900000000000004  
 
 1.6759999999999999  
 
 0.6704000000000000  
 
 4.1900000000000004  
 
 1.6759999999999999  
 
 0.6704000000000000  
 
 4.1900000000000004  
 
 1.6759999999999999  
 
 0.6704000000000000  
 
 4.9082039999999996  
 
 1.9632810000000001  
 
 4.9082039999999996  
 
 1.9632810000000001  
 
 4.9082039999999996  
 
 1.9632810000000001  
 
 4.9082039999999996  
 
 1.9632810000000001  
 
 4.9082039999999996  
 
 1.9632810000000001  
 
 4.9082039999999996  
 
 1.9632810000000001  
 
 4.9082039999999996  
 
 1.9632810000000001  
 
 4.9082039999999996  
 
 1.9632810000000001  
 
 4.9082039999999996  
 
 1.9632810000000001  
 
 4.9082039999999996  
 
 1.9632810000000001  
 
 4.9082039999999996  
 
 1.9632810000000001  
 
 4.9082039999999996  
 
 1.9632810000000001  
 
 4.9082039999999996  
 
 1.9632810000000001  
 
 4.9082039999999996  
 
 1.9632810000000001  
 
 4.9082039999999996  
 
 1.9632810000000001  
 
 4.9082039999999996  
 
 1.9632810000000001  
 
 4.9082039999999996  
 
 1.9632810000000001  
 
 4.9082039999999996  
 
 1.9632810000000001  
 
 4.9082039999999996  
 
 1.9632810000000001  
 
 4.9082039999999996  
 
 1.9632810000000001  
 
 4.9082039999999996  
 
 1.9632810000000001  
 
 4.9082039999999996  
 
 1.9632810000000001  
 
 4.9082039999999996  
 
 1.9632810000000001  
 
 4.9082039999999996  
 
 1.9632810000000001  
 
 4.9082039999999996  
 
 1.9632810000000001  
 
 4.9082039999999996  
 
 1.9632810000000001  
 
 4.9082039999999996  
 
 1.9632810000000001  
 
 4.9082039999999996  
 
 1.9632810000000001  
 
 4.9082039999999996  
 
 1.9632810000000001  
 
 4.9082039999999996  
 
 1.9632810000000001  
 