
 14 

 14 

 14 

 14 

 14 

 14 

 14 

 14 

 9 

 9 

 9 

 9 

 9 

 9 

 9 

 9 

 9 

 9 

 9 

 9 

 9 

 9 

 9 

 9 

 9 

 9 

 9 

 9 

 9 

 4 

 4 

 4 

 4 

 4 

 4 

 4 

 4 

 4 

 4 

 4 

 4 

 4 

 4 

 4 

 4 

 4 

 4 

 4 

 4 

 4 

 4 

 4 

 4 

 3 

 3 

 3 

 3 

 3 

 3 

 3 

 3 

 3 

 3 

 3 

 3 

 3 

 3 

 3 

 3 

 3 

 3 

 3 

 3 

 3 

 3 

 3 

 3 

 3 

 3 

 3 

 3 

 3 

 3 

 2 

 2 

 2 

 2 

 2 

 2 

 2 

 2 

 2 

 2 

 2 

 2 

 2 

 2 

 2 

 2 

 2 

 2 

 2 

 2 

 2 

 2 

 2 

 2 

 2 

 2 

 2 

 2 

 2 

 2 
