
 0.0001532200000000  
 
 0.0006352500000000  
 
 0.0025749800000000  
 
 0.0101288500000000  
 
 0.0358342100000000  
 
 0.1055262700000000  
 
 0.2382627700000000  
 
 0.3692566100000000  
 
 0.3051996000000000  
 
 0.0837251300000000  
 
 0.0036415400000000  
 
 0.0009574800000000  
 
 0.0000342200000000  
 
 0.0000258500000000  
 
 -0.0000364800000000  
 
 -0.0001512300000000  
 
 -0.0006154000000000  
 
 -0.0024255600000000  
 
 -0.0087468400000000  
 
 -0.0266069600000000  
 
 -0.0662412700000000  
 
 -0.1237732100000000  
 
 -0.1589950600000000  
 
 -0.0074844200000000  
 
 0.3921599100000000  
 
 0.5557603100000000  
 
 0.1854732100000000  
 
 -0.0001893500000000  
 
 0.0000456900000000  
 
 0.0001879200000000  
 
 0.0007783700000000  
 
 0.0029906700000000  
 
 0.0112283800000000  
 
 0.0329280400000000  
 
 0.0898475900000000  
 
 0.1584141200000000  
 
 0.2907131400000000  
 
 -0.2463624000000000  
 
 -1.2663232799999999  
 
 0.4626720500000000  
 
 0.8134397500000000  
 
 0.0102847200000000  
 
 -0.0000569200000000  
 
 -0.0002222100000000  
 
 -0.0010285000000000  
 
 -0.0033060000000000  
 
 -0.0158188600000000  
 
 -0.0343910200000000  
 
 -0.1466217400000000  
 
 -0.1326744800000000  
 
 -0.7335735300000000  
 
 1.7981533900000000  
 
 0.0880571900000000  
 
 -2.2864496600000002  
 
 1.6062079499999999  
 
 0.0904279800000000  
 
 0.0000681900000000  
 
 0.0002960600000000  
 
 0.0011021200000000  
 
 0.0049960600000000  
 
 0.0155423400000000  
 
 0.0627235400000000  
 
 0.1286724600000000  
 
 0.4396604800000000  
 
 0.4414735400000000  
 
 -3.4677881099999999  
 
 4.9807709700000000  
 
 -3.6701533300000002  
 
 0.9651447600000000  
 
 0.4390779000000000  
 
 -0.0000689400000000  
 
 -0.0004241300000000  
 
 -0.0005286200000000  
 
 -0.0095869200000000  
 
 0.0003659000000000  
 
 -0.1572976100000000  
 
 0.1188708100000000  
 
 -1.6724434399999999  
 
 3.5657339600000002  
 
 -2.4884778100000000  
 
 -0.3057063800000000  
 
 2.5299358600000001  
 
 -3.2414859800000002  
 
 1.8973774800000001  
 
 0.0001131600000000  
 
 0.0005276700000000  
 
 0.0016173400000000  
 
 0.0101195900000000  
 
 0.0213544300000000  
 
 0.1674098600000000  
 
 0.1542901500000000  
 
 1.8462442999999999  
 
 -5.9642604300000004  
 
 7.3003038000000000  
 
 -6.2050663200000002  
 
 5.0116319200000001  
 
 -3.3901084099999999  
 
 1.4354786300000000  
 
 -0.0002896800000000  
 
 -0.0005530800000000  
 
 -0.0080528500000000  
 
 0.0018726600000000  
 
 -0.1846760300000000  
 
 -0.0409373800000000  
 
 -2.7864434400000002  
 
 7.1086198800000000  
 
 -8.2507384699999999  
 
 5.9112721600000002  
 
 -3.3113631099999998  
 
 1.9172011600000001  
 
 -0.9510289300000000  
 
 0.3058597100000000  
 
 0.0016741400000000  
 
 0.0129102000000000  
 
 0.0582147700000000  
 
 0.1709033400000000  
 
 0.3146995800000000  
 
 0.3732192300000000  
 
 0.2661224600000000  
 
 0.0700572200000000  
 
 0.0006149800000000  
 
 0.0016741400000000  
 
 0.0129102000000000  
 
 0.0582147700000000  
 
 0.1709033400000000  
 
 0.3146995800000000  
 
 0.3732192300000000  
 
 0.2661224600000000  
 
 0.0700572200000000  
 
 0.0006149800000000  
 
 0.0016741400000000  
 
 0.0129102000000000  
 
 0.0582147700000000  
 
 0.1709033400000000  
 
 0.3146995800000000  
 
 0.3732192300000000  
 
 0.2661224600000000  
 
 0.0700572200000000  
 
 0.0006149800000000  
 
 -0.0021743000000000  
 
 -0.0175708500000000  
 
 -0.0788550900000000  
 
 -0.2753008700000000  
 
 -0.4672399900000000  
 
 0.0063071600000000  
 
 0.5907477100000000  
 
 0.3376195900000000  
 
 0.0065993700000000  
 
 -0.0021743000000000  
 
 -0.0175708500000000  
 
 -0.0788550900000000  
 
 -0.2753008700000000  
 
 -0.4672399900000000  
 
 0.0063071600000000  
 
 0.5907477100000000  
 
 0.3376195900000000  
 
 0.0065993700000000  
 
 -0.0021743000000000  
 
 -0.0175708500000000  
 
 -0.0788550900000000  
 
 -0.2753008700000000  
 
 -0.4672399900000000  
 
 0.0063071600000000  
 
 0.5907477100000000  
 
 0.3376195900000000  
 
 0.0065993700000000  
 
 0.0030737400000000  
 
 0.0295022500000000  
 
 0.1213470500000000  
 
 0.5650501300000000  
 
 0.1983112600000000  
 
 -1.1370460099999999  
 
 0.1660467600000000  
 
 0.6876885400000000  
 
 0.0218558000000000  
 
 0.0030737400000000  
 
 0.0295022500000000  
 
 0.1213470500000000  
 
 0.5650501300000000  
 
 0.1983112600000000  
 
 -1.1370460099999999  
 
 0.1660467600000000  
 
 0.6876885400000000  
 
 0.0218558000000000  
 
 0.0030737400000000  
 
 0.0295022500000000  
 
 0.1213470500000000  
 
 0.5650501300000000  
 
 0.1983112600000000  
 
 -1.1370460099999999  
 
 0.1660467600000000  
 
 0.6876885400000000  
 
 0.0218558000000000  
 
 -0.0062114200000000  
 
 -0.0462560800000000  
 
 -0.3175385800000000  
 
 -0.9000063100000000  
 
 1.6705861399999999  
 
 -0.5017728400000000  
 
 -0.9643090600000001  
 
 0.9438765500000000  
 
 0.0087473900000000  
 
 -0.0062114200000000  
 
 -0.0462560800000000  
 
 -0.3175385800000000  
 
 -0.9000063100000000  
 
 1.6705861399999999  
 
 -0.5017728400000000  
 
 -0.9643090600000001  
 
 0.9438765500000000  
 
 0.0087473900000000  
 
 -0.0062114200000000  
 
 -0.0462560800000000  
 
 -0.3175385800000000  
 
 -0.9000063100000000  
 
 1.6705861399999999  
 
 -0.5017728400000000  
 
 -0.9643090600000001  
 
 0.9438765500000000  
 
 0.0087473900000000  
 
 0.0138280500000000  
 
 0.0205433400000000  
 
 0.8393961200000000  
 
 -0.4580402900000000  
 
 -1.1995989100000000  
 
 2.6075916200000000  
 
 -2.6458720200000001  
 
 1.3460034800000000  
 
 -0.0230441900000000  
 
 0.0138280500000000  
 
 0.0205433400000000  
 
 0.8393961200000000  
 
 -0.4580402900000000  
 
 -1.1995989100000000  
 
 2.6075916200000000  
 
 -2.6458720200000001  
 
 1.3460034800000000  
 
 -0.0230441900000000  
 
 0.0138280500000000  
 
 0.0205433400000000  
 
 0.8393961200000000  
 
 -0.4580402900000000  
 
 -1.1995989100000000  
 
 2.6075916200000000  
 
 -2.6458720200000001  
 
 1.3460034800000000  
 
 -0.0230441900000000  
 
 -0.0198892600000000  
 
 -0.0665278700000000  
 
 -1.4534573300000000  
 
 2.9510383600000001  
 
 -3.4391584599999998  
 
 2.9813239100000000  
 
 -1.9140235800000001  
 
 0.6709374200000000  
 
 0.0956544200000000  
 
 -0.0198892600000000  
 
 -0.0665278700000000  
 
 -1.4534573300000000  
 
 2.9510383600000001  
 
 -3.4391584599999998  
 
 2.9813239100000000  
 
 -1.9140235800000001  
 
 0.6709374200000000  
 
 0.0956544200000000  
 
 -0.0198892600000000  
 
 -0.0665278700000000  
 
 -1.4534573300000000  
 
 2.9510383600000001  
 
 -3.4391584599999998  
 
 2.9813239100000000  
 
 -1.9140235800000001  
 
 0.6709374200000000  
 
 0.0956544200000000  
 
 0.0063036200000000  
 
 -0.4584667500000000  
 
 0.4091053100000000  
 
 -0.0130977100000000  
 
 -0.5339394500000000  
 
 1.2023502100000001  
 
 -1.9196280900000000  
 
 2.2832821399999998  
 
 -1.6567612300000001  
 
 0.0063036200000000  
 
 -0.4584667500000000  
 
 0.4091053100000000  
 
 -0.0130977100000000  
 
 -0.5339394500000000  
 
 1.2023502100000001  
 
 -1.9196280900000000  
 
 2.2832821399999998  
 
 -1.6567612300000001  
 
 0.0063036200000000  
 
 -0.4584667500000000  
 
 0.4091053100000000  
 
 -0.0130977100000000  
 
 -0.5339394500000000  
 
 1.2023502100000001  
 
 -1.9196280900000000  
 
 2.2832821399999998  
 
 -1.6567612300000001  
 
 0.1525493500000000  
 
 0.5515950300000000  
 
 0.4423419800000000  
 
 0.0451514300000000  
 
 0.1525493500000000  
 
 0.5515950300000000  
 
 0.4423419800000000  
 
 0.0451514300000000  
 
 0.1525493500000000  
 
 0.5515950300000000  
 
 0.4423419800000000  
 
 0.0451514300000000  
 
 0.1525493500000000  
 
 0.5515950300000000  
 
 0.4423419800000000  
 
 0.0451514300000000  
 
 0.1525493500000000  
 
 0.5515950300000000  
 
 0.4423419800000000  
 
 0.0451514300000000  
 
 0.1525493500000000  
 
 0.5515950300000000  
 
 0.4423419800000000  
 
 0.0451514300000000  
 
 -0.4982302000000000  
 
 -0.5184308800000000  
 
 0.8264978800000000  
 
 0.1757189500000000  
 
 -0.4982302000000000  
 
 -0.5184308800000000  
 
 0.8264978800000000  
 
 0.1757189500000000  
 
 -0.4982302000000000  
 
 -0.5184308800000000  
 
 0.8264978800000000  
 
 0.1757189500000000  
 
 -0.4982302000000000  
 
 -0.5184308800000000  
 
 0.8264978800000000  
 
 0.1757189500000000  
 
 -0.4982302000000000  
 
 -0.5184308800000000  
 
 0.8264978800000000  
 
 0.1757189500000000  
 
 -0.4982302000000000  
 
 -0.5184308800000000  
 
 0.8264978800000000  
 
 0.1757189500000000  
 
 1.0767207700000001  
 
 -1.0762082700000000  
 
 0.1405707900000000  
 
 0.5867136300000000  
 
 1.0767207700000001  
 
 -1.0762082700000000  
 
 0.1405707900000000  
 
 0.5867136300000000  
 
 1.0767207700000001  
 
 -1.0762082700000000  
 
 0.1405707900000000  
 
 0.5867136300000000  
 
 1.0767207700000001  
 
 -1.0762082700000000  
 
 0.1405707900000000  
 
 0.5867136300000000  
 
 1.0767207700000001  
 
 -1.0762082700000000  
 
 0.1405707900000000  
 
 0.5867136300000000  
 
 1.0767207700000001  
 
 -1.0762082700000000  
 
 0.1405707900000000  
 
 0.5867136300000000  
 
 -0.7113805800000000  
 
 1.3165190099999999  
 
 -1.6018579399999999  
 
 1.2488978799999999  
 
 -0.7113805800000000  
 
 1.3165190099999999  
 
 -1.6018579399999999  
 
 1.2488978799999999  
 
 -0.7113805800000000  
 
 1.3165190099999999  
 
 -1.6018579399999999  
 
 1.2488978799999999  
 
 -0.7113805800000000  
 
 1.3165190099999999  
 
 -1.6018579399999999  
 
 1.2488978799999999  
 
 -0.7113805800000000  
 
 1.3165190099999999  
 
 -1.6018579399999999  
 
 1.2488978799999999  
 
 -0.7113805800000000  
 
 1.3165190099999999  
 
 -1.6018579399999999  
 
 1.2488978799999999  
 
 0.3712845400000000  
 
 0.6010089199999999  
 
 0.1985129800000000  
 
 0.3712845400000000  
 
 0.6010089199999999  
 
 0.1985129800000000  
 
 0.3712845400000000  
 
 0.6010089199999999  
 
 0.1985129800000000  
 
 0.3712845400000000  
 
 0.6010089199999999  
 
 0.1985129800000000  
 
 0.3712845400000000  
 
 0.6010089199999999  
 
 0.1985129800000000  
 
 0.3712845400000000  
 
 0.6010089199999999  
 
 0.1985129800000000  
 
 0.3712845400000000  
 
 0.6010089199999999  
 
 0.1985129800000000  
 
 0.3712845400000000  
 
 0.6010089199999999  
 
 0.1985129800000000  
 
 0.3712845400000000  
 
 0.6010089199999999  
 
 0.1985129800000000  
 
 0.3712845400000000  
 
 0.6010089199999999  
 
 0.1985129800000000  
 
 -0.9648311500000000  
 
 0.4141780600000000  
 
 0.5595164900000000  
 
 -0.9648311500000000  
 
 0.4141780600000000  
 
 0.5595164900000000  
 
 -0.9648311500000000  
 
 0.4141780600000000  
 
 0.5595164900000000  
 
 -0.9648311500000000  
 
 0.4141780600000000  
 
 0.5595164900000000  
 
 -0.9648311500000000  
 
 0.4141780600000000  
 
 0.5595164900000000  
 
 -0.9648311500000000  
 
 0.4141780600000000  
 
 0.5595164900000000  
 
 -0.9648311500000000  
 
 0.4141780600000000  
 
 0.5595164900000000  
 
 -0.9648311500000000  
 
 0.4141780600000000  
 
 0.5595164900000000  
 
 -0.9648311500000000  
 
 0.4141780600000000  
 
 0.5595164900000000  
 
 -0.9648311500000000  
 
 0.4141780600000000  
 
 0.5595164900000000  
 
 0.9188103600000000  
 
 -1.5966480400000000  
 
 1.2491988300000001  
 
 0.9188103600000000  
 
 -1.5966480400000000  
 
 1.2491988300000001  
 
 0.9188103600000000  
 
 -1.5966480400000000  
 
 1.2491988300000001  
 
 0.9188103600000000  
 
 -1.5966480400000000  
 
 1.2491988300000001  
 
 0.9188103600000000  
 
 -1.5966480400000000  
 
 1.2491988300000001  
 
 0.9188103600000000  
 
 -1.5966480400000000  
 
 1.2491988300000001  
 
 0.9188103600000000  
 
 -1.5966480400000000  
 
 1.2491988300000001  
 
 0.9188103600000000  
 
 -1.5966480400000000  
 
 1.2491988300000001  
 
 0.9188103600000000  
 
 -1.5966480400000000  
 
 1.2491988300000001  
 
 0.9188103600000000  
 
 -1.5966480400000000  
 
 1.2491988300000001  
 
 0.3641523300000000  
 
 0.7459666900000000  
 
 0.3641523300000000  
 
 0.7459666900000000  
 
 0.3641523300000000  
 
 0.7459666900000000  
 
 0.3641523300000000  
 
 0.7459666900000000  
 
 0.3641523300000000  
 
 0.7459666900000000  
 
 0.3641523300000000  
 
 0.7459666900000000  
 
 0.3641523300000000  
 
 0.7459666900000000  
 
 0.3641523300000000  
 
 0.7459666900000000  
 
 0.3641523300000000  
 
 0.7459666900000000  
 
 0.3641523300000000  
 
 0.7459666900000000  
 
 0.3641523300000000  
 
 0.7459666900000000  
 
 0.3641523300000000  
 
 0.7459666900000000  
 
 0.3641523300000000  
 
 0.7459666900000000  
 
 0.3641523300000000  
 
 0.7459666900000000  
 
 0.3641523300000000  
 
 0.7459666900000000  
 
 -1.1638077400000000  
 
 0.9646704500000000  
 
 -1.1638077400000000  
 
 0.9646704500000000  
 
 -1.1638077400000000  
 
 0.9646704500000000  
 
 -1.1638077400000000  
 
 0.9646704500000000  
 
 -1.1638077400000000  
 
 0.9646704500000000  
 
 -1.1638077400000000  
 
 0.9646704500000000  
 
 -1.1638077400000000  
 
 0.9646704500000000  
 
 -1.1638077400000000  
 
 0.9646704500000000  
 
 -1.1638077400000000  
 
 0.9646704500000000  
 
 -1.1638077400000000  
 
 0.9646704500000000  
 
 -1.1638077400000000  
 
 0.9646704500000000  
 
 -1.1638077400000000  
 
 0.9646704500000000  
 
 -1.1638077400000000  
 
 0.9646704500000000  
 
 -1.1638077400000000  
 
 0.9646704500000000  
 
 -1.1638077400000000  
 
 0.9646704500000000  
 