S   6
1      4563.2400000    0.001966650249
2       682.0240000    0.015230601932
3       154.9730000    0.076126909656
4        44.4553000    0.260801033080
5        13.0290000    0.616462078191
6         1.8277300    0.221006028032
L   3                                                           
1        20.9642000    0.114660080729    0.040248692673
2         4.8033100    0.919999647749    0.237593956746
3         1.4593300   -0.003030682134    0.815853851473
L   1                                                           
1         0.4834560    1.000000000000    1.000000000000
L   1                                                           
1         0.1455850    1.000000000000    1.000000000000
L   1                                                           
1         0.0438000    1.000000000000    1.000000000000
D   1                                                           
1         0.6260000    1.000000000000                           
S   6
1      8588.5000000    0.001895150083
2      1297.2300000    0.014385900631
3       299.2960000    0.070732003103
4        87.3771000    0.240001010530
5        25.6789000    0.594797026097
6         3.7400400    0.280802012320
L   3                                                  
1        42.1175000    0.113889012440    0.036511397380
2         9.6283700    0.920811100576    0.237152982984
3         2.8533200   -0.003274470358    0.819701941186
L   1                                                  
1         0.9056610    1.000000000000    1.000000000000
L   1                                                  
1         0.2556110    1.000000000000    1.000000000000
L   1                                                  
1         0.0845000    1.000000000000    1.000000000000
D   1                                                  
1         1.2920000    1.000000000000                   


































