  0.3000000E-04 -0.1060000E-03 -0.0000000E+00 -0.0000000E+00  0.2200000E-04
  0.2690000E-03 -0.0000000E+00 -0.0000000E+00  0.8600000E-03 -0.4350000E-03
 -0.0000000E+00 -0.0000000E+00 -0.4050000E-03  0.2800000E-03 -0.0000000E+00
 -0.0000000E+00  0.2150000E-03 -0.1580000E-03 -0.1720000E-03  0.7820000E-03
 -0.0000000E+00 -0.0000000E+00 -0.0000000E+00  0.5518460E+00  0.4663610E+00
 -0.0000000E+00 -0.0000000E+00 -0.1727000E-02  0.2039300E-01 -0.0000000E+00
 -0.0000000E+00  0.1181000E-02  0.1230000E-02 -0.0000000E+00 -0.0000000E+00
 -0.3250000E-03 -0.5270000E-03 -0.0000000E+00 -0.0000000E+00 -0.2200000E-04
 -0.5978000E-02 -0.5791000E-02 -0.6004000E-02 -0.0000000E+00 -0.0000000E+00
 -0.0000000E+00
  0.5637690E+00  0.4601220E+00  0.0000000E+00  0.0000000E+00  0.6980000E-03
  0.2021600E-01  0.0000000E+00  0.0000000E+00  0.8800000E-04  0.1045600E-01
  0.0000000E+00  0.0000000E+00  0.1981000E-02  0.1110000E-02  0.0000000E+00
  0.0000000E+00  0.5180000E-03 -0.7858000E-02 -0.7515000E-02 -0.7256000E-02
  0.0000000E+00  0.0000000E+00  0.0000000E+00 -0.1950000E-03 -0.2570000E-03
  0.0000000E+00  0.0000000E+00 -0.2310000E-03  0.7050000E-03  0.0000000E+00
  0.0000000E+00 -0.5040000E-03 -0.6660000E-03  0.0000000E+00  0.0000000E+00
  0.1250000E-03 -0.6435000E-02  0.0000000E+00  0.0000000E+00  0.2634000E-02
 -0.5700000E-04 -0.7800000E-04  0.1900000E-04  0.0000000E+00  0.0000000E+00
  0.0000000E+00
 -0.6507200E-01 -0.9938400E-01 -0.0000000E+00 -0.0000000E+00  0.1111320E+00
  0.2479310E+00 -0.0000000E+00 -0.0000000E+00  0.1197210E+00  0.7739500E-01
 -0.0000000E+00 -0.0000000E+00  0.8661000E-02  0.2192500E-01 -0.0000000E+00
 -0.0000000E+00  0.1226800E-01 -0.2663400E-01 -0.1969000E-01  0.2112600E-01
 -0.0000000E+00 -0.0000000E+00 -0.0000000E+00 -0.1098750E+00 -0.1761980E+00
 -0.0000000E+00 -0.0000000E+00 -0.8712700E-01  0.5044340E+00 -0.0000000E+00
 -0.0000000E+00 -0.1274730E+00  0.3236320E+00 -0.0000000E+00 -0.0000000E+00
 -0.3674300E-01 -0.5899400E-01 -0.0000000E+00 -0.0000000E+00  0.1111600E-01
 -0.1583500E-01 -0.8329000E-02  0.2011100E-01 -0.0000000E+00 -0.0000000E+00
 -0.0000000E+00
  0.7153900E-01  0.1128820E+00 -0.0000000E+00 -0.0000000E+00 -0.6873500E-01
 -0.3300820E+00 -0.0000000E+00 -0.0000000E+00 -0.9469300E-01 -0.2681300E+00
 -0.0000000E+00 -0.0000000E+00 -0.3534900E-01 -0.6755000E-02 -0.0000000E+00
 -0.0000000E+00  0.5907000E-02  0.1521600E-01  0.4943000E-02 -0.7910000E-02
 -0.0000000E+00 -0.0000000E+00 -0.0000000E+00 -0.6319400E-01 -0.1043610E+00
 -0.0000000E+00 -0.0000000E+00  0.2326030E+00  0.3159620E+00 -0.0000000E+00
 -0.0000000E+00  0.3252910E+00  0.4351700E+00 -0.0000000E+00 -0.0000000E+00
  0.1855240E+00  0.9738600E-01 -0.0000000E+00 -0.0000000E+00 -0.2151000E-02
  0.3163000E-02  0.9091000E-02 -0.2562800E-01 -0.0000000E+00 -0.0000000E+00
 -0.0000000E+00
 -0.0000000E+00 -0.0000000E+00 -0.0000000E+00  0.1514600E+00 -0.0000000E+00
 -0.0000000E+00 -0.0000000E+00  0.2240460E+00 -0.0000000E+00 -0.0000000E+00
 -0.0000000E+00  0.1210090E+00 -0.0000000E+00 -0.0000000E+00 -0.0000000E+00
  0.7491000E-02 -0.0000000E+00 -0.0000000E+00 -0.0000000E+00 -0.0000000E+00
 -0.0000000E+00 -0.0000000E+00  0.5410000E-01 -0.0000000E+00 -0.0000000E+00
 -0.0000000E+00  0.2564290E+00 -0.0000000E+00 -0.0000000E+00 -0.0000000E+00
  0.3760360E+00 -0.0000000E+00 -0.0000000E+00 -0.0000000E+00  0.2944230E+00
 -0.0000000E+00 -0.0000000E+00 -0.0000000E+00  0.2184000E-01 -0.0000000E+00
 -0.0000000E+00 -0.0000000E+00 -0.0000000E+00 -0.0000000E+00 -0.0000000E+00
 -0.2667000E-01
 -0.0000000E+00 -0.0000000E+00  0.1490620E+00 -0.0000000E+00 -0.0000000E+00
 -0.0000000E+00  0.2168550E+00 -0.0000000E+00 -0.0000000E+00 -0.0000000E+00
  0.1211680E+00 -0.0000000E+00 -0.0000000E+00 -0.0000000E+00  0.9463000E-02
 -0.0000000E+00 -0.0000000E+00 -0.0000000E+00 -0.0000000E+00 -0.0000000E+00
 -0.0000000E+00  0.5451000E-01 -0.0000000E+00 -0.0000000E+00 -0.0000000E+00
  0.2552580E+00 -0.0000000E+00 -0.0000000E+00 -0.0000000E+00  0.3726900E+00
 -0.0000000E+00 -0.0000000E+00 -0.0000000E+00  0.2998470E+00 -0.0000000E+00
 -0.0000000E+00 -0.0000000E+00  0.2884900E-01 -0.0000000E+00 -0.0000000E+00
 -0.0000000E+00 -0.0000000E+00 -0.0000000E+00 -0.0000000E+00 -0.2718700E-01
 -0.0000000E+00
 -0.7369200E-01 -0.1154130E+00 -0.0000000E+00 -0.0000000E+00 -0.1951200E+00
  0.3078810E+00 -0.0000000E+00 -0.0000000E+00 -0.2381770E+00  0.5330420E+00
 -0.0000000E+00 -0.0000000E+00 -0.1717610E+00  0.1281910E+00 -0.0000000E+00
 -0.0000000E+00 -0.2226300E-01  0.8355000E-02  0.2676600E-01 -0.2295100E-01
 -0.0000000E+00 -0.0000000E+00 -0.0000000E+00  0.1088200E-01  0.1784300E-01
 -0.0000000E+00 -0.0000000E+00  0.1204270E+00 -0.6179100E-01 -0.0000000E+00
 -0.0000000E+00  0.1748880E+00 -0.4831200E-01 -0.0000000E+00 -0.0000000E+00
  0.1306970E+00  0.1795700E-01 -0.0000000E+00 -0.0000000E+00  0.2202300E-01
  0.5496000E-02  0.5159000E-02 -0.1443100E-01 -0.0000000E+00 -0.0000000E+00
 -0.0000000E+00
 -0.0000000E+00 -0.0000000E+00 -0.0000000E+00  0.2132680E+00 -0.0000000E+00
 -0.0000000E+00 -0.0000000E+00  0.3207340E+00 -0.0000000E+00 -0.0000000E+00
 -0.0000000E+00  0.5455710E+00 -0.0000000E+00 -0.0000000E+00 -0.0000000E+00
  0.4653700E+00 -0.0000000E+00 -0.0000000E+00 -0.0000000E+00 -0.0000000E+00
 -0.0000000E+00 -0.0000000E+00 -0.1773200E-01 -0.0000000E+00 -0.0000000E+00
 -0.0000000E+00 -0.1784080E+00 -0.0000000E+00 -0.0000000E+00 -0.0000000E+00
 -0.2652160E+00 -0.0000000E+00 -0.0000000E+00 -0.0000000E+00 -0.3188350E+00
 -0.0000000E+00 -0.0000000E+00 -0.0000000E+00 -0.3391210E+00 -0.0000000E+00
 -0.0000000E+00 -0.0000000E+00 -0.0000000E+00 -0.0000000E+00 -0.0000000E+00
 -0.1022400E-01
  0.0000000E+00  0.0000000E+00  0.1845490E+00  0.0000000E+00  0.0000000E+00
  0.0000000E+00  0.2720790E+00  0.0000000E+00  0.0000000E+00  0.0000000E+00
  0.4839910E+00  0.0000000E+00  0.0000000E+00  0.0000000E+00  0.6618550E+00
  0.0000000E+00  0.0000000E+00  0.0000000E+00  0.0000000E+00  0.0000000E+00
  0.0000000E+00 -0.1826600E-01  0.0000000E+00  0.0000000E+00  0.0000000E+00
 -0.1657020E+00  0.0000000E+00  0.0000000E+00  0.0000000E+00 -0.2475630E+00
  0.0000000E+00  0.0000000E+00  0.0000000E+00 -0.2833220E+00  0.0000000E+00
  0.0000000E+00  0.0000000E+00 -0.4010880E+00  0.0000000E+00  0.0000000E+00
  0.0000000E+00  0.0000000E+00  0.0000000E+00  0.0000000E+00 -0.8674000E-02
  0.0000000E+00
  0.2732300E-01  0.4267600E-01 -0.0000000E+00 -0.0000000E+00  0.6751700E-01
 -0.1774190E+00 -0.0000000E+00 -0.0000000E+00  0.5171000E-01  0.3603780E+00
 -0.0000000E+00 -0.0000000E+00  0.5395390E+00  0.2418666E+01 -0.0000000E+00
 -0.0000000E+00  0.6553240E+00 -0.6965000E-02 -0.1067600E-01 -0.1104000E-01
 -0.0000000E+00 -0.0000000E+00 -0.0000000E+00  0.1638400E-01  0.2664500E-01
 -0.0000000E+00 -0.0000000E+00 -0.3621700E-01 -0.1023010E+00 -0.0000000E+00
 -0.0000000E+00 -0.6295900E-01 -0.1575780E+00 -0.0000000E+00 -0.0000000E+00
  0.1895400E-01 -0.2106632E+01 -0.0000000E+00 -0.0000000E+00  0.5222830E+00
 -0.2894000E-02 -0.3983000E-02 -0.5010000E-03 -0.0000000E+00 -0.0000000E+00
 -0.0000000E+00
 -0.2639600E-01 -0.4484800E-01 -0.0000000E+00 -0.0000000E+00 -0.4222200E-01
  0.1157240E+00 -0.0000000E+00 -0.0000000E+00 -0.2056300E-01  0.4234260E+00
 -0.0000000E+00 -0.0000000E+00 -0.1643010E+00 -0.1325190E+00 -0.0000000E+00
 -0.0000000E+00  0.1343530E+01 -0.6220000E-03  0.5740000E-02 -0.2901400E-01
 -0.0000000E+00 -0.0000000E+00 -0.0000000E+00  0.1681500E-01  0.2737800E-01
 -0.0000000E+00 -0.0000000E+00  0.9618000E-02 -0.1050180E+00 -0.0000000E+00
 -0.0000000E+00  0.1232300E-01 -0.7141400E-01 -0.0000000E+00 -0.0000000E+00
  0.3568100E-01 -0.4929420E+00 -0.0000000E+00 -0.0000000E+00 -0.1697440E+00
 -0.1700000E-02 -0.2731000E-02 -0.4607000E-02 -0.0000000E+00 -0.0000000E+00
 -0.0000000E+00
 -0.0000000E+00 -0.0000000E+00 -0.0000000E+00 -0.1624440E+00 -0.0000000E+00
 -0.0000000E+00 -0.0000000E+00 -0.2159720E+00 -0.0000000E+00 -0.0000000E+00
 -0.0000000E+00 -0.5386460E+00 -0.0000000E+00 -0.0000000E+00 -0.0000000E+00
  0.1175490E+01 -0.0000000E+00 -0.0000000E+00 -0.0000000E+00 -0.0000000E+00
 -0.0000000E+00 -0.0000000E+00 -0.1509200E-01 -0.0000000E+00 -0.0000000E+00
 -0.0000000E+00  0.3800800E-01 -0.0000000E+00 -0.0000000E+00 -0.0000000E+00
  0.4352200E-01 -0.0000000E+00 -0.0000000E+00 -0.0000000E+00  0.1615340E+00
 -0.0000000E+00 -0.0000000E+00 -0.0000000E+00 -0.4362300E-01 -0.0000000E+00
 -0.0000000E+00 -0.0000000E+00 -0.0000000E+00 -0.0000000E+00 -0.0000000E+00
  0.1381800E-01
 -0.0000000E+00 -0.0000000E+00 -0.1891550E+00 -0.0000000E+00 -0.0000000E+00
 -0.0000000E+00 -0.2428480E+00 -0.0000000E+00 -0.0000000E+00 -0.0000000E+00
 -0.6543770E+00 -0.0000000E+00 -0.0000000E+00 -0.0000000E+00  0.1097996E+01
 -0.0000000E+00 -0.0000000E+00 -0.0000000E+00 -0.0000000E+00 -0.0000000E+00
 -0.0000000E+00 -0.1324500E-01 -0.0000000E+00 -0.0000000E+00 -0.0000000E+00
  0.6055200E-01 -0.0000000E+00 -0.0000000E+00 -0.0000000E+00  0.7579400E-01
 -0.0000000E+00 -0.0000000E+00 -0.0000000E+00  0.2070120E+00 -0.0000000E+00
 -0.0000000E+00 -0.0000000E+00  0.2510500E-01 -0.0000000E+00 -0.0000000E+00
 -0.0000000E+00 -0.0000000E+00 -0.0000000E+00 -0.0000000E+00  0.1550600E-01
 -0.0000000E+00
 -0.2266800E-01 -0.4719800E-01 -0.0000000E+00 -0.0000000E+00  0.9075000E-02
 -0.1002600E-01 -0.0000000E+00 -0.0000000E+00 -0.1549100E-01  0.2123756E+01
 -0.0000000E+00 -0.0000000E+00  0.1065920E+00  0.2706240E+00 -0.0000000E+00
 -0.0000000E+00 -0.5037420E+00 -0.6241700E-01 -0.6240600E-01 -0.3041300E-01
 -0.0000000E+00 -0.0000000E+00 -0.0000000E+00  0.6490000E-02  0.1217900E-01
 -0.0000000E+00 -0.0000000E+00 -0.5748900E-01 -0.3076600E-01 -0.0000000E+00
 -0.0000000E+00 -0.6386200E-01 -0.1595680E+00 -0.0000000E+00 -0.0000000E+00
 -0.2015150E+00 -0.1359307E+01 -0.0000000E+00 -0.0000000E+00  0.2280766E+01
 -0.6055000E-02 -0.7273000E-02  0.2941500E-01 -0.0000000E+00 -0.0000000E+00
 -0.0000000E+00
 -0.0000000E+00 -0.0000000E+00 -0.0000000E+00  0.1230700E-01 -0.0000000E+00
 -0.0000000E+00 -0.0000000E+00  0.8025700E-01 -0.0000000E+00 -0.0000000E+00
 -0.0000000E+00 -0.1974820E+00 -0.0000000E+00 -0.0000000E+00 -0.0000000E+00
 -0.1101294E+01 -0.0000000E+00 -0.0000000E+00 -0.0000000E+00 -0.0000000E+00
 -0.0000000E+00 -0.0000000E+00 -0.3235000E-02 -0.0000000E+00 -0.0000000E+00
 -0.0000000E+00 -0.1301880E+00 -0.0000000E+00 -0.0000000E+00 -0.0000000E+00
 -0.1409870E+00 -0.0000000E+00 -0.0000000E+00 -0.0000000E+00 -0.5159870E+00
 -0.0000000E+00 -0.0000000E+00 -0.0000000E+00  0.1987238E+01 -0.0000000E+00
 -0.0000000E+00 -0.0000000E+00 -0.0000000E+00 -0.0000000E+00 -0.0000000E+00
  0.1413500E-01
  0.0000000E+00  0.0000000E+00  0.1788000E-01  0.0000000E+00  0.0000000E+00
  0.0000000E+00  0.8764100E-01  0.0000000E+00  0.0000000E+00  0.0000000E+00
 -0.1735890E+00  0.0000000E+00  0.0000000E+00  0.0000000E+00 -0.1094341E+01
  0.0000000E+00  0.0000000E+00  0.0000000E+00  0.0000000E+00  0.0000000E+00
  0.0000000E+00 -0.3955000E-02  0.0000000E+00  0.0000000E+00  0.0000000E+00
 -0.1355600E+00  0.0000000E+00  0.0000000E+00  0.0000000E+00 -0.1449350E+00
  0.0000000E+00  0.0000000E+00  0.0000000E+00 -0.5428650E+00  0.0000000E+00
  0.0000000E+00  0.0000000E+00  0.1984186E+01  0.0000000E+00  0.0000000E+00
  0.0000000E+00  0.0000000E+00  0.0000000E+00  0.0000000E+00  0.1378400E-01
  0.0000000E+00
  0.1358500E-01  0.2751000E-01 -0.0000000E+00 -0.0000000E+00  0.4082800E-01
 -0.1214400E-01 -0.0000000E+00 -0.0000000E+00  0.8710200E-01 -0.2246773E+01
 -0.0000000E+00 -0.0000000E+00 -0.3896040E+00 -0.3128559E+01 -0.0000000E+00
 -0.0000000E+00 -0.1597073E+01  0.4445500E-01  0.4633400E-01 -0.4400000E-03
 -0.0000000E+00 -0.0000000E+00 -0.0000000E+00  0.4227800E-01  0.7687300E-01
 -0.0000000E+00 -0.0000000E+00 -0.3343200E-01 -0.1990650E+00 -0.0000000E+00
 -0.0000000E+00  0.1527500E-01 -0.1196899E+01 -0.0000000E+00 -0.0000000E+00
 -0.3822700E+00  0.6503059E+01 -0.0000000E+00 -0.0000000E+00 -0.9297560E+00
  0.2972300E-01  0.2744100E-01  0.1246800E-01 -0.0000000E+00 -0.0000000E+00
 -0.0000000E+00
  0.5317600E-01  0.8873600E-01 -0.0000000E+00 -0.0000000E+00 -0.4530000E-03
 -0.2647170E+00 -0.0000000E+00 -0.0000000E+00 -0.2240500E-01 -0.4849840E+01
 -0.0000000E+00 -0.0000000E+00 -0.3318968E+01 -0.1794180E+01 -0.0000000E+00
 -0.0000000E+00  0.2733650E+00 -0.6840000E-03 -0.2020900E-01 -0.3583000E-02
 -0.0000000E+00 -0.0000000E+00 -0.0000000E+00 -0.2387800E-01 -0.4484900E-01
 -0.0000000E+00 -0.0000000E+00 -0.1215840E+00  0.5388300E-01 -0.0000000E+00
 -0.0000000E+00 -0.1654660E+00  0.2073140E+01 -0.0000000E+00 -0.0000000E+00
 -0.1116482E+01  0.4868270E+01 -0.0000000E+00 -0.0000000E+00 -0.1676735E+01
 -0.2718400E-01 -0.2577700E-01 -0.8537000E-02 -0.0000000E+00 -0.0000000E+00
 -0.0000000E+00
  0.0000000E+00  0.0000000E+00  0.0000000E+00 -0.2569140E+00  0.0000000E+00
  0.0000000E+00  0.0000000E+00 -0.9095250E+00  0.0000000E+00  0.0000000E+00
  0.0000000E+00  0.1746830E+01  0.0000000E+00  0.0000000E+00  0.0000000E+00
 -0.5818710E+00  0.0000000E+00  0.0000000E+00  0.0000000E+00  0.0000000E+00
  0.0000000E+00  0.0000000E+00 -0.3874100E-01  0.0000000E+00  0.0000000E+00
  0.0000000E+00  0.2773400E-01  0.0000000E+00  0.0000000E+00  0.0000000E+00
  0.6875100E-01  0.0000000E+00  0.0000000E+00  0.0000000E+00 -0.1337520E+00
  0.0000000E+00  0.0000000E+00  0.0000000E+00 -0.2823550E+00  0.0000000E+00
  0.0000000E+00  0.0000000E+00  0.0000000E+00  0.0000000E+00  0.0000000E+00
  0.1980200E-01
 -0.0000000E+00 -0.0000000E+00 -0.2600830E+00 -0.0000000E+00 -0.0000000E+00
 -0.0000000E+00 -0.9230230E+00 -0.0000000E+00 -0.0000000E+00 -0.0000000E+00
  0.1730486E+01 -0.0000000E+00 -0.0000000E+00 -0.0000000E+00 -0.5621850E+00
 -0.0000000E+00 -0.0000000E+00 -0.0000000E+00 -0.0000000E+00 -0.0000000E+00
 -0.0000000E+00 -0.3921200E-01 -0.0000000E+00 -0.0000000E+00 -0.0000000E+00
  0.2975800E-01 -0.0000000E+00 -0.0000000E+00 -0.0000000E+00  0.7001700E-01
 -0.0000000E+00 -0.0000000E+00 -0.0000000E+00 -0.1224680E+00 -0.0000000E+00
 -0.0000000E+00 -0.0000000E+00 -0.2861770E+00 -0.0000000E+00 -0.0000000E+00
 -0.0000000E+00 -0.0000000E+00 -0.0000000E+00 -0.0000000E+00  0.2089200E-01
 -0.0000000E+00
  0.4152200E-01  0.3741500E-01  0.0000000E+00  0.0000000E+00  0.2646440E+00
 -0.7313430E+00  0.0000000E+00  0.0000000E+00  0.1016481E+01  0.5161551E+01
  0.0000000E+00  0.0000000E+00  0.6148090E+00  0.4188660E+00  0.0000000E+00
  0.0000000E+00  0.5068020E+00 -0.1247590E+00 -0.1172200E+00 -0.2148570E+00
  0.0000000E+00  0.0000000E+00  0.0000000E+00  0.2152000E-01  0.3827900E-01
  0.0000000E+00  0.0000000E+00  0.1093780E+00 -0.7035900E-01  0.0000000E+00
  0.0000000E+00  0.1577790E+00 -0.1312278E+01  0.0000000E+00  0.0000000E+00
  0.1184081E+01 -0.3297937E+01  0.0000000E+00  0.0000000E+00  0.1025114E+01
  0.2343000E-02 -0.3800000E-03  0.2693500E-01  0.0000000E+00  0.0000000E+00
  0.0000000E+00
  0.9682300E-01  0.1222160E+00  0.0000000E+00  0.0000000E+00 -0.1764560E+00
 -0.1943681E+01  0.0000000E+00  0.0000000E+00 -0.7345680E+00  0.4511083E+01
  0.0000000E+00  0.0000000E+00  0.1253368E+01  0.7710200E+00  0.0000000E+00
  0.0000000E+00  0.2223000E-02 -0.2885700E+00 -0.2976200E+00 -0.3021490E+00
  0.0000000E+00  0.0000000E+00  0.0000000E+00 -0.2621100E-01 -0.4327300E-01
  0.0000000E+00  0.0000000E+00 -0.4984800E-01  0.1273640E+00  0.0000000E+00
  0.0000000E+00 -0.5574800E-01  0.1968500E+00  0.0000000E+00  0.0000000E+00
 -0.1165579E+01 -0.3398333E+01  0.0000000E+00  0.0000000E+00  0.2014694E+01
  0.2808700E-01  0.3347000E-01 -0.4175400E-01  0.0000000E+00  0.0000000E+00
  0.0000000E+00
  0.0000000E+00  0.0000000E+00  0.0000000E+00  0.1163200E-01  0.0000000E+00
  0.0000000E+00  0.0000000E+00 -0.1659140E+00  0.0000000E+00  0.0000000E+00
  0.0000000E+00 -0.2100150E+00  0.0000000E+00  0.0000000E+00  0.0000000E+00
  0.5404340E+00  0.0000000E+00  0.0000000E+00  0.0000000E+00  0.0000000E+00
  0.0000000E+00  0.0000000E+00 -0.7388000E-01  0.0000000E+00  0.0000000E+00
  0.0000000E+00 -0.2558020E+00  0.0000000E+00  0.0000000E+00  0.0000000E+00
 -0.8323160E+00  0.0000000E+00  0.0000000E+00  0.0000000E+00  0.1939501E+01
  0.0000000E+00  0.0000000E+00  0.0000000E+00 -0.1249363E+01  0.0000000E+00
  0.0000000E+00  0.0000000E+00  0.0000000E+00  0.0000000E+00  0.0000000E+00
  0.2890400E-01
  0.4608600E-01  0.7982800E-01  0.0000000E+00  0.0000000E+00 -0.1781730E+00
 -0.2478590E+00  0.0000000E+00  0.0000000E+00  0.2651550E+00  0.5622470E+01
  0.0000000E+00  0.0000000E+00  0.2612610E+01  0.1057403E+01  0.0000000E+00
  0.0000000E+00  0.2565890E+00 -0.1580600E+00 -0.1965510E+00  0.3623780E+00
  0.0000000E+00  0.0000000E+00  0.0000000E+00 -0.1379200E-01 -0.1810800E-01
  0.0000000E+00  0.0000000E+00 -0.2786510E+00  0.3075000E+00  0.0000000E+00
  0.0000000E+00 -0.6582660E+00 -0.2767226E+01  0.0000000E+00  0.0000000E+00
  0.2822676E+01 -0.4159152E+01  0.0000000E+00  0.0000000E+00  0.6411420E+00
  0.5975500E-01  0.5649700E-01 -0.2425200E-01  0.0000000E+00  0.0000000E+00
  0.0000000E+00
  0.0000000E+00  0.0000000E+00  0.1342300E-01  0.0000000E+00  0.0000000E+00
  0.0000000E+00 -0.1635370E+00  0.0000000E+00  0.0000000E+00  0.0000000E+00
 -0.2153090E+00  0.0000000E+00  0.0000000E+00  0.0000000E+00  0.5352230E+00
  0.0000000E+00  0.0000000E+00  0.0000000E+00  0.0000000E+00  0.0000000E+00
  0.0000000E+00 -0.8311700E-01  0.0000000E+00  0.0000000E+00  0.0000000E+00
 -0.2563550E+00  0.0000000E+00  0.0000000E+00  0.0000000E+00 -0.8362790E+00
  0.0000000E+00  0.0000000E+00  0.0000000E+00  0.1938361E+01  0.0000000E+00
  0.0000000E+00  0.0000000E+00 -0.1237037E+01  0.0000000E+00  0.0000000E+00
  0.0000000E+00  0.0000000E+00  0.0000000E+00  0.0000000E+00  0.2966200E-01
  0.0000000E+00
 -0.0000000E+00 -0.0000000E+00 -0.0000000E+00 -0.0000000E+00 -0.0000000E+00
 -0.0000000E+00 -0.0000000E+00 -0.0000000E+00 -0.0000000E+00 -0.0000000E+00
 -0.0000000E+00 -0.0000000E+00 -0.0000000E+00 -0.0000000E+00 -0.0000000E+00
 -0.0000000E+00 -0.0000000E+00 -0.0000000E+00 -0.0000000E+00 -0.0000000E+00
  0.9842100E+00 -0.0000000E+00 -0.0000000E+00 -0.0000000E+00 -0.0000000E+00
 -0.0000000E+00 -0.0000000E+00 -0.0000000E+00 -0.0000000E+00 -0.0000000E+00
 -0.0000000E+00 -0.0000000E+00 -0.0000000E+00 -0.0000000E+00 -0.0000000E+00
 -0.0000000E+00 -0.0000000E+00 -0.0000000E+00 -0.0000000E+00 -0.0000000E+00
 -0.0000000E+00 -0.0000000E+00 -0.0000000E+00  0.9580400E-01 -0.0000000E+00
 -0.0000000E+00
  0.4582000E-02  0.8415000E-02  0.0000000E+00  0.0000000E+00 -0.6279000E-02
 -0.3623700E-01  0.0000000E+00  0.0000000E+00 -0.1919600E-01 -0.2086100E-01
  0.0000000E+00  0.0000000E+00 -0.2066100E-01  0.3561400E-01  0.0000000E+00
  0.0000000E+00  0.2462900E-01 -0.8390880E+00  0.8641110E+00 -0.1474700E-01
  0.0000000E+00  0.0000000E+00  0.0000000E+00  0.1286000E-02  0.1458000E-02
  0.0000000E+00  0.0000000E+00 -0.1167700E-01 -0.2313500E-01  0.0000000E+00
  0.0000000E+00 -0.3633100E-01  0.1121900E+00  0.0000000E+00  0.0000000E+00
  0.2406500E-01 -0.8060500E-01  0.0000000E+00  0.0000000E+00 -0.1274600E-01
 -0.8492400E-01  0.8099900E-01 -0.5984000E-02  0.0000000E+00  0.0000000E+00
  0.0000000E+00
  0.3103000E-02 -0.3510000E-03 -0.0000000E+00 -0.0000000E+00  0.2702900E-01
 -0.4104290E+00 -0.0000000E+00 -0.0000000E+00 -0.5068080E+00 -0.1279412E+01
 -0.0000000E+00 -0.0000000E+00 -0.1065536E+01  0.1218437E+01 -0.0000000E+00
 -0.0000000E+00  0.7714170E+00  0.6712300E-01  0.2382100E-01 -0.3183900E+00
 -0.0000000E+00 -0.0000000E+00 -0.0000000E+00  0.1014940E+00  0.1346570E+00
 -0.0000000E+00 -0.0000000E+00 -0.5359800E-01 -0.1605060E+01 -0.0000000E+00
 -0.0000000E+00 -0.3204230E+00  0.4960654E+01 -0.0000000E+00 -0.0000000E+00
 -0.5893620E+00 -0.2569125E+01 -0.0000000E+00 -0.0000000E+00 -0.6945200E-01
 -0.2044490E+00 -0.2110890E+00 -0.2055640E+00 -0.0000000E+00 -0.0000000E+00
 -0.0000000E+00
  0.0000000E+00  0.0000000E+00  0.0000000E+00 -0.3923700E-01  0.0000000E+00
  0.0000000E+00  0.0000000E+00 -0.4211000E-01  0.0000000E+00  0.0000000E+00
  0.0000000E+00  0.3101580E+00  0.0000000E+00  0.0000000E+00  0.0000000E+00
 -0.1087070E+00  0.0000000E+00  0.0000000E+00  0.0000000E+00  0.0000000E+00
  0.0000000E+00  0.0000000E+00  0.1037704E+01  0.0000000E+00  0.0000000E+00
  0.0000000E+00 -0.7576900E-01  0.0000000E+00  0.0000000E+00  0.0000000E+00
 -0.1681990E+00  0.0000000E+00  0.0000000E+00  0.0000000E+00 -0.4348850E+00
  0.0000000E+00  0.0000000E+00  0.0000000E+00  0.1256420E+00  0.0000000E+00
  0.0000000E+00  0.0000000E+00  0.0000000E+00  0.0000000E+00  0.0000000E+00
 -0.1383310E+00
  0.0000000E+00  0.0000000E+00 -0.4034700E-01  0.0000000E+00  0.0000000E+00
  0.0000000E+00 -0.4469400E-01  0.0000000E+00  0.0000000E+00  0.0000000E+00
  0.3068360E+00  0.0000000E+00  0.0000000E+00  0.0000000E+00 -0.1042270E+00
  0.0000000E+00  0.0000000E+00  0.0000000E+00  0.0000000E+00  0.0000000E+00
  0.0000000E+00  0.1036275E+01  0.0000000E+00  0.0000000E+00  0.0000000E+00
 -0.7852100E-01  0.0000000E+00  0.0000000E+00  0.0000000E+00 -0.1747140E+00
  0.0000000E+00  0.0000000E+00  0.0000000E+00 -0.4182220E+00  0.0000000E+00
  0.0000000E+00  0.0000000E+00  0.1162320E+00  0.0000000E+00  0.0000000E+00
  0.0000000E+00  0.0000000E+00  0.0000000E+00  0.0000000E+00 -0.1391180E+00
  0.0000000E+00
 -0.1998700E-01 -0.4779200E-01  0.0000000E+00  0.0000000E+00  0.4652340E+00
 -0.1691560E+00  0.0000000E+00  0.0000000E+00 -0.8477000E-02  0.2679076E+01
  0.0000000E+00  0.0000000E+00  0.1467982E+01  0.5484910E+00  0.0000000E+00
  0.0000000E+00 -0.6543600E-01 -0.7187270E+00 -0.6934790E+00  0.1258573E+01
  0.0000000E+00  0.0000000E+00  0.0000000E+00  0.3920600E-01  0.5596800E-01
  0.0000000E+00  0.0000000E+00  0.1501680E+00 -0.6347750E+00  0.0000000E+00
  0.0000000E+00  0.6826690E+00 -0.8992980E+00  0.0000000E+00  0.0000000E+00
  0.2556300E-01 -0.1896446E+01  0.0000000E+00  0.0000000E+00  0.7855510E+00
 -0.1255730E+00 -0.1288060E+00 -0.2578000E-02  0.0000000E+00  0.0000000E+00
  0.0000000E+00
  0.0000000E+00  0.0000000E+00  0.0000000E+00 -0.1281615E+01  0.0000000E+00
  0.0000000E+00  0.0000000E+00  0.1500368E+01  0.0000000E+00  0.0000000E+00
  0.0000000E+00 -0.8948890E+00  0.0000000E+00  0.0000000E+00  0.0000000E+00
  0.2034440E+00  0.0000000E+00  0.0000000E+00  0.0000000E+00  0.0000000E+00
  0.0000000E+00  0.0000000E+00 -0.1220010E+00  0.0000000E+00  0.0000000E+00
  0.0000000E+00 -0.1589800E-01  0.0000000E+00  0.0000000E+00  0.0000000E+00
 -0.5539400E-01  0.0000000E+00  0.0000000E+00  0.0000000E+00  0.3977200E-01
  0.0000000E+00  0.0000000E+00  0.0000000E+00  0.1412750E+00  0.0000000E+00
  0.0000000E+00  0.0000000E+00  0.0000000E+00  0.0000000E+00  0.0000000E+00
 -0.2023520E+00
 -0.0000000E+00 -0.0000000E+00 -0.1281387E+01 -0.0000000E+00 -0.0000000E+00
 -0.0000000E+00  0.1497091E+01 -0.0000000E+00 -0.0000000E+00 -0.0000000E+00
 -0.8895940E+00 -0.0000000E+00 -0.0000000E+00 -0.0000000E+00  0.2018540E+00
 -0.0000000E+00 -0.0000000E+00 -0.0000000E+00 -0.0000000E+00 -0.0000000E+00
 -0.0000000E+00 -0.1238000E+00 -0.0000000E+00 -0.0000000E+00 -0.0000000E+00
 -0.1619900E-01 -0.0000000E+00 -0.0000000E+00 -0.0000000E+00 -0.5529800E-01
 -0.0000000E+00 -0.0000000E+00 -0.0000000E+00  0.4050100E-01 -0.0000000E+00
 -0.0000000E+00 -0.0000000E+00  0.1399350E+00 -0.0000000E+00 -0.0000000E+00
 -0.0000000E+00 -0.0000000E+00 -0.0000000E+00 -0.0000000E+00 -0.2040960E+00
 -0.0000000E+00
 -0.1127000E-02 -0.2368000E-02 -0.0000000E+00 -0.0000000E+00  0.9335000E-02
  0.1953100E-01 -0.0000000E+00 -0.0000000E+00  0.9354000E-02  0.3217200E-01
 -0.0000000E+00 -0.0000000E+00  0.1830100E-01  0.2807000E-02 -0.0000000E+00
 -0.0000000E+00 -0.5920000E-03  0.1800020E+00 -0.1887070E+00  0.8950000E-02
 -0.0000000E+00 -0.0000000E+00 -0.0000000E+00  0.1586000E-02  0.3164000E-02
 -0.0000000E+00 -0.0000000E+00  0.3085000E-02 -0.1050400E-01 -0.0000000E+00
 -0.0000000E+00  0.2209000E-02 -0.3891300E-01 -0.0000000E+00 -0.0000000E+00
  0.2457300E-01 -0.1394900E-01 -0.0000000E+00 -0.0000000E+00  0.1614000E-02
 -0.8576930E+00  0.8782990E+00 -0.1257100E-01 -0.0000000E+00 -0.0000000E+00
 -0.0000000E+00
 -0.0000000E+00 -0.0000000E+00 -0.0000000E+00 -0.0000000E+00 -0.0000000E+00
 -0.0000000E+00 -0.0000000E+00 -0.0000000E+00 -0.0000000E+00 -0.0000000E+00
 -0.0000000E+00 -0.0000000E+00 -0.0000000E+00 -0.0000000E+00 -0.0000000E+00
 -0.0000000E+00 -0.0000000E+00 -0.0000000E+00 -0.0000000E+00 -0.0000000E+00
 -0.2128940E+00 -0.0000000E+00 -0.0000000E+00 -0.0000000E+00 -0.0000000E+00
 -0.0000000E+00 -0.0000000E+00 -0.0000000E+00 -0.0000000E+00 -0.0000000E+00
 -0.0000000E+00 -0.0000000E+00 -0.0000000E+00 -0.0000000E+00 -0.0000000E+00
 -0.0000000E+00 -0.0000000E+00 -0.0000000E+00 -0.0000000E+00 -0.0000000E+00
 -0.0000000E+00 -0.0000000E+00 -0.0000000E+00  0.1002404E+01 -0.0000000E+00
 -0.0000000E+00
 -0.1398560E+00 -0.4690650E+00 -0.0000000E+00 -0.0000000E+00 -0.8581610E+00
  0.1378389E+01 -0.0000000E+00 -0.0000000E+00  0.1308877E+01  0.3511427E+01
 -0.0000000E+00 -0.0000000E+00  0.3328210E+00  0.1438810E+00 -0.0000000E+00
 -0.0000000E+00  0.2139440E+00 -0.1326589E+01 -0.1319355E+01 -0.6890550E+00
 -0.0000000E+00 -0.0000000E+00 -0.0000000E+00  0.1131700E-01  0.1360200E-01
 -0.0000000E+00 -0.0000000E+00  0.1310600E-01 -0.2092620E+00 -0.0000000E+00
 -0.0000000E+00  0.2748630E+00 -0.7168720E+00 -0.0000000E+00 -0.0000000E+00
  0.3247560E+00 -0.1735634E+01 -0.0000000E+00 -0.0000000E+00  0.6941680E+00
 -0.5726000E-01 -0.5187100E-01 -0.1522700E-01 -0.0000000E+00 -0.0000000E+00
 -0.0000000E+00
  0.1012690E+00  0.4100030E+00  0.0000000E+00  0.0000000E+00 -0.1025404E+01
 -0.6303780E+00  0.0000000E+00  0.0000000E+00  0.2785744E+01 -0.1488498E+01
  0.0000000E+00  0.0000000E+00 -0.4480560E+00 -0.4806160E+00  0.0000000E+00
  0.0000000E+00 -0.6801900E-01  0.8587800E+00  0.8574740E+00  0.2525638E+01
  0.0000000E+00  0.0000000E+00  0.0000000E+00  0.1965900E-01  0.9769000E-02
  0.0000000E+00  0.0000000E+00  0.3858900E-01 -0.5420970E+00  0.0000000E+00
  0.0000000E+00  0.1113726E+01 -0.1836878E+01  0.0000000E+00  0.0000000E+00
  0.1027523E+01  0.1677075E+01  0.0000000E+00  0.0000000E+00 -0.7536700E+00
 -0.2480200E-01 -0.1927100E-01 -0.4511960E+00  0.0000000E+00  0.0000000E+00
  0.0000000E+00
  0.0000000E+00  0.0000000E+00  0.0000000E+00 -0.3468410E+00  0.0000000E+00
  0.0000000E+00  0.0000000E+00  0.7489690E+00  0.0000000E+00  0.0000000E+00
  0.0000000E+00 -0.1397410E+00  0.0000000E+00  0.0000000E+00  0.0000000E+00
 -0.3058200E-01  0.0000000E+00  0.0000000E+00  0.0000000E+00  0.0000000E+00
  0.0000000E+00  0.0000000E+00  0.6301910E+00  0.0000000E+00  0.0000000E+00
  0.0000000E+00 -0.3640000E-01  0.0000000E+00  0.0000000E+00  0.0000000E+00
 -0.6211000E-02  0.0000000E+00  0.0000000E+00  0.0000000E+00 -0.5078930E+00
  0.0000000E+00  0.0000000E+00  0.0000000E+00  0.2152770E+00  0.0000000E+00
  0.0000000E+00  0.0000000E+00  0.0000000E+00  0.0000000E+00  0.0000000E+00
  0.1100522E+01
  0.0000000E+00  0.0000000E+00 -0.3488190E+00  0.0000000E+00  0.0000000E+00
  0.0000000E+00  0.7515580E+00  0.0000000E+00  0.0000000E+00  0.0000000E+00
 -0.1405950E+00  0.0000000E+00  0.0000000E+00  0.0000000E+00 -0.3039600E-01
  0.0000000E+00  0.0000000E+00  0.0000000E+00  0.0000000E+00  0.0000000E+00
  0.0000000E+00  0.6307960E+00  0.0000000E+00  0.0000000E+00  0.0000000E+00
 -0.3748700E-01  0.0000000E+00  0.0000000E+00  0.0000000E+00 -0.5611000E-02
  0.0000000E+00  0.0000000E+00  0.0000000E+00 -0.5076490E+00  0.0000000E+00
  0.0000000E+00  0.0000000E+00  0.2152500E+00  0.0000000E+00  0.0000000E+00
  0.0000000E+00  0.0000000E+00  0.0000000E+00  0.0000000E+00  0.1100006E+01
  0.0000000E+00
  0.4672800E-01  0.1071780E+00  0.0000000E+00  0.0000000E+00 -0.1065690E+00
 -0.1145415E+01  0.0000000E+00  0.0000000E+00 -0.1308423E+01 -0.2150174E+01
  0.0000000E+00  0.0000000E+00 -0.9596790E+00 -0.1079780E+00  0.0000000E+00
  0.0000000E+00 -0.2234800E-01  0.2944890E+00  0.2896240E+00 -0.7958010E+00
  0.0000000E+00  0.0000000E+00  0.0000000E+00 -0.1362400E-01 -0.3349800E-01
  0.0000000E+00  0.0000000E+00 -0.3327560E+00  0.3943800E-01  0.0000000E+00
  0.0000000E+00 -0.1380460E+00  0.2696018E+01  0.0000000E+00  0.0000000E+00
 -0.1778445E+01  0.8207300E+00  0.0000000E+00  0.0000000E+00 -0.3350800E-01
 -0.6573330E+00 -0.6349010E+00  0.1208584E+01  0.0000000E+00  0.0000000E+00
  0.0000000E+00
 -0.0000000E+00 -0.0000000E+00 -0.0000000E+00  0.2735300E-01 -0.0000000E+00
 -0.0000000E+00 -0.0000000E+00 -0.8066700E-01 -0.0000000E+00 -0.0000000E+00
 -0.0000000E+00  0.1255380E+00 -0.0000000E+00 -0.0000000E+00 -0.0000000E+00
 -0.2019820E+00 -0.0000000E+00 -0.0000000E+00 -0.0000000E+00 -0.0000000E+00
 -0.0000000E+00 -0.0000000E+00 -0.1295290E+00 -0.0000000E+00 -0.0000000E+00
 -0.0000000E+00 -0.1278976E+01 -0.0000000E+00 -0.0000000E+00 -0.0000000E+00
  0.1576129E+01 -0.0000000E+00 -0.0000000E+00 -0.0000000E+00 -0.9116130E+00
 -0.0000000E+00 -0.0000000E+00 -0.0000000E+00  0.4425810E+00 -0.0000000E+00
 -0.0000000E+00 -0.0000000E+00 -0.0000000E+00 -0.0000000E+00 -0.0000000E+00
 -0.5860300E-01
 -0.0000000E+00 -0.0000000E+00  0.2776200E-01 -0.0000000E+00 -0.0000000E+00
 -0.0000000E+00 -0.8193900E-01 -0.0000000E+00 -0.0000000E+00 -0.0000000E+00
  0.1255240E+00 -0.0000000E+00 -0.0000000E+00 -0.0000000E+00 -0.2011640E+00
 -0.0000000E+00 -0.0000000E+00 -0.0000000E+00 -0.0000000E+00 -0.0000000E+00
 -0.0000000E+00 -0.1305120E+00 -0.0000000E+00 -0.0000000E+00 -0.0000000E+00
 -0.1279135E+01 -0.0000000E+00 -0.0000000E+00 -0.0000000E+00  0.1575359E+01
 -0.0000000E+00 -0.0000000E+00 -0.0000000E+00 -0.9086800E+00 -0.0000000E+00
 -0.0000000E+00 -0.0000000E+00  0.4406700E+00 -0.0000000E+00 -0.0000000E+00
 -0.0000000E+00 -0.0000000E+00 -0.0000000E+00 -0.0000000E+00 -0.5928800E-01
 -0.0000000E+00
  0.2186300E-01  0.3240400E-01  0.0000000E+00  0.0000000E+00 -0.3532800E-01
 -0.5985860E+00  0.0000000E+00  0.0000000E+00 -0.1180496E+01 -0.6864900E-01
  0.0000000E+00  0.0000000E+00 -0.1135960E+00  0.5367210E+00  0.0000000E+00
  0.0000000E+00  0.2896750E+00  0.1309350E+00  0.1304560E+00 -0.9038990E+00
  0.0000000E+00  0.0000000E+00  0.0000000E+00 -0.8445200E-01 -0.2846840E+00
  0.0000000E+00  0.0000000E+00  0.1172599E+01  0.1147102E+01  0.0000000E+00
  0.0000000E+00 -0.2036647E+01  0.2176615E+01  0.0000000E+00  0.0000000E+00
  0.1466520E+00 -0.1317333E+01  0.0000000E+00  0.0000000E+00 -0.1551400E-01
 -0.8036970E+00 -0.8005900E+00 -0.6708800E-01  0.0000000E+00  0.0000000E+00
  0.0000000E+00
 -0.3048600E-01 -0.4660900E-01 -0.0000000E+00 -0.0000000E+00  0.3609100E-01
  0.4324360E+00 -0.0000000E+00 -0.0000000E+00  0.1154783E+01 -0.5574600E-01
 -0.0000000E+00 -0.0000000E+00 -0.1900840E+00  0.2201800E+00 -0.0000000E+00
 -0.0000000E+00  0.1549110E+00 -0.1899100E+00 -0.1900450E+00  0.9806890E+00
 -0.0000000E+00 -0.0000000E+00 -0.0000000E+00 -0.1692200E+00 -0.6295320E+00
 -0.0000000E+00 -0.0000000E+00 -0.5900020E+00  0.2069500E+01 -0.0000000E+00
 -0.0000000E+00  0.1407551E+01  0.7590300E+00 -0.0000000E+00 -0.0000000E+00
 -0.3920300E-01 -0.5199290E+00 -0.0000000E+00 -0.0000000E+00  0.9660000E-03
 -0.1359055E+01 -0.1357727E+01 -0.1977282E+01 -0.0000000E+00 -0.0000000E+00
 -0.0000000E+00
 -0.2112201E+01  0.2572277E+01  0.0000000E+00  0.0000000E+00 -0.3521400E-01
 -0.1099219E+01  0.0000000E+00  0.0000000E+00  0.5223200E-01 -0.1173476E+01
  0.0000000E+00  0.0000000E+00 -0.2167610E+00 -0.1279150E+00  0.0000000E+00
  0.0000000E+00 -0.5682200E-01  0.6514760E+00  0.6515870E+00  0.6307000E+00
  0.0000000E+00  0.0000000E+00  0.0000000E+00  0.9087000E-02  0.2942000E-02
  0.0000000E+00  0.0000000E+00  0.3191900E-01 -0.8182800E-01  0.0000000E+00
  0.0000000E+00 -0.2904600E-01  0.1887500E-01  0.0000000E+00  0.0000000E+00
  0.2914600E-01  0.7299280E+00  0.0000000E+00  0.0000000E+00 -0.3046810E+00
  0.5106000E-02  0.5107000E-02  0.9125800E-01  0.0000000E+00  0.0000000E+00
  0.0000000E+00
 -0.1565200E-01  0.2865500E-01 -0.0000000E+00 -0.0000000E+00 -0.3119000E-02
 -0.3995600E-01 -0.0000000E+00 -0.0000000E+00 -0.1429400E+00  0.5702500E-01
 -0.0000000E+00 -0.0000000E+00  0.7819000E-01 -0.1105260E+00 -0.0000000E+00
 -0.0000000E+00 -0.7164300E-01  0.3100700E-01  0.3100200E-01 -0.1285200E+00
 -0.0000000E+00 -0.0000000E+00 -0.0000000E+00 -0.2323085E+01  0.2720605E+01
 -0.0000000E+00 -0.0000000E+00  0.3086600E-01 -0.1082067E+01 -0.0000000E+00
 -0.0000000E+00 -0.1336760E+00 -0.4482870E+00 -0.0000000E+00 -0.0000000E+00
  0.1846800E-01  0.2536590E+00 -0.0000000E+00 -0.0000000E+00  0.4512000E-02
  0.5734990E+00  0.5735490E+00  0.6353390E+00 -0.0000000E+00 -0.0000000E+00
 -0.0000000E+00
