4563.2399999999997817
682.0240000000000009
154.9730000000000132
44.4553000000000011
13.0289999999999999
1.8277300000000001
20.9642000000000017
4.8033099999999997
1.4593300000000000
20.9642000000000017
4.8033099999999997
1.4593300000000000
20.9642000000000017
4.8033099999999997
1.4593300000000000
20.9642000000000017
4.8033099999999997
1.4593300000000000
0.4834560000000000
0.4834560000000000
0.4834560000000000
0.4834560000000000
0.1455850000000000
0.1455850000000000
0.1455850000000000
0.1455850000000000
0.0438000000000000
0.0438000000000000
0.0438000000000000
0.0438000000000000
0.6260000000000000
0.6260000000000000
0.6260000000000000
0.6260000000000000
0.6260000000000000
0.6260000000000000
8588.5000000000000000
1297.2300000000000182
299.2959999999999923
87.3770999999999987
25.6788999999999987
3.7400400000000000
42.1174999999999997
9.6283700000000003
2.8533200000000001
42.1174999999999997
9.6283700000000003
2.8533200000000001
42.1174999999999997
9.6283700000000003
2.8533200000000001
42.1174999999999997
9.6283700000000003
2.8533200000000001
0.9056610000000000
0.9056610000000000
0.9056610000000000
0.9056610000000000
0.2556110000000000
0.2556110000000000
0.2556110000000000
0.2556110000000000
0.0845000000000000
0.0845000000000000
0.0845000000000000
0.0845000000000000
1.2920000000000000
1.2920000000000000
1.2920000000000000
1.2920000000000000
1.2920000000000000
1.2920000000000000
