0.0019666502490000
0.0152306019320000
0.0761269096560000
0.2608010330800000
0.6164620781910000
0.2210060280320000
0.1146600807290000
0.9199996477490000
-0.0030306821340000
0.0402486926730000
0.2375939567460000
0.8158538514730000
0.0402486926730000
0.2375939567460000
0.8158538514730000
0.0402486926730000
0.2375939567460000
0.8158538514730000
1.0000000000000000
1.0000000000000000
1.0000000000000000
1.0000000000000000
1.0000000000000000
1.0000000000000000
1.0000000000000000
1.0000000000000000
1.0000000000000000
1.0000000000000000
1.0000000000000000
1.0000000000000000
1.0000000000000000
1.0000000000000000
1.0000000000000000
1.0000000000000000
1.0000000000000000
1.0000000000000000
0.0018951500830000
0.0143859006310000
0.0707320031030000
0.2400010105300000
0.5947970260970000
0.2808020123200000
0.1138890124400000
0.9208111005760000
-0.0032744703580000
0.0365113973800000
0.2371529829840000
0.8197019411860000
0.0365113973800000
0.2371529829840000
0.8197019411860000
0.0365113973800000
0.2371529829840000
0.8197019411860000
1.0000000000000000
1.0000000000000000
1.0000000000000000
1.0000000000000000
1.0000000000000000
1.0000000000000000
1.0000000000000000
1.0000000000000000
1.0000000000000000
1.0000000000000000
1.0000000000000000
1.0000000000000000
1.0000000000000000
1.0000000000000000
1.0000000000000000
1.0000000000000000
1.0000000000000000
1.0000000000000000
