 3.26317573E-05  6.47805717E-06  1.38583791E-04  3.60811132E-04  1.22714976E-03
 3.95360492E-03  1.22229971E-02  3.75140070E-02  1.00183678E-01  2.33434580E-01
 3.71476646E-01  3.39719507E-01  7.75851594E-02 -1.87782993E-03  8.72444863E-04
-2.41075702E-04 -0.00000000E+00 -0.00000000E+00 -0.00000000E+00 -0.00000000E+00
-0.00000000E+00 -0.00000000E+00 -1.66531506E-03 -1.66531506E-03 -1.66531506E-03
-0.00000000E+00 -0.00000000E+00 -0.00000000E+00 
-7.85444231E-07 -1.55302091E-06 -1.22064391E-06 -2.22935915E-05 -1.56285634E-05
-2.17794181E-04 -1.66997636E-04 -2.42098258E-03  7.06789681E-03 -2.14392858E-02
-4.02054878E-02  4.62472229E-02 -2.08295082E-01  4.83623549E-01 -1.48909560E+00
 2.02419858E+00 -0.00000000E+00 -0.00000000E+00 -0.00000000E+00 -0.00000000E+00
-0.00000000E+00 -0.00000000E+00  6.01726431E-03  6.01726431E-03  6.01726431E-03
-0.00000000E+00 -0.00000000E+00 -0.00000000E+00 
-3.82100685E-06  3.30892854E-06 -2.23873999E-05 -2.64495428E-06 -1.84337758E-04
-1.07220897E-04 -1.81153867E-03 -5.23394533E-05 -3.98045224E-02  1.60804134E-02
 3.77406105E-02 -2.49827531E-01  4.78328475E-01 -1.81043791E+00  4.33763680E+00
-2.53374437E+00  0.00000000E+00  0.00000000E+00  0.00000000E+00  0.00000000E+00
 0.00000000E+00  0.00000000E+00 -1.71906495E-02 -1.71906495E-02 -1.71906495E-02
 0.00000000E+00  0.00000000E+00  0.00000000E+00 
-2.95956561E-06 -1.25958456E-05  5.61103793E-06 -1.49687479E-04  8.28197515E-06
-1.41191409E-03 -1.40282882E-05 -1.64009475E-02  7.23166940E-02 -1.55207064E-01
-3.05784341E-01  4.92790101E-01 -2.12787346E+00  5.11408699E+00 -4.75775588E+00
 1.86038968E+00  0.00000000E+00  0.00000000E+00  0.00000000E+00  0.00000000E+00
 0.00000000E+00  0.00000000E+00  5.14429287E-02  5.14429287E-02  5.14429287E-02
 0.00000000E+00  0.00000000E+00  0.00000000E+00 
-2.21846206E-05  3.48401076E-05 -1.53646640E-04  1.36821463E-04 -1.22614173E-03
 7.43856573E-04 -1.19527093E-02  1.62916395E-02 -3.36995566E-01  2.53468477E-01
 5.93903039E-01 -2.70751665E+00  5.57011186E+00 -5.15973470E+00  3.14936816E+00
-1.09049578E+00 -0.00000000E+00 -0.00000000E+00 -0.00000000E+00 -0.00000000E+00
-0.00000000E+00 -0.00000000E+00 -1.66298139E-01 -1.66298139E-01 -1.66298139E-01
-0.00000000E+00 -0.00000000E+00 -0.00000000E+00 
 0.00000000E+00  0.00000000E+00  0.00000000E+00  0.00000000E+00  0.00000000E+00
 0.00000000E+00  0.00000000E+00  0.00000000E+00  0.00000000E+00  0.00000000E+00
 0.00000000E+00  0.00000000E+00  0.00000000E+00  0.00000000E+00  0.00000000E+00
 0.00000000E+00 -2.19689036E-02 -3.51408725E-02 -1.76110562E-02  4.99292651E-01
 7.98655214E-01  4.00250787E-01  0.00000000E+00  0.00000000E+00  0.00000000E+00
 0.00000000E+00  0.00000000E+00  0.00000000E+00 
-0.00000000E+00 -0.00000000E+00 -0.00000000E+00 -0.00000000E+00 -0.00000000E+00
-0.00000000E+00 -0.00000000E+00 -0.00000000E+00 -0.00000000E+00 -0.00000000E+00
-0.00000000E+00 -0.00000000E+00 -0.00000000E+00 -0.00000000E+00 -0.00000000E+00
-0.00000000E+00 -1.03701252E-02  2.46419171E-02 -3.62339532E-02  2.35684375E-01
-5.60042885E-01  8.23497928E-01 -0.00000000E+00 -0.00000000E+00 -0.00000000E+00
-0.00000000E+00 -0.00000000E+00 -0.00000000E+00 
 0.00000000E+00  0.00000000E+00  0.00000000E+00  0.00000000E+00  0.00000000E+00
 0.00000000E+00  0.00000000E+00  0.00000000E+00  0.00000000E+00  0.00000000E+00
 0.00000000E+00  0.00000000E+00  0.00000000E+00  0.00000000E+00  0.00000000E+00
 0.00000000E+00 -3.79142549E-02  1.36219655E-02  2.01150261E-02  8.61686555E-01
-3.09589746E-01 -4.57159125E-01  0.00000000E+00  0.00000000E+00  0.00000000E+00
 0.00000000E+00  0.00000000E+00  0.00000000E+00 
 9.64874154E-06 -1.27269298E-04  2.36566915E-04 -1.15165298E-03  1.64899153E-03
-1.01583315E-02  1.53062757E-02 -1.28154615E-01  9.01158740E-01 -1.31664367E+00
-3.40396377E+00  5.87072319E+00 -5.05112097E+00  3.18929921E+00 -1.75181349E+00
 6.00288865E-01  0.00000000E+00  0.00000000E+00  0.00000000E+00  0.00000000E+00
 0.00000000E+00  0.00000000E+00  5.54640210E-01  5.54640210E-01  5.54640210E-01
 0.00000000E+00  0.00000000E+00  0.00000000E+00 
-1.38834941E-04  3.70472100E-04 -1.19268000E-03  2.34168257E-03 -9.20876646E-03
 1.79998649E-02 -8.93627327E-02  2.63526100E-01 -3.23927732E+00  2.76344464E+00
 6.06424004E+00 -4.90185834E+00  3.05040100E+00 -1.76754181E+00  9.67157268E-01
-3.34174626E-01  0.00000000E+00  0.00000000E+00  0.00000000E+00  0.00000000E+00
 0.00000000E+00  0.00000000E+00 -1.77217152E+00 -1.77217152E+00 -1.77217152E+00
 0.00000000E+00  0.00000000E+00  0.00000000E+00 
-0.00000000E+00 -0.00000000E+00 -0.00000000E+00 -0.00000000E+00 -0.00000000E+00
-0.00000000E+00 -0.00000000E+00 -0.00000000E+00 -0.00000000E+00 -0.00000000E+00
-0.00000000E+00 -0.00000000E+00 -0.00000000E+00 -0.00000000E+00 -0.00000000E+00
-0.00000000E+00  2.96281805E-01  1.08977065E+00  3.53582890E-01 -1.49192172E-01
-5.48752058E-01 -1.78046030E-01 -0.00000000E+00 -0.00000000E+00 -0.00000000E+00
-0.00000000E+00 -0.00000000E+00 -0.00000000E+00                                 
 0.00000000E+00  0.00000000E+00  0.00000000E+00  0.00000000E+00  0.00000000E+00
 0.00000000E+00  0.00000000E+00  0.00000000E+00  0.00000000E+00  0.00000000E+00
 0.00000000E+00  0.00000000E+00  0.00000000E+00  0.00000000E+00  0.00000000E+00
 0.00000000E+00  1.14568978E+00 -2.83087036E-01 -8.75242913E-02 -5.76910035E-01
 1.42547969E-01  4.40726999E-02  0.00000000E+00  0.00000000E+00  0.00000000E+00
 0.00000000E+00  0.00000000E+00  0.00000000E+00 
-0.00000000E+00 -0.00000000E+00 -0.00000000E+00 -0.00000000E+00 -0.00000000E+00
-0.00000000E+00 -0.00000000E+00 -0.00000000E+00 -0.00000000E+00 -0.00000000E+00
-0.00000000E+00 -0.00000000E+00 -0.00000000E+00 -0.00000000E+00 -0.00000000E+00
-0.00000000E+00 -3.98291514E-03 -3.64232753E-01  1.12593183E+00  2.00558978E-03
 1.83408750E-01 -5.66960953E-01 -0.00000000E+00 -0.00000000E+00 -0.00000000E+00
-0.00000000E+00 -0.00000000E+00 -0.00000000E+00 
 0.00000000E+00  0.00000000E+00  0.00000000E+00  0.00000000E+00  0.00000000E+00
 0.00000000E+00  0.00000000E+00  0.00000000E+00  0.00000000E+00  0.00000000E+00
 0.00000000E+00  0.00000000E+00  0.00000000E+00  0.00000000E+00  0.00000000E+00
 0.00000000E+00  0.00000000E+00  0.00000000E+00  0.00000000E+00  0.00000000E+00
 0.00000000E+00  0.00000000E+00 -3.26507693E-01 -6.54569076E-01  9.81076769E-01
 3.58076580E-02 -1.62425238E-02  8.22242512E-03 
 0.00000000E+00  0.00000000E+00  0.00000000E+00  0.00000000E+00  0.00000000E+00
 0.00000000E+00  0.00000000E+00  0.00000000E+00  0.00000000E+00  0.00000000E+00
 0.00000000E+00  0.00000000E+00  0.00000000E+00  0.00000000E+00  0.00000000E+00
 0.00000000E+00  0.00000000E+00  0.00000000E+00  0.00000000E+00  0.00000000E+00
 0.00000000E+00  0.00000000E+00 -1.36828531E-01  1.38351152E-01 -1.52262067E-03
 8.41258310E-01 -3.02221943E-01 -4.19169117E-01 
 0.00000000E+00  0.00000000E+00  0.00000000E+00  0.00000000E+00  0.00000000E+00
 0.00000000E+00  0.00000000E+00  0.00000000E+00  0.00000000E+00  0.00000000E+00
 0.00000000E+00  0.00000000E+00  0.00000000E+00  0.00000000E+00  0.00000000E+00
 0.00000000E+00  0.00000000E+00  0.00000000E+00  0.00000000E+00  0.00000000E+00
 0.00000000E+00  0.00000000E+00  6.79814323E-01 -5.54188725E-01 -1.25625599E-01
-2.69329839E-02  3.63949847E-01 -5.86042226E-01 
-0.00000000E+00 -0.00000000E+00 -0.00000000E+00 -0.00000000E+00 -0.00000000E+00
-0.00000000E+00 -0.00000000E+00 -0.00000000E+00 -0.00000000E+00 -0.00000000E+00
-0.00000000E+00 -0.00000000E+00 -0.00000000E+00 -0.00000000E+00 -0.00000000E+00
-0.00000000E+00 -0.00000000E+00 -0.00000000E+00 -0.00000000E+00 -0.00000000E+00
-0.00000000E+00 -0.00000000E+00 -3.03798992E-01  2.41426350E-01  6.23726427E-02
 3.24076193E-01  8.79594566E-01  1.35305023E-01 
 0.00000000E+00  0.00000000E+00  0.00000000E+00  0.00000000E+00  0.00000000E+00
 0.00000000E+00  0.00000000E+00  0.00000000E+00  0.00000000E+00  0.00000000E+00
 0.00000000E+00  0.00000000E+00  0.00000000E+00  0.00000000E+00  0.00000000E+00
 0.00000000E+00  0.00000000E+00  0.00000000E+00  0.00000000E+00  0.00000000E+00
 0.00000000E+00  0.00000000E+00  5.65888096E-01 -4.32419308E-01 -1.33468788E-01
 4.30408530E-01 -4.74550889E-02  6.80056397E-01 
-2.06808773E-04  1.01930639E-03 -2.48561106E-03  8.05944346E-03 -1.84301110E-02
 6.87926301E-02 -1.76774930E-01  9.57144928E-01 -8.50574045E+00  1.42946536E+01
 4.46845585E+00 -2.87541457E+00  1.67725341E+00 -9.71709718E-01  5.36952126E-01
-1.86704645E-01 -0.00000000E+00 -0.00000000E+00 -0.00000000E+00 -0.00000000E+00
-0.00000000E+00 -0.00000000E+00 -5.17463822E+00 -5.17463822E+00 -5.17463822E+00
-0.00000000E+00 -0.00000000E+00 -0.00000000E+00 
-7.09883765E-04  2.32108773E-03 -6.75825889E-03  1.62138931E-02 -5.21279525E-02
 1.33348754E-01 -5.35368574E-01  2.01694076E+00 -2.46571297E+01  4.16537930E+01
 1.36072983E+00 -1.24910907E+00  7.72064339E-01 -4.59098082E-01  2.56824131E-01
-8.97590389E-02  0.00000000E+00  0.00000000E+00  0.00000000E+00  0.00000000E+00
 0.00000000E+00  0.00000000E+00 -1.12552470E+01 -1.12552470E+01 -1.12552470E+01
 0.00000000E+00  0.00000000E+00  0.00000000E+00 
-1.46970567E-03  6.09743579E-03 -1.59916931E-02  4.66201146E-02 -1.23297955E-01
 4.17116808E-01 -1.34224609E+00  7.75803128E+00 -3.90675120E+01  5.89357501E+01
-8.89014732E-01 -2.02799564E-01  2.00308429E-01 -1.32456122E-01  7.67167797E-02
-2.71280509E-02 -0.00000000E+00 -0.00000000E+00 -0.00000000E+00 -0.00000000E+00
-0.00000000E+00 -0.00000000E+00 -1.46054553E+01 -1.46054553E+01 -1.46054553E+01
-0.00000000E+00 -0.00000000E+00 -0.00000000E+00 
-4.87329963E-03  1.74679085E-02 -4.91567122E-02  1.29435579E-01 -4.00150335E-01
 1.22778160E+00 -5.40439066E+00  1.10807998E+01 -3.36142487E+01  4.77633034E+01
-1.24002581E+00  1.12446153E-01  5.58041642E-03 -1.63863571E-02  1.16647855E-02
-4.37072377E-03  0.00000000E+00  0.00000000E+00  0.00000000E+00  0.00000000E+00
 0.00000000E+00  0.00000000E+00 -1.15429597E+01 -1.15429597E+01 -1.15429597E+01
 0.00000000E+00  0.00000000E+00  0.00000000E+00 
-1.29224291E-02  5.09245116E-02 -1.39236549E-01  4.05089124E-01 -1.22156829E+00
 4.67194707E+00 -7.17355735E+00  8.51587169E+00 -2.12275480E+01  2.96042835E+01
-8.16870668E-01  9.22788080E-02 -8.50375285E-03 -3.41850754E-03  3.53197248E-03
-1.42460581E-03 -0.00000000E+00 -0.00000000E+00 -0.00000000E+00 -0.00000000E+00
-0.00000000E+00 -0.00000000E+00 -7.11933273E+00 -7.11933273E+00 -7.11933273E+00
-0.00000000E+00 -0.00000000E+00 -0.00000000E+00 
-3.92679828E-02  1.47116544E-01 -4.24971486E-01  1.24581770E+00 -4.43921555E+00
 5.99841067E+00 -5.35495283E+00  5.21212609E+00 -1.24623395E+01  1.73449920E+01
-4.70310435E-01  4.81273367E-02 -1.15613693E-03 -4.34884364E-03  3.40131344E-03
-1.30298889E-03 -0.00000000E+00 -0.00000000E+00 -0.00000000E+00 -0.00000000E+00
-0.00000000E+00 -0.00000000E+00 -4.17309548E+00 -4.17309548E+00 -4.17309548E+00
-0.00000000E+00 -0.00000000E+00 -0.00000000E+00 
-1.08885398E-01  4.35882971E-01 -1.30591270E+00  4.39295873E+00 -5.59593248E+00
 4.44658780E+00 -3.27147842E+00  3.06399687E+00 -7.34688616E+00  1.02387602E+01
-2.71769028E-01  2.47591318E-02  1.55460885E-03 -3.91269699E-03  2.76629473E-03
-1.03518081E-03  0.00000000E+00  0.00000000E+00  0.00000000E+00  0.00000000E+00
 0.00000000E+00  0.00000000E+00 -2.46586656E+00 -2.46586656E+00 -2.46586656E+00
 0.00000000E+00  0.00000000E+00  0.00000000E+00 
-3.30531365E-01  1.34571223E+00 -4.48467865E+00  5.53560867E+00 -4.15388781E+00
 2.73018168E+00 -1.93568126E+00  1.82120725E+00 -4.40061893E+00  6.13999422E+00
-1.60846535E-01  1.35529140E-02  1.71781597E-03 -2.81698958E-03  1.92378114E-03
-7.13632282E-04 -0.00000000E+00 -0.00000000E+00 -0.00000000E+00 -0.00000000E+00
-0.00000000E+00 -0.00000000E+00 -1.47970452E+00 -1.47970452E+00 -1.47970452E+00
-0.00000000E+00 -0.00000000E+00 -0.00000000E+00 
 1.02061216E+00 -4.55700760E+00  5.67591963E+00 -4.14481607E+00  2.56669682E+00
-1.62570980E+00  1.15820440E+00 -1.09911732E+00  2.66947372E+00 -3.72711395E+00
 9.69775730E-02 -7.82955843E-03 -1.28281443E-03  1.85354045E-03 -1.24852744E-03
 4.61489882E-04 -0.00000000E+00 -0.00000000E+00 -0.00000000E+00 -0.00000000E+00
-0.00000000E+00 -0.00000000E+00  8.98522667E-01  8.98522667E-01  8.98522667E-01
-0.00000000E+00 -0.00000000E+00 -0.00000000E+00 
-3.85159791E+00  6.04034673E+00 -4.32375364E+00  2.58090317E+00 -1.53369876E+00
 9.75105148E-01 -7.00623766E-01  6.68576260E-01 -1.62820397E+00  2.27406123E+00
-5.89792641E-02  4.66295962E-03  8.51502851E-04 -1.17202603E-03  7.84888221E-04
-2.89671926E-04  0.00000000E+00  0.00000000E+00  0.00000000E+00  0.00000000E+00
 0.00000000E+00  0.00000000E+00 -5.48315052E-01 -5.48315052E-01 -5.48315052E-01
 0.00000000E+00  0.00000000E+00  0.00000000E+00                                 
