
 7015.7839158987999326  
 
 3403.4899020582997764  
 
 1384.8871871204999024  
 
 546.7631406813000012  
 
 212.6585334089000128  
 
 83.0787305064000066  
 
 32.4375244495000032  
 
 12.7759154663000007  
 
 4.9787084941000002  
 
 1.9360479010000000  
 
 0.7610609460000000  
 
 0.2956332453000000  
 
 0.1158826676000000  
 
 0.0453190904000000  
 
 0.0184100739000000  
 
 0.0088954343000000  
 
 1.9576677532000000  
 
 1.9576677532000000  
 
 1.9576677532000000  
 
 0.4488533932000000  
 
 0.4488533932000000  
 
 0.4488533932000000  
 
 2.6926244266000001  
 
 2.6926244266000001  
 
 2.6926244266000001  
 
 2.6926244266000001  
 
 2.6926244266000001  
 
 2.6926244266000001  
 