  0.5637590E+00  0.4685380E+00  0.0000000E+00  0.0000000E+00  0.0000000E+00
 -0.5485000E-02  0.0000000E+00  0.0000000E+00  0.0000000E+00 -0.2237000E-02
  0.0000000E+00  0.0000000E+00  0.0000000E+00 -0.2500000E-03  0.0000000E+00
  0.0000000E+00  0.0000000E+00  0.1170000E-02  0.1622000E-02  0.1622000E-02
  0.0000000E+00  0.0000000E+00  0.0000000E+00  0.3648000E-02  0.2189000E-02
  0.2189000E-02  0.0000000E+00  0.0000000E+00  0.0000000E+00  0.6030000E-03
  0.6150000E-03  0.6150000E-03  0.0000000E+00  0.0000000E+00  0.0000000E+00
  0.0000000E+00  0.0000000E+00  0.0000000E+00  0.0000000E+00  0.0000000E+00
  0.0000000E+00  0.0000000E+00  0.0000000E+00  0.0000000E+00  0.0000000E+00
 -0.1220320E+00 -0.2162880E+00  0.0000000E+00  0.0000000E+00  0.0000000E+00
  0.5962980E+00  0.0000000E+00  0.0000000E+00  0.0000000E+00  0.6095670E+00
  0.0000000E+00  0.0000000E+00  0.0000000E+00  0.3877300E-01  0.0000000E+00
  0.0000000E+00  0.0000000E+00 -0.4972000E-02 -0.7661000E-02 -0.7661000E-02
  0.0000000E+00  0.0000000E+00  0.0000000E+00 -0.1929300E-01 -0.2093900E-01
 -0.2093900E-01  0.0000000E+00  0.0000000E+00  0.0000000E+00 -0.2945600E-01
 -0.4599500E-01 -0.4599500E-01  0.0000000E+00  0.0000000E+00  0.0000000E+00
  0.0000000E+00  0.0000000E+00  0.0000000E+00  0.0000000E+00  0.0000000E+00
  0.0000000E+00  0.0000000E+00  0.0000000E+00  0.0000000E+00  0.0000000E+00
  0.0000000E+00  0.0000000E+00  0.2817770E+00  0.0000000E+00  0.0000000E+00
  0.0000000E+00  0.4420340E+00  0.0000000E+00  0.0000000E+00  0.0000000E+00
  0.4411740E+00  0.0000000E+00  0.0000000E+00  0.0000000E+00  0.6537100E-01
  0.0000000E+00  0.0000000E+00  0.0000000E+00  0.0000000E+00  0.0000000E+00
  0.0000000E+00  0.0000000E+00  0.0000000E+00  0.0000000E+00  0.0000000E+00
  0.0000000E+00  0.0000000E+00  0.0000000E+00  0.0000000E+00  0.0000000E+00
  0.0000000E+00  0.0000000E+00  0.0000000E+00  0.0000000E+00  0.0000000E+00
 -0.8774000E-02  0.0000000E+00  0.0000000E+00  0.0000000E+00  0.0000000E+00
  0.8865000E-02  0.0000000E+00  0.8865000E-02  0.0000000E+00  0.0000000E+00
  0.0000000E+00  0.0000000E+00  0.0000000E+00 -0.9442000E-02  0.1695400E+00
  0.0000000E+00  0.0000000E+00 -0.1600600E-01  0.2873970E+00  0.0000000E+00
  0.0000000E+00 -0.1797000E-01  0.3226680E+00  0.0000000E+00  0.0000000E+00
 -0.2905300E-01  0.5216640E+00  0.0000000E+00  0.0000000E+00  0.0000000E+00
  0.0000000E+00  0.0000000E+00  0.0000000E+00  0.0000000E+00  0.0000000E+00
  0.0000000E+00  0.0000000E+00  0.0000000E+00  0.0000000E+00  0.0000000E+00
  0.0000000E+00  0.0000000E+00  0.0000000E+00  0.0000000E+00  0.0000000E+00
  0.0000000E+00 -0.3590000E-03  0.6452000E-02  0.3520000E-03 -0.6323000E-02
  0.0000000E+00  0.2886000E-02  0.0000000E+00 -0.1610000E-03  0.0000000E+00
 -0.0000000E+00 -0.0000000E+00 -0.0000000E+00  0.1695400E+00  0.9442000E-02
 -0.0000000E+00 -0.0000000E+00  0.2873970E+00  0.1600600E-01 -0.0000000E+00
 -0.0000000E+00  0.3226680E+00  0.1797000E-01 -0.0000000E+00 -0.0000000E+00
  0.5216640E+00  0.2905300E-01 -0.0000000E+00 -0.0000000E+00 -0.0000000E+00
 -0.0000000E+00 -0.0000000E+00 -0.0000000E+00 -0.0000000E+00 -0.0000000E+00
 -0.0000000E+00 -0.0000000E+00 -0.0000000E+00 -0.0000000E+00 -0.0000000E+00
 -0.0000000E+00 -0.0000000E+00 -0.0000000E+00 -0.0000000E+00 -0.0000000E+00
 -0.0000000E+00  0.6452000E-02  0.3590000E-03 -0.6323000E-02 -0.3520000E-03
 -0.0000000E+00  0.1610000E-03 -0.0000000E+00  0.2886000E-02 -0.0000000E+00
  0.3369000E-01  0.6712000E-02  0.0000000E+00  0.0000000E+00  0.0000000E+00
 -0.2914220E+00  0.0000000E+00  0.0000000E+00  0.0000000E+00 -0.7694900E-01
  0.0000000E+00  0.0000000E+00  0.0000000E+00  0.2020773E+01  0.0000000E+00
  0.0000000E+00  0.0000000E+00 -0.3269500E-01 -0.3203100E-01 -0.3203100E-01
  0.0000000E+00  0.0000000E+00  0.0000000E+00 -0.1187500E+00 -0.1277710E+00
 -0.1277710E+00  0.0000000E+00  0.0000000E+00  0.0000000E+00 -0.4945290E+00
 -0.4649550E+00 -0.4649550E+00  0.0000000E+00  0.0000000E+00  0.0000000E+00
  0.0000000E+00  0.0000000E+00  0.0000000E+00  0.0000000E+00  0.0000000E+00
  0.0000000E+00  0.0000000E+00  0.0000000E+00  0.0000000E+00  0.0000000E+00
  0.0000000E+00  0.0000000E+00 -0.1131370E+00  0.0000000E+00  0.0000000E+00
  0.0000000E+00 -0.2738500E-01  0.0000000E+00  0.0000000E+00  0.0000000E+00
 -0.5396770E+00  0.0000000E+00  0.0000000E+00  0.0000000E+00  0.1240014E+01
  0.0000000E+00  0.0000000E+00  0.0000000E+00  0.0000000E+00  0.0000000E+00
  0.0000000E+00  0.0000000E+00  0.0000000E+00  0.0000000E+00  0.0000000E+00
  0.0000000E+00  0.0000000E+00  0.0000000E+00  0.0000000E+00  0.0000000E+00
  0.0000000E+00  0.0000000E+00  0.0000000E+00  0.0000000E+00  0.0000000E+00
 -0.2035100E-01  0.0000000E+00  0.0000000E+00  0.0000000E+00  0.0000000E+00
 -0.1299900E-01  0.0000000E+00 -0.1299900E-01  0.0000000E+00  0.0000000E+00
  0.0000000E+00  0.0000000E+00  0.0000000E+00 -0.1700430E+00  0.7764800E-01
  0.0000000E+00  0.0000000E+00 -0.1188720E+00  0.5428100E-01  0.0000000E+00
  0.0000000E+00 -0.7324670E+00  0.3344700E+00  0.0000000E+00  0.0000000E+00
  0.1044765E+01 -0.4770760E+00  0.0000000E+00  0.0000000E+00  0.0000000E+00
  0.0000000E+00  0.0000000E+00  0.0000000E+00  0.0000000E+00  0.0000000E+00
  0.0000000E+00  0.0000000E+00  0.0000000E+00  0.0000000E+00  0.0000000E+00
  0.0000000E+00  0.0000000E+00  0.0000000E+00  0.0000000E+00  0.0000000E+00
  0.0000000E+00 -0.3075800E-01  0.1404500E-01 -0.6140000E-02  0.2804000E-02
  0.0000000E+00  0.6281000E-02  0.0000000E+00 -0.1375500E-01  0.0000000E+00
  0.0000000E+00  0.0000000E+00  0.0000000E+00 -0.7764800E-01 -0.1700430E+00
  0.0000000E+00  0.0000000E+00 -0.5428100E-01 -0.1188720E+00  0.0000000E+00
  0.0000000E+00 -0.3344700E+00 -0.7324670E+00  0.0000000E+00  0.0000000E+00
  0.4770760E+00  0.1044765E+01  0.0000000E+00  0.0000000E+00  0.0000000E+00
  0.0000000E+00  0.0000000E+00  0.0000000E+00  0.0000000E+00  0.0000000E+00
  0.0000000E+00  0.0000000E+00  0.0000000E+00  0.0000000E+00  0.0000000E+00
  0.0000000E+00  0.0000000E+00  0.0000000E+00  0.0000000E+00  0.0000000E+00
  0.0000000E+00 -0.1404500E-01 -0.3075800E-01 -0.2804000E-02 -0.6140000E-02
  0.0000000E+00 -0.1375500E-01  0.0000000E+00 -0.6281000E-02  0.0000000E+00
 -0.4055900E-01 -0.2482630E+00  0.0000000E+00  0.0000000E+00  0.0000000E+00
 -0.1259960E+00  0.0000000E+00  0.0000000E+00  0.0000000E+00  0.2317702E+01
  0.0000000E+00  0.0000000E+00  0.0000000E+00  0.1859397E+01  0.0000000E+00
  0.0000000E+00  0.0000000E+00 -0.1036380E+00 -0.1108840E+00 -0.1108840E+00
  0.0000000E+00  0.0000000E+00  0.0000000E+00 -0.4396590E+00 -0.4119920E+00
 -0.4119920E+00  0.0000000E+00  0.0000000E+00  0.0000000E+00 -0.1336771E+01
 -0.1785239E+01 -0.1785239E+01  0.0000000E+00  0.0000000E+00  0.0000000E+00
  0.0000000E+00  0.0000000E+00  0.0000000E+00  0.0000000E+00  0.0000000E+00
  0.0000000E+00  0.0000000E+00  0.0000000E+00  0.0000000E+00  0.0000000E+00
 -0.0000000E+00 -0.0000000E+00 -0.0000000E+00 -0.0000000E+00 -0.0000000E+00
 -0.0000000E+00 -0.0000000E+00 -0.0000000E+00 -0.0000000E+00 -0.0000000E+00
 -0.0000000E+00 -0.0000000E+00 -0.0000000E+00 -0.0000000E+00 -0.0000000E+00
 -0.0000000E+00 -0.0000000E+00 -0.0000000E+00 -0.6240000E-03  0.6240000E-03
 -0.0000000E+00 -0.0000000E+00  0.1651500E-01 -0.0000000E+00  0.1324000E-02
 -0.1324000E-02 -0.0000000E+00 -0.0000000E+00 -0.3503500E-01 -0.0000000E+00
 -0.3829100E-01  0.3829100E-01 -0.0000000E+00 -0.0000000E+00  0.1013538E+01
 -0.0000000E+00 -0.0000000E+00 -0.0000000E+00 -0.0000000E+00 -0.0000000E+00
 -0.0000000E+00 -0.0000000E+00 -0.0000000E+00 -0.0000000E+00 -0.0000000E+00
  0.0000000E+00  0.0000000E+00  0.0000000E+00  0.0000000E+00  0.0000000E+00
  0.0000000E+00  0.0000000E+00  0.0000000E+00  0.0000000E+00  0.0000000E+00
  0.0000000E+00  0.0000000E+00  0.0000000E+00  0.0000000E+00  0.0000000E+00
  0.0000000E+00  0.0000000E+00  0.0000000E+00 -0.1430300E-01  0.1430300E-01
  0.0000000E+00  0.0000000E+00 -0.7200000E-03  0.0000000E+00  0.3034100E-01
 -0.3034100E-01  0.0000000E+00  0.0000000E+00  0.1528000E-02  0.0000000E+00
 -0.8777500E+00  0.8777500E+00  0.0000000E+00  0.0000000E+00 -0.4421400E-01
  0.0000000E+00  0.0000000E+00  0.0000000E+00  0.0000000E+00  0.0000000E+00
  0.0000000E+00  0.0000000E+00  0.0000000E+00  0.0000000E+00  0.0000000E+00
 -0.0000000E+00 -0.0000000E+00 -0.0000000E+00 -0.0000000E+00 -0.0000000E+00
 -0.0000000E+00 -0.0000000E+00 -0.0000000E+00 -0.0000000E+00 -0.0000000E+00
 -0.0000000E+00 -0.0000000E+00 -0.0000000E+00 -0.0000000E+00 -0.0000000E+00
 -0.0000000E+00 -0.0000000E+00 -0.0000000E+00 -0.0000000E+00 -0.0000000E+00
 -0.8699000E-02  0.1537500E-01 -0.0000000E+00 -0.0000000E+00 -0.0000000E+00
 -0.0000000E+00  0.1410600E-01 -0.2493200E-01 -0.0000000E+00 -0.0000000E+00
 -0.0000000E+00 -0.0000000E+00 -0.4981340E+00  0.8804420E+00 -0.0000000E+00
 -0.0000000E+00 -0.0000000E+00 -0.0000000E+00 -0.0000000E+00 -0.0000000E+00
 -0.0000000E+00 -0.0000000E+00 -0.0000000E+00 -0.0000000E+00 -0.0000000E+00
  0.0000000E+00  0.0000000E+00  0.0000000E+00  0.0000000E+00  0.0000000E+00
  0.0000000E+00  0.0000000E+00  0.0000000E+00  0.0000000E+00  0.0000000E+00
  0.0000000E+00  0.0000000E+00  0.0000000E+00  0.0000000E+00  0.0000000E+00
  0.0000000E+00  0.0000000E+00  0.0000000E+00  0.0000000E+00  0.0000000E+00
  0.1537500E-01  0.8699000E-02  0.0000000E+00  0.0000000E+00  0.0000000E+00
  0.0000000E+00 -0.2493200E-01 -0.1410600E-01  0.0000000E+00  0.0000000E+00
  0.0000000E+00  0.0000000E+00  0.8804420E+00  0.4981340E+00  0.0000000E+00
  0.0000000E+00  0.0000000E+00  0.0000000E+00  0.0000000E+00  0.0000000E+00
  0.0000000E+00  0.0000000E+00  0.0000000E+00  0.0000000E+00  0.0000000E+00
  0.1253400E-01  0.8036500E-01 -0.0000000E+00 -0.0000000E+00 -0.0000000E+00
  0.5697100E-01 -0.0000000E+00 -0.0000000E+00 -0.0000000E+00 -0.8150610E+00
 -0.0000000E+00 -0.0000000E+00 -0.0000000E+00 -0.5461430E+00 -0.0000000E+00
 -0.0000000E+00 -0.0000000E+00  0.5304200E-01  0.2705500E-01  0.2705500E-01
 -0.0000000E+00 -0.0000000E+00 -0.0000000E+00  0.1182070E+00  0.1523490E+00
  0.1523490E+00 -0.0000000E+00 -0.0000000E+00 -0.0000000E+00  0.1485926E+01
  0.3783200E-01  0.3783200E-01 -0.0000000E+00 -0.0000000E+00 -0.0000000E+00
 -0.0000000E+00 -0.0000000E+00 -0.0000000E+00 -0.0000000E+00 -0.0000000E+00
 -0.0000000E+00 -0.0000000E+00 -0.0000000E+00 -0.0000000E+00 -0.0000000E+00
 -0.0000000E+00 -0.0000000E+00 -0.1956090E+00 -0.0000000E+00 -0.0000000E+00
 -0.0000000E+00 -0.1095224E+01 -0.0000000E+00 -0.0000000E+00 -0.0000000E+00
  0.1614693E+01 -0.0000000E+00 -0.0000000E+00 -0.0000000E+00 -0.6576030E+00
 -0.0000000E+00 -0.0000000E+00 -0.0000000E+00 -0.0000000E+00 -0.0000000E+00
 -0.0000000E+00 -0.0000000E+00 -0.0000000E+00 -0.0000000E+00 -0.0000000E+00
 -0.0000000E+00 -0.0000000E+00 -0.0000000E+00 -0.0000000E+00 -0.0000000E+00
 -0.0000000E+00 -0.0000000E+00 -0.0000000E+00 -0.0000000E+00 -0.0000000E+00
  0.8309400E-01 -0.0000000E+00 -0.0000000E+00 -0.0000000E+00 -0.0000000E+00
  0.3101100E-01 -0.0000000E+00  0.3101100E-01 -0.0000000E+00 -0.0000000E+00
 -0.0000000E+00 -0.0000000E+00 -0.0000000E+00  0.1344210E+00 -0.1677170E+00
 -0.0000000E+00 -0.0000000E+00  0.7261500E+00 -0.9060160E+00 -0.0000000E+00
 -0.0000000E+00 -0.9600280E+00  0.1197825E+01 -0.0000000E+00 -0.0000000E+00
  0.3871420E+00 -0.4830360E+00 -0.0000000E+00 -0.0000000E+00 -0.0000000E+00
 -0.0000000E+00 -0.0000000E+00 -0.0000000E+00 -0.0000000E+00 -0.0000000E+00
 -0.0000000E+00 -0.0000000E+00 -0.0000000E+00 -0.0000000E+00 -0.0000000E+00
 -0.0000000E+00 -0.0000000E+00 -0.0000000E+00 -0.0000000E+00 -0.0000000E+00
 -0.0000000E+00 -0.4240100E-01  0.5290400E-01 -0.2400700E-01  0.2995400E-01
 -0.0000000E+00  0.2365900E-01 -0.0000000E+00 -0.1896200E-01 -0.0000000E+00
 -0.0000000E+00 -0.0000000E+00 -0.0000000E+00 -0.1677170E+00 -0.1344210E+00
 -0.0000000E+00 -0.0000000E+00 -0.9060160E+00 -0.7261500E+00 -0.0000000E+00
 -0.0000000E+00  0.1197825E+01  0.9600280E+00 -0.0000000E+00 -0.0000000E+00
 -0.4830360E+00 -0.3871420E+00 -0.0000000E+00 -0.0000000E+00 -0.0000000E+00
 -0.0000000E+00 -0.0000000E+00 -0.0000000E+00 -0.0000000E+00 -0.0000000E+00
 -0.0000000E+00 -0.0000000E+00 -0.0000000E+00 -0.0000000E+00 -0.0000000E+00
 -0.0000000E+00 -0.0000000E+00 -0.0000000E+00 -0.0000000E+00 -0.0000000E+00
 -0.0000000E+00  0.5290400E-01  0.4240100E-01  0.2995400E-01  0.2400700E-01
 -0.0000000E+00  0.1896200E-01 -0.0000000E+00  0.2365900E-01 -0.0000000E+00
  0.1495880E+00 -0.1743940E+00  0.0000000E+00  0.0000000E+00  0.0000000E+00
 -0.2516399E+01  0.0000000E+00  0.0000000E+00  0.0000000E+00  0.8079710E+01
  0.0000000E+00  0.0000000E+00  0.0000000E+00  0.1279266E+01  0.0000000E+00
  0.0000000E+00  0.0000000E+00 -0.2723510E+00 -0.2784260E+00 -0.2784260E+00
  0.0000000E+00  0.0000000E+00  0.0000000E+00 -0.1156284E+01 -0.1154042E+01
 -0.1154042E+01  0.0000000E+00  0.0000000E+00  0.0000000E+00 -0.2454918E+01
 -0.2472883E+01 -0.2472883E+01  0.0000000E+00  0.0000000E+00  0.0000000E+00
  0.0000000E+00  0.0000000E+00  0.0000000E+00  0.0000000E+00  0.0000000E+00
  0.0000000E+00  0.0000000E+00  0.0000000E+00  0.0000000E+00  0.0000000E+00
  0.0000000E+00  0.0000000E+00  0.0000000E+00  0.0000000E+00  0.0000000E+00
  0.0000000E+00  0.0000000E+00  0.0000000E+00  0.0000000E+00  0.0000000E+00
  0.0000000E+00  0.0000000E+00  0.0000000E+00  0.0000000E+00  0.0000000E+00
  0.0000000E+00  0.0000000E+00  0.0000000E+00 -0.5600000E-04  0.5600000E-04
  0.0000000E+00  0.0000000E+00 -0.1025500E-01  0.0000000E+00  0.6206000E-02
 -0.6206000E-02  0.0000000E+00  0.0000000E+00  0.1130027E+01  0.0000000E+00
 -0.2709000E-02  0.2709000E-02  0.0000000E+00  0.0000000E+00 -0.4933600E+00
  0.0000000E+00  0.0000000E+00  0.0000000E+00  0.0000000E+00  0.0000000E+00
  0.0000000E+00  0.0000000E+00  0.0000000E+00  0.0000000E+00  0.0000000E+00
 -0.0000000E+00 -0.0000000E+00 -0.0000000E+00 -0.0000000E+00 -0.0000000E+00
 -0.0000000E+00 -0.0000000E+00 -0.0000000E+00 -0.0000000E+00 -0.0000000E+00
 -0.0000000E+00 -0.0000000E+00 -0.0000000E+00 -0.0000000E+00 -0.0000000E+00
 -0.0000000E+00 -0.0000000E+00 -0.0000000E+00  0.8881000E-02 -0.8881000E-02
 -0.0000000E+00 -0.0000000E+00 -0.6500000E-04 -0.0000000E+00 -0.9786320E+00
  0.9786320E+00 -0.0000000E+00 -0.0000000E+00  0.7166000E-02 -0.0000000E+00
  0.4272620E+00 -0.4272620E+00 -0.0000000E+00 -0.0000000E+00 -0.3129000E-02
 -0.0000000E+00 -0.0000000E+00 -0.0000000E+00 -0.0000000E+00 -0.0000000E+00
 -0.0000000E+00 -0.0000000E+00 -0.0000000E+00 -0.0000000E+00 -0.0000000E+00
  0.0000000E+00  0.0000000E+00  0.0000000E+00  0.0000000E+00  0.0000000E+00
  0.0000000E+00  0.0000000E+00  0.0000000E+00  0.0000000E+00  0.0000000E+00
  0.0000000E+00  0.0000000E+00  0.0000000E+00  0.0000000E+00  0.0000000E+00
  0.0000000E+00  0.0000000E+00  0.0000000E+00  0.0000000E+00  0.0000000E+00
 -0.3284000E-02 -0.6794000E-02  0.0000000E+00  0.0000000E+00  0.0000000E+00
  0.0000000E+00  0.4911930E+00  0.1016277E+01  0.0000000E+00  0.0000000E+00
  0.0000000E+00  0.0000000E+00 -0.2172560E+00 -0.4495010E+00  0.0000000E+00
  0.0000000E+00  0.0000000E+00  0.0000000E+00  0.0000000E+00  0.0000000E+00
  0.0000000E+00  0.0000000E+00  0.0000000E+00  0.0000000E+00  0.0000000E+00
  0.0000000E+00  0.0000000E+00  0.0000000E+00  0.0000000E+00  0.0000000E+00
  0.0000000E+00  0.0000000E+00  0.0000000E+00  0.0000000E+00  0.0000000E+00
  0.0000000E+00  0.0000000E+00  0.0000000E+00  0.0000000E+00  0.0000000E+00
  0.0000000E+00  0.0000000E+00  0.0000000E+00  0.0000000E+00  0.0000000E+00
 -0.6794000E-02  0.3284000E-02  0.0000000E+00  0.0000000E+00  0.0000000E+00
  0.0000000E+00  0.1016277E+01 -0.4911930E+00  0.0000000E+00  0.0000000E+00
  0.0000000E+00  0.0000000E+00 -0.4495010E+00  0.2172560E+00  0.0000000E+00
  0.0000000E+00  0.0000000E+00  0.0000000E+00  0.0000000E+00  0.0000000E+00
  0.0000000E+00  0.0000000E+00  0.0000000E+00  0.0000000E+00  0.0000000E+00
 -0.2358000E-02 -0.2021900E-01  0.0000000E+00  0.0000000E+00  0.0000000E+00
  0.4079200E-01  0.0000000E+00  0.0000000E+00  0.0000000E+00  0.1227820E+00
  0.0000000E+00  0.0000000E+00  0.0000000E+00  0.1917700E-01  0.0000000E+00
  0.0000000E+00  0.0000000E+00 -0.1537600E-01 -0.5065000E-02 -0.5065000E-02
  0.0000000E+00  0.0000000E+00  0.0000000E+00  0.1081145E+01 -0.6111950E+00
 -0.6111950E+00  0.0000000E+00  0.0000000E+00  0.0000000E+00 -0.5399460E+00
  0.2107880E+00  0.2107880E+00  0.0000000E+00  0.0000000E+00  0.0000000E+00
  0.0000000E+00  0.0000000E+00  0.0000000E+00  0.0000000E+00  0.0000000E+00
  0.0000000E+00  0.0000000E+00  0.0000000E+00  0.0000000E+00  0.0000000E+00
 -0.0000000E+00 -0.0000000E+00 -0.0000000E+00  0.1848480E+00  0.1051047E+01
 -0.0000000E+00 -0.0000000E+00 -0.7929900E-01 -0.4508920E+00 -0.0000000E+00
 -0.0000000E+00  0.1201790E+00  0.6833410E+00 -0.0000000E+00 -0.0000000E+00
 -0.4054000E-01 -0.2305120E+00 -0.0000000E+00 -0.0000000E+00 -0.0000000E+00
 -0.0000000E+00 -0.0000000E+00 -0.0000000E+00 -0.0000000E+00 -0.0000000E+00
 -0.0000000E+00 -0.0000000E+00 -0.0000000E+00 -0.0000000E+00 -0.0000000E+00
 -0.0000000E+00 -0.0000000E+00 -0.0000000E+00 -0.0000000E+00 -0.0000000E+00
 -0.0000000E+00 -0.1134990E+00 -0.6453550E+00 -0.1419300E-01 -0.8069900E-01
 -0.0000000E+00 -0.2886110E+00 -0.0000000E+00 -0.5075800E-01 -0.0000000E+00
 -0.0000000E+00 -0.0000000E+00 -0.0000000E+00  0.1051047E+01 -0.1848480E+00
 -0.0000000E+00 -0.0000000E+00 -0.4508920E+00  0.7929900E-01 -0.0000000E+00
 -0.0000000E+00  0.6833410E+00 -0.1201790E+00 -0.0000000E+00 -0.0000000E+00
 -0.2305120E+00  0.4054000E-01 -0.0000000E+00 -0.0000000E+00 -0.0000000E+00
 -0.0000000E+00 -0.0000000E+00 -0.0000000E+00 -0.0000000E+00 -0.0000000E+00
 -0.0000000E+00 -0.0000000E+00 -0.0000000E+00 -0.0000000E+00 -0.0000000E+00
 -0.0000000E+00 -0.0000000E+00 -0.0000000E+00 -0.0000000E+00 -0.0000000E+00
 -0.0000000E+00 -0.6453550E+00  0.1134990E+00 -0.8069900E-01  0.1419300E-01
 -0.0000000E+00  0.5075800E-01 -0.0000000E+00 -0.2886110E+00 -0.0000000E+00
 -0.0000000E+00 -0.0000000E+00  0.1063803E+01 -0.0000000E+00 -0.0000000E+00
 -0.0000000E+00 -0.5522190E+00 -0.0000000E+00 -0.0000000E+00 -0.0000000E+00
  0.7035010E+00 -0.0000000E+00 -0.0000000E+00 -0.0000000E+00 -0.2353320E+00
 -0.0000000E+00 -0.0000000E+00 -0.0000000E+00 -0.0000000E+00 -0.0000000E+00
 -0.0000000E+00 -0.0000000E+00 -0.0000000E+00 -0.0000000E+00 -0.0000000E+00
 -0.0000000E+00 -0.0000000E+00 -0.0000000E+00 -0.0000000E+00 -0.0000000E+00
 -0.0000000E+00 -0.0000000E+00 -0.0000000E+00 -0.0000000E+00 -0.0000000E+00
 -0.2861350E+00 -0.0000000E+00 -0.0000000E+00 -0.0000000E+00 -0.0000000E+00
 -0.3792370E+00 -0.0000000E+00 -0.3792370E+00 -0.0000000E+00 -0.0000000E+00
 -0.0000000E+00 -0.0000000E+00 -0.0000000E+00 -0.0000000E+00 -0.0000000E+00
 -0.0000000E+00 -0.0000000E+00 -0.0000000E+00 -0.0000000E+00 -0.0000000E+00
 -0.0000000E+00 -0.0000000E+00 -0.0000000E+00 -0.0000000E+00 -0.0000000E+00
 -0.0000000E+00 -0.0000000E+00 -0.0000000E+00 -0.0000000E+00 -0.0000000E+00
 -0.0000000E+00 -0.0000000E+00 -0.0000000E+00 -0.0000000E+00 -0.0000000E+00
 -0.0000000E+00 -0.0000000E+00 -0.0000000E+00 -0.0000000E+00 -0.0000000E+00
 -0.0000000E+00 -0.0000000E+00 -0.0000000E+00 -0.0000000E+00 -0.0000000E+00
 -0.0000000E+00 -0.1887830E+00 -0.7676990E+00 -0.0000000E+00 -0.0000000E+00
 -0.0000000E+00  0.1029976E+01 -0.0000000E+00  0.2532790E+00 -0.0000000E+00
  0.0000000E+00  0.0000000E+00  0.0000000E+00  0.0000000E+00  0.0000000E+00
  0.0000000E+00  0.0000000E+00  0.0000000E+00  0.0000000E+00  0.0000000E+00
  0.0000000E+00  0.0000000E+00  0.0000000E+00  0.0000000E+00  0.0000000E+00
  0.0000000E+00  0.0000000E+00  0.0000000E+00  0.0000000E+00  0.0000000E+00
  0.0000000E+00  0.0000000E+00  0.0000000E+00  0.0000000E+00  0.0000000E+00
  0.0000000E+00  0.0000000E+00  0.0000000E+00  0.0000000E+00  0.0000000E+00
  0.0000000E+00  0.0000000E+00  0.0000000E+00  0.0000000E+00  0.0000000E+00
  0.0000000E+00 -0.7676990E+00  0.1887830E+00  0.0000000E+00  0.0000000E+00
  0.0000000E+00 -0.2532790E+00  0.0000000E+00  0.1029976E+01  0.0000000E+00
  0.0000000E+00  0.0000000E+00  0.0000000E+00  0.0000000E+00  0.0000000E+00
  0.0000000E+00  0.0000000E+00  0.0000000E+00  0.0000000E+00  0.0000000E+00
  0.0000000E+00  0.0000000E+00  0.0000000E+00  0.0000000E+00  0.0000000E+00
  0.0000000E+00  0.0000000E+00  0.0000000E+00  0.0000000E+00  0.0000000E+00
  0.0000000E+00  0.0000000E+00  0.0000000E+00  0.0000000E+00  0.0000000E+00
  0.0000000E+00  0.0000000E+00  0.0000000E+00  0.0000000E+00  0.0000000E+00
  0.0000000E+00  0.0000000E+00  0.0000000E+00  0.0000000E+00  0.0000000E+00
  0.0000000E+00  0.0000000E+00  0.0000000E+00  0.0000000E+00  0.0000000E+00
  0.5103000E-02  0.0000000E+00 -0.5103000E-02  0.0000000E+00  0.9999830E+00
 -0.0000000E+00 -0.0000000E+00 -0.0000000E+00 -0.0000000E+00 -0.0000000E+00
 -0.0000000E+00 -0.0000000E+00 -0.0000000E+00 -0.0000000E+00 -0.0000000E+00
 -0.0000000E+00 -0.0000000E+00 -0.0000000E+00 -0.0000000E+00 -0.0000000E+00
 -0.0000000E+00 -0.0000000E+00 -0.0000000E+00 -0.0000000E+00 -0.0000000E+00
 -0.0000000E+00 -0.0000000E+00 -0.0000000E+00 -0.0000000E+00 -0.0000000E+00
 -0.0000000E+00 -0.0000000E+00 -0.0000000E+00 -0.0000000E+00 -0.0000000E+00
 -0.0000000E+00 -0.0000000E+00 -0.0000000E+00 -0.0000000E+00 -0.0000000E+00
 -0.0000000E+00 -0.0000000E+00 -0.0000000E+00 -0.0000000E+00 -0.0000000E+00
  0.8660100E+00 -0.0000000E+00 -0.8660100E+00 -0.0000000E+00 -0.5892000E-02
 -0.0000000E+00 -0.0000000E+00 -0.0000000E+00 -0.1482990E+00  0.7558500E-01
 -0.0000000E+00 -0.0000000E+00  0.8540500E-01 -0.4352900E-01 -0.0000000E+00
 -0.0000000E+00 -0.9964100E-01  0.5078500E-01 -0.0000000E+00 -0.0000000E+00
  0.3302900E-01 -0.1683400E-01 -0.0000000E+00 -0.0000000E+00 -0.0000000E+00
 -0.0000000E+00 -0.0000000E+00 -0.0000000E+00 -0.0000000E+00 -0.0000000E+00
 -0.0000000E+00 -0.0000000E+00 -0.0000000E+00 -0.0000000E+00 -0.0000000E+00
 -0.0000000E+00 -0.0000000E+00 -0.0000000E+00 -0.0000000E+00 -0.0000000E+00
 -0.0000000E+00 -0.4681730E+00  0.2386200E+00  0.9959510E+00 -0.5076190E+00
 -0.0000000E+00  0.1067140E+00 -0.0000000E+00 -0.2093730E+00 -0.0000000E+00
 -0.0000000E+00 -0.0000000E+00 -0.0000000E+00 -0.7558500E-01 -0.1482990E+00
 -0.0000000E+00 -0.0000000E+00  0.4352900E-01  0.8540500E-01 -0.0000000E+00
 -0.0000000E+00 -0.5078500E-01 -0.9964100E-01 -0.0000000E+00 -0.0000000E+00
  0.1683400E-01  0.3302900E-01 -0.0000000E+00 -0.0000000E+00 -0.0000000E+00
 -0.0000000E+00 -0.0000000E+00 -0.0000000E+00 -0.0000000E+00 -0.0000000E+00
 -0.0000000E+00 -0.0000000E+00 -0.0000000E+00 -0.0000000E+00 -0.0000000E+00
 -0.0000000E+00 -0.0000000E+00 -0.0000000E+00 -0.0000000E+00 -0.0000000E+00
 -0.0000000E+00 -0.2386200E+00 -0.4681730E+00  0.5076190E+00  0.9959510E+00
 -0.0000000E+00 -0.2093730E+00 -0.0000000E+00 -0.1067140E+00 -0.0000000E+00
 -0.0000000E+00 -0.0000000E+00 -0.2448890E+00 -0.0000000E+00 -0.0000000E+00
 -0.0000000E+00  0.1569580E+00 -0.0000000E+00 -0.0000000E+00 -0.0000000E+00
 -0.1662460E+00 -0.0000000E+00 -0.0000000E+00 -0.0000000E+00  0.5482000E-01
 -0.0000000E+00 -0.0000000E+00 -0.0000000E+00 -0.0000000E+00 -0.0000000E+00
 -0.0000000E+00 -0.0000000E+00 -0.0000000E+00 -0.0000000E+00 -0.0000000E+00
 -0.0000000E+00 -0.0000000E+00 -0.0000000E+00 -0.0000000E+00 -0.0000000E+00
 -0.0000000E+00 -0.0000000E+00 -0.0000000E+00 -0.0000000E+00 -0.0000000E+00
  0.1082308E+01 -0.0000000E+00 -0.0000000E+00 -0.0000000E+00 -0.0000000E+00
 -0.6053090E+00 -0.0000000E+00 -0.6053090E+00 -0.0000000E+00 -0.0000000E+00
 -0.3002700E-01 -0.1529969E+01 -0.0000000E+00 -0.0000000E+00 -0.0000000E+00
  0.4084386E+01 -0.0000000E+00 -0.0000000E+00 -0.0000000E+00  0.7663425E+01
 -0.0000000E+00 -0.0000000E+00 -0.0000000E+00  0.7765600E+00 -0.0000000E+00
 -0.0000000E+00 -0.0000000E+00 -0.8544220E+00 -0.8370250E+00 -0.8370250E+00
 -0.0000000E+00 -0.0000000E+00 -0.0000000E+00 -0.3533558E+01 -0.3517735E+01
 -0.3517735E+01 -0.0000000E+00 -0.0000000E+00 -0.0000000E+00 -0.1924926E+01
 -0.1933992E+01 -0.1933992E+01 -0.0000000E+00 -0.0000000E+00 -0.0000000E+00
 -0.0000000E+00 -0.0000000E+00 -0.0000000E+00 -0.0000000E+00 -0.0000000E+00
 -0.0000000E+00 -0.0000000E+00 -0.0000000E+00 -0.0000000E+00 -0.0000000E+00
  0.0000000E+00  0.0000000E+00  0.0000000E+00  0.0000000E+00  0.0000000E+00
  0.0000000E+00  0.0000000E+00  0.0000000E+00  0.0000000E+00  0.0000000E+00
  0.0000000E+00  0.0000000E+00  0.0000000E+00  0.0000000E+00  0.0000000E+00
  0.0000000E+00  0.0000000E+00  0.0000000E+00  0.9720720E+00 -0.9720720E+00
  0.0000000E+00  0.0000000E+00 -0.2121790E+00  0.0000000E+00 -0.5141050E+00
  0.5141050E+00  0.0000000E+00  0.0000000E+00  0.1122160E+00  0.0000000E+00
  0.1538090E+00 -0.1538090E+00  0.0000000E+00  0.0000000E+00 -0.3357300E-01
  0.0000000E+00  0.0000000E+00  0.0000000E+00  0.0000000E+00  0.0000000E+00
  0.0000000E+00  0.0000000E+00  0.0000000E+00  0.0000000E+00  0.0000000E+00
  0.0000000E+00  0.0000000E+00  0.0000000E+00  0.0000000E+00  0.0000000E+00
  0.0000000E+00  0.0000000E+00  0.0000000E+00  0.0000000E+00  0.0000000E+00
  0.0000000E+00  0.0000000E+00  0.0000000E+00  0.0000000E+00  0.0000000E+00
  0.0000000E+00  0.0000000E+00  0.0000000E+00  0.1837530E+00 -0.1837530E+00
  0.0000000E+00  0.0000000E+00  0.1122453E+01  0.0000000E+00 -0.9718200E-01
  0.9718200E-01  0.0000000E+00  0.0000000E+00 -0.5936380E+00  0.0000000E+00
  0.2907500E-01 -0.2907500E-01  0.0000000E+00  0.0000000E+00  0.1776030E+00
  0.0000000E+00  0.0000000E+00  0.0000000E+00  0.0000000E+00  0.0000000E+00
  0.0000000E+00  0.0000000E+00  0.0000000E+00  0.0000000E+00  0.0000000E+00
 -0.0000000E+00 -0.0000000E+00 -0.0000000E+00 -0.0000000E+00 -0.0000000E+00
 -0.0000000E+00 -0.0000000E+00 -0.0000000E+00 -0.0000000E+00 -0.0000000E+00
 -0.0000000E+00 -0.0000000E+00 -0.0000000E+00 -0.0000000E+00 -0.0000000E+00
 -0.0000000E+00 -0.0000000E+00 -0.0000000E+00 -0.0000000E+00 -0.0000000E+00
  0.8659010E+00  0.7450800E+00 -0.0000000E+00 -0.0000000E+00 -0.0000000E+00
 -0.0000000E+00 -0.4600370E+00 -0.3958470E+00 -0.0000000E+00 -0.0000000E+00
 -0.0000000E+00 -0.0000000E+00  0.1371370E+00  0.1180020E+00 -0.0000000E+00
 -0.0000000E+00 -0.0000000E+00 -0.0000000E+00 -0.0000000E+00 -0.0000000E+00
 -0.0000000E+00 -0.0000000E+00 -0.0000000E+00 -0.0000000E+00 -0.0000000E+00
  0.0000000E+00  0.0000000E+00  0.0000000E+00  0.0000000E+00  0.0000000E+00
  0.0000000E+00  0.0000000E+00  0.0000000E+00  0.0000000E+00  0.0000000E+00
  0.0000000E+00  0.0000000E+00  0.0000000E+00  0.0000000E+00  0.0000000E+00
  0.0000000E+00  0.0000000E+00  0.0000000E+00  0.0000000E+00  0.0000000E+00
 -0.7450800E+00  0.8659010E+00  0.0000000E+00  0.0000000E+00  0.0000000E+00
  0.0000000E+00  0.3958470E+00 -0.4600370E+00  0.0000000E+00  0.0000000E+00
  0.0000000E+00  0.0000000E+00 -0.1180020E+00  0.1371370E+00  0.0000000E+00
  0.0000000E+00  0.0000000E+00  0.0000000E+00  0.0000000E+00  0.0000000E+00
  0.0000000E+00  0.0000000E+00  0.0000000E+00  0.0000000E+00  0.0000000E+00
  0.6123000E-02 -0.5112300E-01 -0.0000000E+00 -0.0000000E+00 -0.0000000E+00
  0.2085710E+00 -0.0000000E+00 -0.0000000E+00 -0.0000000E+00  0.1168140E+00
 -0.0000000E+00 -0.0000000E+00 -0.0000000E+00  0.1094700E-01 -0.0000000E+00
 -0.0000000E+00 -0.0000000E+00  0.1097553E+01 -0.6157350E+00 -0.6157350E+00
 -0.0000000E+00 -0.0000000E+00 -0.0000000E+00 -0.7026870E+00  0.2088130E+00
  0.2088130E+00 -0.0000000E+00 -0.0000000E+00 -0.0000000E+00  0.1526760E+00
 -0.1187090E+00 -0.1187090E+00 -0.0000000E+00 -0.0000000E+00 -0.0000000E+00
 -0.0000000E+00 -0.0000000E+00 -0.0000000E+00 -0.0000000E+00 -0.0000000E+00
 -0.0000000E+00 -0.0000000E+00 -0.0000000E+00 -0.0000000E+00 -0.0000000E+00
 -0.0000000E+00 -0.0000000E+00 -0.0000000E+00 -0.3461968E+01  0.7218910E+00
 -0.0000000E+00  0.0000000E+00  0.1448235E+02 -0.3019864E+01 -0.0000000E+00
 -0.0000000E+00 -0.1575242E+01  0.3284700E+00 -0.0000000E+00 -0.0000000E+00
  0.3967740E+00 -0.8273500E-01 -0.0000000E+00 -0.0000000E+00 -0.0000000E+00
 -0.0000000E+00 -0.0000000E+00 -0.0000000E+00 -0.0000000E+00 -0.0000000E+00
 -0.0000000E+00 -0.0000000E+00 -0.0000000E+00 -0.0000000E+00 -0.0000000E+00
 -0.0000000E+00 -0.0000000E+00 -0.0000000E+00 -0.0000000E+00 -0.0000000E+00
 -0.0000000E+00 -0.7626862E+01  0.1590356E+01 -0.3412155E+01  0.7115040E+00
 -0.0000000E+00  0.7112290E+00 -0.0000000E+00 -0.3410836E+01 -0.0000000E+00
 -0.0000000E+00 -0.0000000E+00 -0.0000000E+00 -0.7218910E+00 -0.3461968E+01
 -0.0000000E+00  0.0000000E+00  0.3019864E+01  0.1448235E+02 -0.0000000E+00
 -0.0000000E+00 -0.3284700E+00 -0.1575242E+01 -0.0000000E+00 -0.0000000E+00
  0.8273500E-01  0.3967740E+00 -0.0000000E+00 -0.0000000E+00 -0.0000000E+00
 -0.0000000E+00 -0.0000000E+00 -0.0000000E+00 -0.0000000E+00 -0.0000000E+00
 -0.0000000E+00 -0.0000000E+00 -0.0000000E+00 -0.0000000E+00 -0.0000000E+00
 -0.0000000E+00 -0.0000000E+00 -0.0000000E+00 -0.0000000E+00 -0.0000000E+00
 -0.0000000E+00 -0.1590356E+01 -0.7626862E+01 -0.7115040E+00 -0.3412155E+01
 -0.0000000E+00 -0.3410836E+01 -0.0000000E+00 -0.7112290E+00 -0.0000000E+00
 -0.0000000E+00 -0.0000000E+00 -0.3529984E+01  0.0000000E+00  0.0000000E+00
 -0.0000000E+00  0.1479188E+02 -0.0000000E+00 -0.0000000E+00 -0.0000000E+00
 -0.1605232E+01  0.0000000E+00 -0.0000000E+00 -0.0000000E+00  0.4037430E+00
 -0.0000000E+00 -0.0000000E+00 -0.0000000E+00 -0.0000000E+00 -0.0000000E+00
 -0.0000000E+00 -0.0000000E+00 -0.0000000E+00 -0.0000000E+00 -0.0000000E+00
 -0.0000000E+00 -0.0000000E+00 -0.0000000E+00 -0.0000000E+00 -0.0000000E+00
 -0.0000000E+00 -0.0000000E+00 -0.0000000E+00 -0.0000000E+00 -0.0000000E+00
 -0.7795760E+01  0.0000000E+00  0.0000000E+00  0.0000000E+00  0.0000000E+00
 -0.3485036E+01  0.0000000E+00 -0.3485036E+01  0.0000000E+00 -0.0000000E+00
  0.7067990E+00 -0.3288290E+01 -0.0000000E+00 -0.0000000E+00 -0.0000000E+00
  0.1372398E+02 -0.0000000E+00 -0.0000000E+00 -0.0000000E+00  0.5699588E+01
 -0.0000000E+00 -0.0000000E+00 -0.0000000E+00  0.5538840E+00 -0.0000000E+00
 -0.0000000E+00 -0.0000000E+00 -0.3183160E+01 -0.3163627E+01 -0.3163627E+01
 -0.0000000E+00 -0.0000000E+00 -0.0000000E+00 -0.5416340E+01 -0.5429275E+01
 -0.5429275E+01 -0.0000000E+00 -0.0000000E+00 -0.0000000E+00 -0.1403960E+01
 -0.1399478E+01 -0.1399478E+01 -0.0000000E+00 -0.0000000E+00 -0.0000000E+00
 -0.0000000E+00 -0.0000000E+00 -0.0000000E+00 -0.0000000E+00 -0.0000000E+00
 -0.0000000E+00 -0.0000000E+00 -0.0000000E+00 -0.0000000E+00 -0.0000000E+00
 -0.2010402E+01  0.1570290E+01 -0.0000000E+00 -0.0000000E+00 -0.0000000E+00
  0.4028452E+01 -0.0000000E+00 -0.0000000E+00 -0.0000000E+00  0.4938710E+00
 -0.0000000E+00 -0.0000000E+00 -0.0000000E+00  0.3351000E-01 -0.0000000E+00
 -0.0000000E+00 -0.0000000E+00 -0.1108430E+01 -0.1107220E+01 -0.1107220E+01
 -0.0000000E+00 -0.0000000E+00 -0.0000000E+00 -0.1182463E+01 -0.1183124E+01
 -0.1183124E+01 -0.0000000E+00 -0.0000000E+00 -0.0000000E+00 -0.1097960E+00
 -0.1096070E+00 -0.1096070E+00 -0.0000000E+00 -0.0000000E+00 -0.0000000E+00
 -0.0000000E+00 -0.0000000E+00 -0.0000000E+00 -0.0000000E+00 -0.0000000E+00
 -0.0000000E+00 -0.0000000E+00 -0.0000000E+00 -0.0000000E+00 -0.0000000E+00
