
 1.0000000104118518E+00 

 1.0000000027082090E+00 

 9.9999999283780627E-01 

 1.0000000011767816E+00 

 9.9999999937684381E-01 

 9.9999999946825069E-01 

 9.9999999870900980E-01 

 1.0000000015127759E+00 

 1.0000000032588128E+00 

 1.0000000032588128E+00 

 1.0000000032588128E+00 

 1.0000000061390317E+00 

 1.0000000061390317E+00 

 1.0000000061390317E+00 

 9.9999999484351010E-01 

 9.9999999484351010E-01 

 9.9999999484351010E-01 

 1.0000000015546393E+00 

 1.0000000015546393E+00 

 1.0000000015546393E+00 

 9.9999999838792775E-01 

 9.9999999838792775E-01 

 9.9999999838792775E-01 

 9.9999999680021867E-01 

 9.9999999680021867E-01 

 9.9999999680021867E-01 

 1.0000000001342932E+00 

 1.0000000001342932E+00 

 1.0000000001342932E+00 

 1.0000000013085764E+00 

 1.0000000013085764E+00 

 1.0000000013085764E+00 

 1.0000000013085766E+00 

 1.0000000013085766E+00 

 1.0000000013085766E+00 

 1.0000000003649281E+00 

 1.0000000003649281E+00 

 1.0000000003649281E+00 

 1.0000000003649281E+00 

 1.0000000003649281E+00 

 1.0000000003649281E+00 

 1.0000000003921694E+00 

 1.0000000003921694E+00 

 1.0000000003921694E+00 

 1.0000000003921694E+00 

 1.0000000003921694E+00 

 1.0000000003921694E+00 

 1.0000000005641638E+00 

 1.0000000005641638E+00 

 1.0000000005641638E+00 

 1.0000000005641638E+00 

 1.0000000005641638E+00 

 1.0000000005641638E+00 

 9.9999998925160793E-01 

 9.9999998925160793E-01 

 9.9999998925160793E-01 

 9.9999998925160793E-01 

 9.9999998925160793E-01 

 9.9999998925160793E-01 

 9.9999998925160793E-01 

 9.9999998925160793E-01 

 9.9999998925160793E-01 

 9.9999998925160793E-01 

 9.9999999708608733E-01 

 9.9999999708608733E-01 

 9.9999999708608733E-01 

 9.9999999708608711E-01 

 9.9999999708608711E-01 

 9.9999999708608711E-01 

 9.9999999708608711E-01 

 9.9999999708608711E-01 

 9.9999999708608711E-01 

 9.9999999708608711E-01 

 1.0000000006623226E+00 

 1.0000000006623226E+00 

 1.0000000006623226E+00 

 1.0000000006623226E+00 

 1.0000000006623226E+00 

 1.0000000006623226E+00 

 1.0000000006623226E+00 

 1.0000000006623226E+00 

 1.0000000006623226E+00 

 1.0000000006623226E+00 

 1.0000000028073244E+00 

 9.9999999570344156E-01 

 9.9999999769040926E-01 

 1.0000000538597380E+00 

 9.9999997199852009E-01 

 9.9999997117357486E-01 

 9.9999999608421608E-01 

 9.9999999608421608E-01 

 9.9999999608421608E-01 

 9.9999998474067731E-01 

 9.9999998474067731E-01 

 9.9999998474067731E-01 

 9.9999995144983200E-01 

 9.9999995144983200E-01 

 9.9999995144983200E-01 

 1.0000000662183275E+00 

 1.0000000662183275E+00 

 1.0000000662183275E+00 

 9.9999999645276860E-01 

 9.9999999645276860E-01 

 9.9999999645276860E-01 

 9.9999999645276860E-01 

 9.9999999645276860E-01 

 9.9999999645276860E-01 

 1.0000000118680916E+00 

 1.0000000118680916E+00 

 1.0000000118680916E+00 

 1.0000000118680918E+00 

 1.0000000118680918E+00 

 1.0000000118680918E+00 

 9.9999997412398400E-01 

 9.9999997412398400E-01 

 9.9999997412398400E-01 

 9.9999997412398312E-01 

 9.9999997412398312E-01 

 9.9999997412398312E-01 

 9.9999999999999978E-01 

 9.9999999999999978E-01 

 9.9999999999999978E-01 

 9.9999999999999978E-01 

 9.9999999999999978E-01 

 9.9999999999999978E-01 

 9.9999999999999978E-01 

 9.9999999999999978E-01 

 9.9999999999999978E-01 

 9.9999999999999978E-01 

 1.0000000028073244E+00 

 9.9999999570344156E-01 

 9.9999999769040926E-01 

 1.0000000538597380E+00 

 9.9999997199852009E-01 

 9.9999997117357486E-01 

 9.9999999608421608E-01 

 9.9999999608421608E-01 

 9.9999999608421608E-01 

 9.9999998474067731E-01 

 9.9999998474067731E-01 

 9.9999998474067731E-01 

 9.9999995144983200E-01 

 9.9999995144983200E-01 

 9.9999995144983200E-01 

 1.0000000662183275E+00 

 1.0000000662183275E+00 

 1.0000000662183275E+00 

 9.9999999645276860E-01 

 9.9999999645276860E-01 

 9.9999999645276860E-01 

 9.9999999645276860E-01 

 9.9999999645276860E-01 

 9.9999999645276860E-01 

 1.0000000118680916E+00 

 1.0000000118680916E+00 

 1.0000000118680916E+00 

 1.0000000118680918E+00 

 1.0000000118680918E+00 

 1.0000000118680918E+00 

 9.9999997412398400E-01 

 9.9999997412398400E-01 

 9.9999997412398400E-01 

 9.9999997412398312E-01 

 9.9999997412398312E-01 

 9.9999997412398312E-01 

 9.9999999999999978E-01 

 9.9999999999999978E-01 

 9.9999999999999978E-01 

 9.9999999999999978E-01 

 9.9999999999999978E-01 

 9.9999999999999978E-01 

 9.9999999999999978E-01 

 9.9999999999999978E-01 

 9.9999999999999978E-01 

 9.9999999999999978E-01 
