
 105374.9499999999970896  
 
 15679.2399999999997817  
 
 3534.5446999999999207  
 
 987.3651599999999462  
 
 315.9787499999999909  
 
 111.6542800000000000  
 
 42.6994510000000034  
 
 17.3955960000000012  
 
 7.4383090000000003  
 
 3.2228620000000001  
 
 1.2538769999999999  
 
 0.4951550000000000  
 
 0.1916650000000000  
 
 0.0670830000000000  
 
 105374.9499999999970896  
 
 15679.2399999999997817  
 
 3534.5446999999999207  
 
 987.3651599999999462  
 
 315.9787499999999909  
 
 111.6542800000000000  
 
 42.6994510000000034  
 
 17.3955960000000012  
 
 7.4383090000000003  
 
 3.2228620000000001  
 
 1.2538769999999999  
 
 0.4951550000000000  
 
 0.1916650000000000  
 
 0.0670830000000000  
 
 105374.9499999999970896  
 
 15679.2399999999997817  
 
 3534.5446999999999207  
 
 987.3651599999999462  
 
 315.9787499999999909  
 
 111.6542800000000000  
 
 42.6994510000000034  
 
 17.3955960000000012  
 
 7.4383090000000003  
 
 3.2228620000000001  
 
 1.2538769999999999  
 
 0.4951550000000000  
 
 0.1916650000000000  
 
 0.0670830000000000  
 
 105374.9499999999970896  
 
 15679.2399999999997817  
 
 3534.5446999999999207  
 
 987.3651599999999462  
 
 315.9787499999999909  
 
 111.6542800000000000  
 
 42.6994510000000034  
 
 17.3955960000000012  
 
 7.4383090000000003  
 
 3.2228620000000001  
 
 1.2538769999999999  
 
 0.4951550000000000  
 
 0.1916650000000000  
 
 0.0670830000000000  
 
 105374.9499999999970896  
 
 15679.2399999999997817  
 
 3534.5446999999999207  
 
 987.3651599999999462  
 
 315.9787499999999909  
 
 111.6542800000000000  
 
 42.6994510000000034  
 
 17.3955960000000012  
 
 7.4383090000000003  
 
 3.2228620000000001  
 
 1.2538769999999999  
 
 0.4951550000000000  
 
 0.1916650000000000  
 
 0.0670830000000000  
 
 105374.9499999999970896  
 
 15679.2399999999997817  
 
 3534.5446999999999207  
 
 987.3651599999999462  
 
 315.9787499999999909  
 
 111.6542800000000000  
 
 42.6994510000000034  
 
 17.3955960000000012  
 
 7.4383090000000003  
 
 3.2228620000000001  
 
 1.2538769999999999  
 
 0.4951550000000000  
 
 0.1916650000000000  
 
 0.0670830000000000  
 
 105374.9499999999970896  
 
 15679.2399999999997817  
 
 3534.5446999999999207  
 
 987.3651599999999462  
 
 315.9787499999999909  
 
 111.6542800000000000  
 
 42.6994510000000034  
 
 17.3955960000000012  
 
 7.4383090000000003  
 
 3.2228620000000001  
 
 1.2538769999999999  
 
 0.4951550000000000  
 
 0.1916650000000000  
 
 0.0670830000000000  
 
 105374.9499999999970896  
 
 15679.2399999999997817  
 
 3534.5446999999999207  
 
 987.3651599999999462  
 
 315.9787499999999909  
 
 111.6542800000000000  
 
 42.6994510000000034  
 
 17.3955960000000012  
 
 7.4383090000000003  
 
 3.2228620000000001  
 
 1.2538769999999999  
 
 0.4951550000000000  
 
 0.1916650000000000  
 
 0.0670830000000000  
 
 200.0000000000000000  
 
 46.5333669999999984  
 
 14.6218090000000007  
 
 5.3130639999999998  
 
 2.1025250000000000  
 
 0.8502230000000000  
 
 0.3375970000000000  
 
 0.1288920000000000  
 
 0.0451120000000000  
 
 200.0000000000000000  
 
 46.5333669999999984  
 
 14.6218090000000007  
 
 5.3130639999999998  
 
 2.1025250000000000  
 
 0.8502230000000000  
 
 0.3375970000000000  
 
 0.1288920000000000  
 
 0.0451120000000000  
 
 200.0000000000000000  
 
 46.5333669999999984  
 
 14.6218090000000007  
 
 5.3130639999999998  
 
 2.1025250000000000  
 
 0.8502230000000000  
 
 0.3375970000000000  
 
 0.1288920000000000  
 
 0.0451120000000000  
 
 200.0000000000000000  
 
 46.5333669999999984  
 
 14.6218090000000007  
 
 5.3130639999999998  
 
 2.1025250000000000  
 
 0.8502230000000000  
 
 0.3375970000000000  
 
 0.1288920000000000  
 
 0.0451120000000000  
 
 200.0000000000000000  
 
 46.5333669999999984  
 
 14.6218090000000007  
 
 5.3130639999999998  
 
 2.1025250000000000  
 
 0.8502230000000000  
 
 0.3375970000000000  
 
 0.1288920000000000  
 
 0.0451120000000000  
 
 200.0000000000000000  
 
 46.5333669999999984  
 
 14.6218090000000007  
 
 5.3130639999999998  
 
 2.1025250000000000  
 
 0.8502230000000000  
 
 0.3375970000000000  
 
 0.1288920000000000  
 
 0.0451120000000000  
 
 200.0000000000000000  
 
 46.5333669999999984  
 
 14.6218090000000007  
 
 5.3130639999999998  
 
 2.1025250000000000  
 
 0.8502230000000000  
 
 0.3375970000000000  
 
 0.1288920000000000  
 
 0.0451120000000000  
 
 200.0000000000000000  
 
 46.5333669999999984  
 
 14.6218090000000007  
 
 5.3130639999999998  
 
 2.1025250000000000  
 
 0.8502230000000000  
 
 0.3375970000000000  
 
 0.1288920000000000  
 
 0.0451120000000000  
 
 200.0000000000000000  
 
 46.5333669999999984  
 
 14.6218090000000007  
 
 5.3130639999999998  
 
 2.1025250000000000  
 
 0.8502230000000000  
 
 0.3375970000000000  
 
 0.1288920000000000  
 
 0.0451120000000000  
 
 200.0000000000000000  
 
 46.5333669999999984  
 
 14.6218090000000007  
 
 5.3130639999999998  
 
 2.1025250000000000  
 
 0.8502230000000000  
 
 0.3375970000000000  
 
 0.1288920000000000  
 
 0.0451120000000000  
 
 200.0000000000000000  
 
 46.5333669999999984  
 
 14.6218090000000007  
 
 5.3130639999999998  
 
 2.1025250000000000  
 
 0.8502230000000000  
 
 0.3375970000000000  
 
 0.1288920000000000  
 
 0.0451120000000000  
 
 200.0000000000000000  
 
 46.5333669999999984  
 
 14.6218090000000007  
 
 5.3130639999999998  
 
 2.1025250000000000  
 
 0.8502230000000000  
 
 0.3375970000000000  
 
 0.1288920000000000  
 
 0.0451120000000000  
 
 200.0000000000000000  
 
 46.5333669999999984  
 
 14.6218090000000007  
 
 5.3130639999999998  
 
 2.1025250000000000  
 
 0.8502230000000000  
 
 0.3375970000000000  
 
 0.1288920000000000  
 
 0.0451120000000000  
 
 200.0000000000000000  
 
 46.5333669999999984  
 
 14.6218090000000007  
 
 5.3130639999999998  
 
 2.1025250000000000  
 
 0.8502230000000000  
 
 0.3375970000000000  
 
 0.1288920000000000  
 
 0.0451120000000000  
 
 200.0000000000000000  
 
 46.5333669999999984  
 
 14.6218090000000007  
 
 5.3130639999999998  
 
 2.1025250000000000  
 
 0.8502230000000000  
 
 0.3375970000000000  
 
 0.1288920000000000  
 
 0.0451120000000000  
 
 200.0000000000000000  
 
 46.5333669999999984  
 
 14.6218090000000007  
 
 5.3130639999999998  
 
 2.1025250000000000  
 
 0.8502230000000000  
 
 0.3375970000000000  
 
 0.1288920000000000  
 
 0.0451120000000000  
 
 200.0000000000000000  
 
 46.5333669999999984  
 
 14.6218090000000007  
 
 5.3130639999999998  
 
 2.1025250000000000  
 
 0.8502230000000000  
 
 0.3375970000000000  
 
 0.1288920000000000  
 
 0.0451120000000000  
 
 200.0000000000000000  
 
 46.5333669999999984  
 
 14.6218090000000007  
 
 5.3130639999999998  
 
 2.1025250000000000  
 
 0.8502230000000000  
 
 0.3375970000000000  
 
 0.1288920000000000  
 
 0.0451120000000000  
 
 200.0000000000000000  
 
 46.5333669999999984  
 
 14.6218090000000007  
 
 5.3130639999999998  
 
 2.1025250000000000  
 
 0.8502230000000000  
 
 0.3375970000000000  
 
 0.1288920000000000  
 
 0.0451120000000000  
 
 200.0000000000000000  
 
 46.5333669999999984  
 
 14.6218090000000007  
 
 5.3130639999999998  
 
 2.1025250000000000  
 
 0.8502230000000000  
 
 0.3375970000000000  
 
 0.1288920000000000  
 
 0.0451120000000000  
 
 200.0000000000000000  
 
 46.5333669999999984  
 
 14.6218090000000007  
 
 5.3130639999999998  
 
 2.1025250000000000  
 
 0.8502230000000000  
 
 0.3375970000000000  
 
 0.1288920000000000  
 
 0.0451120000000000  
 
 3.7500000000000000  
 
 1.3125000000000000  
 
 0.4593750000000000  
 
 0.1607810000000000  
 
 3.7500000000000000  
 
 1.3125000000000000  
 
 0.4593750000000000  
 
 0.1607810000000000  
 
 3.7500000000000000  
 
 1.3125000000000000  
 
 0.4593750000000000  
 
 0.1607810000000000  
 
 3.7500000000000000  
 
 1.3125000000000000  
 
 0.4593750000000000  
 
 0.1607810000000000  
 
 3.7500000000000000  
 
 1.3125000000000000  
 
 0.4593750000000000  
 
 0.1607810000000000  
 
 3.7500000000000000  
 
 1.3125000000000000  
 
 0.4593750000000000  
 
 0.1607810000000000  
 
 3.7500000000000000  
 
 1.3125000000000000  
 
 0.4593750000000000  
 
 0.1607810000000000  
 
 3.7500000000000000  
 
 1.3125000000000000  
 
 0.4593750000000000  
 
 0.1607810000000000  
 
 3.7500000000000000  
 
 1.3125000000000000  
 
 0.4593750000000000  
 
 0.1607810000000000  
 
 3.7500000000000000  
 
 1.3125000000000000  
 
 0.4593750000000000  
 
 0.1607810000000000  
 
 3.7500000000000000  
 
 1.3125000000000000  
 
 0.4593750000000000  
 
 0.1607810000000000  
 
 3.7500000000000000  
 
 1.3125000000000000  
 
 0.4593750000000000  
 
 0.1607810000000000  
 
 3.7500000000000000  
 
 1.3125000000000000  
 
 0.4593750000000000  
 
 0.1607810000000000  
 
 3.7500000000000000  
 
 1.3125000000000000  
 
 0.4593750000000000  
 
 0.1607810000000000  
 
 3.7500000000000000  
 
 1.3125000000000000  
 
 0.4593750000000000  
 
 0.1607810000000000  
 
 3.7500000000000000  
 
 1.3125000000000000  
 
 0.4593750000000000  
 
 0.1607810000000000  
 
 3.7500000000000000  
 
 1.3125000000000000  
 
 0.4593750000000000  
 
 0.1607810000000000  
 
 3.7500000000000000  
 
 1.3125000000000000  
 
 0.4593750000000000  
 
 0.1607810000000000  
 
 3.7500000000000000  
 
 1.3125000000000000  
 
 0.4593750000000000  
 
 0.1607810000000000  
 
 3.7500000000000000  
 
 1.3125000000000000  
 
 0.4593750000000000  
 
 0.1607810000000000  
 
 3.7500000000000000  
 
 1.3125000000000000  
 
 0.4593750000000000  
 
 0.1607810000000000  
 
 3.7500000000000000  
 
 1.3125000000000000  
 
 0.4593750000000000  
 
 0.1607810000000000  
 
 3.7500000000000000  
 
 1.3125000000000000  
 
 0.4593750000000000  
 
 0.1607810000000000  
 
 3.7500000000000000  
 
 1.3125000000000000  
 
 0.4593750000000000  
 
 0.1607810000000000  
 
 2.3500000000000001  
 
 0.9399999999999999  
 
 0.3760000000000000  
 
 2.3500000000000001  
 
 0.9399999999999999  
 
 0.3760000000000000  
 
 2.3500000000000001  
 
 0.9399999999999999  
 
 0.3760000000000000  
 
 2.3500000000000001  
 
 0.9399999999999999  
 
 0.3760000000000000  
 
 2.3500000000000001  
 
 0.9399999999999999  
 
 0.3760000000000000  
 
 2.3500000000000001  
 
 0.9399999999999999  
 
 0.3760000000000000  
 
 2.3500000000000001  
 
 0.9399999999999999  
 
 0.3760000000000000  
 
 2.3500000000000001  
 
 0.9399999999999999  
 
 0.3760000000000000  
 
 2.3500000000000001  
 
 0.9399999999999999  
 
 0.3760000000000000  
 
 2.3500000000000001  
 
 0.9399999999999999  
 
 0.3760000000000000  
 
 2.3500000000000001  
 
 0.9399999999999999  
 
 0.3760000000000000  
 
 2.3500000000000001  
 
 0.9399999999999999  
 
 0.3760000000000000  
 
 2.3500000000000001  
 
 0.9399999999999999  
 
 0.3760000000000000  
 
 2.3500000000000001  
 
 0.9399999999999999  
 
 0.3760000000000000  
 
 2.3500000000000001  
 
 0.9399999999999999  
 
 0.3760000000000000  
 
 2.3500000000000001  
 
 0.9399999999999999  
 
 0.3760000000000000  
 
 2.3500000000000001  
 
 0.9399999999999999  
 
 0.3760000000000000  
 
 2.3500000000000001  
 
 0.9399999999999999  
 
 0.3760000000000000  
 
 2.3500000000000001  
 
 0.9399999999999999  
 
 0.3760000000000000  
 
 2.3500000000000001  
 
 0.9399999999999999  
 
 0.3760000000000000  
 
 2.3500000000000001  
 
 0.9399999999999999  
 
 0.3760000000000000  
 
 2.3500000000000001  
 
 0.9399999999999999  
 
 0.3760000000000000  
 
 2.3500000000000001  
 
 0.9399999999999999  
 
 0.3760000000000000  
 
 2.3500000000000001  
 
 0.9399999999999999  
 
 0.3760000000000000  
 
 2.3500000000000001  
 
 0.9399999999999999  
 
 0.3760000000000000  
 
 2.3500000000000001  
 
 0.9399999999999999  
 
 0.3760000000000000  
 
 2.3500000000000001  
 
 0.9399999999999999  
 
 0.3760000000000000  
 
 2.3500000000000001  
 
 0.9399999999999999  
 
 0.3760000000000000  
 
 2.3500000000000001  
 
 0.9399999999999999  
 
 0.3760000000000000  
 
 2.3500000000000001  
 
 0.9399999999999999  
 
 0.3760000000000000  
 
 188.6144500000000050  
 
 28.2765960000000014  
 
 6.4248300000000000  
 
 1.8150409999999999  
 
 0.5910630000000000  
 
 0.2121490000000000  
 
 0.0798910000000000  
 
 0.0279620000000000  
 
 188.6144500000000050  
 
 28.2765960000000014  
 
 6.4248300000000000  
 
 1.8150409999999999  
 
 0.5910630000000000  
 
 0.2121490000000000  
 
 0.0798910000000000  
 
 0.0279620000000000  
 
 188.6144500000000050  
 
 28.2765960000000014  
 
 6.4248300000000000  
 
 1.8150409999999999  
 
 0.5910630000000000  
 
 0.2121490000000000  
 
 0.0798910000000000  
 
 0.0279620000000000  
 
 188.6144500000000050  
 
 28.2765960000000014  
 
 6.4248300000000000  
 
 1.8150409999999999  
 
 0.5910630000000000  
 
 0.2121490000000000  
 
 0.0798910000000000  
 
 0.0279620000000000  
 
 188.6144500000000050  
 
 28.2765960000000014  
 
 6.4248300000000000  
 
 1.8150409999999999  
 
 0.5910630000000000  
 
 0.2121490000000000  
 
 0.0798910000000000  
 
 0.0279620000000000  
 
 188.6144500000000050  
 
 28.2765960000000014  
 
 6.4248300000000000  
 
 1.8150409999999999  
 
 0.5910630000000000  
 
 0.2121490000000000  
 
 0.0798910000000000  
 
 0.0279620000000000  
 
 2.3050000000000002  
 
 0.8067500000000000  
 
 0.2823620000000000  
 
 0.0988270000000000  
 
 2.3050000000000002  
 
 0.8067500000000000  
 
 0.2823620000000000  
 
 0.0988270000000000  
 
 2.3050000000000002  
 
 0.8067500000000000  
 
 0.2823620000000000  
 
 0.0988270000000000  
 
 2.3050000000000002  
 
 0.8067500000000000  
 
 0.2823620000000000  
 
 0.0988270000000000  
 
 2.3050000000000002  
 
 0.8067500000000000  
 
 0.2823620000000000  
 
 0.0988270000000000  
 
 2.3050000000000002  
 
 0.8067500000000000  
 
 0.2823620000000000  
 
 0.0988270000000000  
 
 2.3050000000000002  
 
 0.8067500000000000  
 
 0.2823620000000000  
 
 0.0988270000000000  
 
 2.3050000000000002  
 
 0.8067500000000000  
 
 0.2823620000000000  
 
 0.0988270000000000  
 
 2.3050000000000002  
 
 0.8067500000000000  
 
 0.2823620000000000  
 
 0.0988270000000000  
 
 2.3050000000000002  
 
 0.8067500000000000  
 
 0.2823620000000000  
 
 0.0988270000000000  
 
 2.3050000000000002  
 
 0.8067500000000000  
 
 0.2823620000000000  
 
 0.0988270000000000  
 
 2.3050000000000002  
 
 0.8067500000000000  
 
 0.2823620000000000  
 
 0.0988270000000000  
 
 1.8190000000000000  
 
 0.7276000000000000  
 
 0.2910400000000000  
 
 1.8190000000000000  
 
 0.7276000000000000  
 
 0.2910400000000000  
 
 1.8190000000000000  
 
 0.7276000000000000  
 
 0.2910400000000000  
 
 1.8190000000000000  
 
 0.7276000000000000  
 
 0.2910400000000000  
 
 1.8190000000000000  
 
 0.7276000000000000  
 
 0.2910400000000000  
 
 1.8190000000000000  
 
 0.7276000000000000  
 
 0.2910400000000000  
 
 1.8190000000000000  
 
 0.7276000000000000  
 
 0.2910400000000000  
 
 1.8190000000000000  
 
 0.7276000000000000  
 
 0.2910400000000000  
 
 1.8190000000000000  
 
 0.7276000000000000  
 
 0.2910400000000000  
 
 1.8190000000000000  
 
 0.7276000000000000  
 
 0.2910400000000000  
 
 1.8190000000000000  
 
 0.7276000000000000  
 
 0.2910400000000000  
 
 1.8190000000000000  
 
 0.7276000000000000  
 
 0.2910400000000000  
 
 1.8190000000000000  
 
 0.7276000000000000  
 
 0.2910400000000000  
 
 1.8190000000000000  
 
 0.7276000000000000  
 
 0.2910400000000000  
 
 1.8190000000000000  
 
 0.7276000000000000  
 
 0.2910400000000000  
 
 1.8190000000000000  
 
 0.7276000000000000  
 
 0.2910400000000000  
 
 1.8190000000000000  
 
 0.7276000000000000  
 
 0.2910400000000000  
 
 1.8190000000000000  
 
 0.7276000000000000  
 
 0.2910400000000000  
 
 0.9701090000000000  
 
 0.9701090000000000  
 
 0.9701090000000000  
 
 0.9701090000000000  
 
 0.9701090000000000  
 
 0.9701090000000000  
 
 0.9701090000000000  
 
 0.9701090000000000  
 
 0.9701090000000000  
 
 0.9701090000000000  
 
 188.6144500000000050  
 
 28.2765960000000014  
 
 6.4248300000000000  
 
 1.8150409999999999  
 
 0.5910630000000000  
 
 0.2121490000000000  
 
 0.0798910000000000  
 
 0.0279620000000000  
 
 188.6144500000000050  
 
 28.2765960000000014  
 
 6.4248300000000000  
 
 1.8150409999999999  
 
 0.5910630000000000  
 
 0.2121490000000000  
 
 0.0798910000000000  
 
 0.0279620000000000  
 
 188.6144500000000050  
 
 28.2765960000000014  
 
 6.4248300000000000  
 
 1.8150409999999999  
 
 0.5910630000000000  
 
 0.2121490000000000  
 
 0.0798910000000000  
 
 0.0279620000000000  
 
 188.6144500000000050  
 
 28.2765960000000014  
 
 6.4248300000000000  
 
 1.8150409999999999  
 
 0.5910630000000000  
 
 0.2121490000000000  
 
 0.0798910000000000  
 
 0.0279620000000000  
 
 188.6144500000000050  
 
 28.2765960000000014  
 
 6.4248300000000000  
 
 1.8150409999999999  
 
 0.5910630000000000  
 
 0.2121490000000000  
 
 0.0798910000000000  
 
 0.0279620000000000  
 
 188.6144500000000050  
 
 28.2765960000000014  
 
 6.4248300000000000  
 
 1.8150409999999999  
 
 0.5910630000000000  
 
 0.2121490000000000  
 
 0.0798910000000000  
 
 0.0279620000000000  
 
 2.3050000000000002  
 
 0.8067500000000000  
 
 0.2823620000000000  
 
 0.0988270000000000  
 
 2.3050000000000002  
 
 0.8067500000000000  
 
 0.2823620000000000  
 
 0.0988270000000000  
 
 2.3050000000000002  
 
 0.8067500000000000  
 
 0.2823620000000000  
 
 0.0988270000000000  
 
 2.3050000000000002  
 
 0.8067500000000000  
 
 0.2823620000000000  
 
 0.0988270000000000  
 
 2.3050000000000002  
 
 0.8067500000000000  
 
 0.2823620000000000  
 
 0.0988270000000000  
 
 2.3050000000000002  
 
 0.8067500000000000  
 
 0.2823620000000000  
 
 0.0988270000000000  
 
 2.3050000000000002  
 
 0.8067500000000000  
 
 0.2823620000000000  
 
 0.0988270000000000  
 
 2.3050000000000002  
 
 0.8067500000000000  
 
 0.2823620000000000  
 
 0.0988270000000000  
 
 2.3050000000000002  
 
 0.8067500000000000  
 
 0.2823620000000000  
 
 0.0988270000000000  
 
 2.3050000000000002  
 
 0.8067500000000000  
 
 0.2823620000000000  
 
 0.0988270000000000  
 
 2.3050000000000002  
 
 0.8067500000000000  
 
 0.2823620000000000  
 
 0.0988270000000000  
 
 2.3050000000000002  
 
 0.8067500000000000  
 
 0.2823620000000000  
 
 0.0988270000000000  
 
 1.8190000000000000  
 
 0.7276000000000000  
 
 0.2910400000000000  
 
 1.8190000000000000  
 
 0.7276000000000000  
 
 0.2910400000000000  
 
 1.8190000000000000  
 
 0.7276000000000000  
 
 0.2910400000000000  
 
 1.8190000000000000  
 
 0.7276000000000000  
 
 0.2910400000000000  
 
 1.8190000000000000  
 
 0.7276000000000000  
 
 0.2910400000000000  
 
 1.8190000000000000  
 
 0.7276000000000000  
 
 0.2910400000000000  
 
 1.8190000000000000  
 
 0.7276000000000000  
 
 0.2910400000000000  
 
 1.8190000000000000  
 
 0.7276000000000000  
 
 0.2910400000000000  
 
 1.8190000000000000  
 
 0.7276000000000000  
 
 0.2910400000000000  
 
 1.8190000000000000  
 
 0.7276000000000000  
 
 0.2910400000000000  
 
 1.8190000000000000  
 
 0.7276000000000000  
 
 0.2910400000000000  
 
 1.8190000000000000  
 
 0.7276000000000000  
 
 0.2910400000000000  
 
 1.8190000000000000  
 
 0.7276000000000000  
 
 0.2910400000000000  
 
 1.8190000000000000  
 
 0.7276000000000000  
 
 0.2910400000000000  
 
 1.8190000000000000  
 
 0.7276000000000000  
 
 0.2910400000000000  
 
 1.8190000000000000  
 
 0.7276000000000000  
 
 0.2910400000000000  
 
 1.8190000000000000  
 
 0.7276000000000000  
 
 0.2910400000000000  
 
 1.8190000000000000  
 
 0.7276000000000000  
 
 0.2910400000000000  
 
 0.9701090000000000  
 
 0.9701090000000000  
 
 0.9701090000000000  
 
 0.9701090000000000  
 
 0.9701090000000000  
 
 0.9701090000000000  
 
 0.9701090000000000  
 
 0.9701090000000000  
 
 0.9701090000000000  
 
 0.9701090000000000  
 