
 0.0001238600000000  
 
 0.0005120100000000  
 
 0.0021529100000000  
 
 0.0085284400000000  
 
 0.0301804900000000  
 
 0.0909970200000000  
 
 0.2177936400000000  
 
 0.3686245700000000  
 
 0.3366707300000000  
 
 0.0965763000000000  
 
 0.0021445200000000  
 
 0.0011943500000000  
 
 0.0005390200000000  
 
 0.0002103400000000  
 
 -0.0000281500000000  
 
 -0.0001163000000000  
 
 -0.0004909200000000  
 
 -0.0019461600000000  
 
 -0.0070053000000000  
 
 -0.0216781400000000  
 
 -0.0564121300000000  
 
 -0.1127053000000000  
 
 -0.1589119700000000  
 
 -0.0335508300000000  
 
 0.3531902800000000  
 
 0.5534199300000000  
 
 0.2301839100000000  
 
 0.0112726700000000  
 
 0.0000261600000000  
 
 0.0001074800000000  
 
 0.0004597200000000  
 
 0.0017955500000000  
 
 0.0066757400000000  
 
 0.0205344500000000  
 
 0.0582860200000000  
 
 0.1212969100000000  
 
 0.2264147500000000  
 
 -0.0423870000000000  
 
 -1.0104553800000000  
 
 -0.1538686800000000  
 
 0.9934532000000000  
 
 0.1858725400000000  
 
 -0.0000505800000000  
 
 -0.0002002400000000  
 
 -0.0009195200000000  
 
 -0.0032024000000000  
 
 -0.0135997400000000  
 
 -0.0339229600000000  
 
 -0.1168546200000000  
 
 -0.1404027500000000  
 
 -0.4754666600000000  
 
 0.8335009600000000  
 
 1.3018613800000001  
 
 -2.4817584400000001  
 
 0.8113465900000000  
 
 0.5821041700000000  
 
 0.0000519600000000  
 
 0.0001961200000000  
 
 0.0009930300000000  
 
 0.0029765800000000  
 
 0.0156407100000000  
 
 0.0323192300000000  
 
 0.1601225300000000  
 
 0.1538686700000000  
 
 0.9388630000000000  
 
 -3.1644272199999999  
 
 2.9454539199999998  
 
 -0.4672425600000000  
 
 -1.5950381300000001  
 
 1.3440348200000001  
 
 -0.0001076300000000  
 
 -0.0005239700000000  
 
 -0.0015400400000000  
 
 -0.0099942400000000  
 
 -0.0174217000000000  
 
 -0.1251401000000000  
 
 -0.0598483800000000  
 
 -0.7833081500000000  
 
 0.9190068700000000  
 
 1.5033597100000000  
 
 -4.1716640500000004  
 
 5.1880237800000000  
 
 -4.1038704700000004  
 
 1.7519836000000000  
 
 0.0002826000000000  
 
 0.0012991800000000  
 
 0.0043215900000000  
 
 0.0238704200000000  
 
 0.0525507200000000  
 
 0.2906132400000000  
 
 0.2016795600000000  
 
 1.5183728900000000  
 
 -5.3802997899999996  
 
 6.6571212500000003  
 
 -5.4907552500000003  
 
 3.9589857400000001  
 
 -2.2629856799999999  
 
 0.7963770100000001  
 
 -0.0007428200000000  
 
 -0.0023423300000000  
 
 -0.0159164000000000  
 
 -0.0265454600000000  
 
 -0.2591415900000000  
 
 -0.1028302400000000  
 
 -2.1347983799999999  
 
 6.0508192699999999  
 
 -7.4685049299999999  
 
 5.7313133900000004  
 
 -3.4391875299999999  
 
 1.9809469799999999  
 
 -0.9220719200000000  
 
 0.2607713600000000  
 
 0.0009173000000000  
 
 0.0073771400000000  
 
 0.0348351500000000  
 
 0.1144397000000000  
 
 0.2554966400000000  
 
 0.3722557400000000  
 
 0.3323314900000000  
 
 0.1400847900000000  
 
 0.0239578400000000  
 
 0.0009173000000000  
 
 0.0073771400000000  
 
 0.0348351500000000  
 
 0.1144397000000000  
 
 0.2554966400000000  
 
 0.3722557400000000  
 
 0.3323314900000000  
 
 0.1400847900000000  
 
 0.0239578400000000  
 
 0.0009173000000000  
 
 0.0073771400000000  
 
 0.0348351500000000  
 
 0.1144397000000000  
 
 0.2554966400000000  
 
 0.3722557400000000  
 
 0.3323314900000000  
 
 0.1400847900000000  
 
 0.0239578400000000  
 
 -0.0008721300000000  
 
 -0.0070642400000000  
 
 -0.0333048900000000  
 
 -0.1144127500000000  
 
 -0.2990106800000000  
 
 -0.3198605400000000  
 
 0.2055090000000000  
 
 0.5935926800000000  
 
 0.2822902700000000  
 
 -0.0008721300000000  
 
 -0.0070642400000000  
 
 -0.0333048900000000  
 
 -0.1144127500000000  
 
 -0.2990106800000000  
 
 -0.3198605400000000  
 
 0.2055090000000000  
 
 0.5935926800000000  
 
 0.2822902700000000  
 
 -0.0008721300000000  
 
 -0.0070642400000000  
 
 -0.0333048900000000  
 
 -0.1144127500000000  
 
 -0.2990106800000000  
 
 -0.3198605400000000  
 
 0.2055090000000000  
 
 0.5935926800000000  
 
 0.2822902700000000  
 
 0.0012960300000000  
 
 0.0115127900000000  
 
 0.0515912000000000  
 
 0.2045940700000000  
 
 0.5501934500000000  
 
 -0.1487203800000000  
 
 -0.8969008500000000  
 
 0.2470759700000000  
 
 0.6444340500000000  
 
 0.0012960300000000  
 
 0.0115127900000000  
 
 0.0515912000000000  
 
 0.2045940700000000  
 
 0.5501934500000000  
 
 -0.1487203800000000  
 
 -0.8969008500000000  
 
 0.2470759700000000  
 
 0.6444340500000000  
 
 0.0012960300000000  
 
 0.0115127900000000  
 
 0.0515912000000000  
 
 0.2045940700000000  
 
 0.5501934500000000  
 
 -0.1487203800000000  
 
 -0.8969008500000000  
 
 0.2470759700000000  
 
 0.6444340500000000  
 
 -0.0019560200000000  
 
 -0.0239958500000000  
 
 -0.0911842700000000  
 
 -0.5286338800000000  
 
 -0.3819831400000000  
 
 1.4419881600000000  
 
 -0.6736614600000000  
 
 -0.6649695000000000  
 
 0.8297710700000001  
 
 -0.0019560200000000  
 
 -0.0239958500000000  
 
 -0.0911842700000000  
 
 -0.5286338800000000  
 
 -0.3819831400000000  
 
 1.4419881600000000  
 
 -0.6736614600000000  
 
 -0.6649695000000000  
 
 0.8297710700000001  
 
 -0.0019560200000000  
 
 -0.0239958500000000  
 
 -0.0911842700000000  
 
 -0.5286338800000000  
 
 -0.3819831400000000  
 
 1.4419881600000000  
 
 -0.6736614600000000  
 
 -0.6649695000000000  
 
 0.8297710700000001  
 
 0.0031945200000000  
 
 0.0385870300000000  
 
 0.1787854700000000  
 
 1.0098449899999999  
 
 -1.4724347099999999  
 
 0.2083701100000000  
 
 1.2971375000000001  
 
 -1.7183888400000000  
 
 0.9775831800000000  
 
 0.0031945200000000  
 
 0.0385870300000000  
 
 0.1787854700000000  
 
 1.0098449899999999  
 
 -1.4724347099999999  
 
 0.2083701100000000  
 
 1.2971375000000001  
 
 -1.7183888400000000  
 
 0.9775831800000000  
 
 0.0031945200000000  
 
 0.0385870300000000  
 
 0.1787854700000000  
 
 1.0098449899999999  
 
 -1.4724347099999999  
 
 0.2083701100000000  
 
 1.2971375000000001  
 
 -1.7183888400000000  
 
 0.9775831800000000  
 
 -0.0091718200000000  
 
 -0.0097887900000000  
 
 -0.5321057500000000  
 
 -0.4050598400000000  
 
 2.1335847200000000  
 
 -3.1587934000000000  
 
 3.0462458799999999  
 
 -2.0994135900000002  
 
 0.8738072800000000  
 
 -0.0091718200000000  
 
 -0.0097887900000000  
 
 -0.5321057500000000  
 
 -0.4050598400000000  
 
 2.1335847200000000  
 
 -3.1587934000000000  
 
 3.0462458799999999  
 
 -2.0994135900000002  
 
 0.8738072800000000  
 
 -0.0091718200000000  
 
 -0.0097887900000000  
 
 -0.5321057500000000  
 
 -0.4050598400000000  
 
 2.1335847200000000  
 
 -3.1587934000000000  
 
 3.0462458799999999  
 
 -2.0994135900000002  
 
 0.8738072800000000  
 
 0.0294552500000000  
 
 -0.0270547800000000  
 
 1.7271253499999999  
 
 -3.0092751099999999  
 
 3.0862491300000001  
 
 -2.4184060299999999  
 
 1.5748028300000001  
 
 -0.8358320500000000  
 
 0.2925522200000000  
 
 0.0294552500000000  
 
 -0.0270547800000000  
 
 1.7271253499999999  
 
 -3.0092751099999999  
 
 3.0862491300000001  
 
 -2.4184060299999999  
 
 1.5748028300000001  
 
 -0.8358320500000000  
 
 0.2925522200000000  
 
 0.0294552500000000  
 
 -0.0270547800000000  
 
 1.7271253499999999  
 
 -3.0092751099999999  
 
 3.0862491300000001  
 
 -2.4184060299999999  
 
 1.5748028300000001  
 
 -0.8358320500000000  
 
 0.2925522200000000  
 
 0.1360975800000000  
 
 0.5140147500000000  
 
 0.4740712500000000  
 
 0.0816690500000000  
 
 0.1360975800000000  
 
 0.5140147500000000  
 
 0.4740712500000000  
 
 0.0816690500000000  
 
 0.1360975800000000  
 
 0.5140147500000000  
 
 0.4740712500000000  
 
 0.0816690500000000  
 
 0.1360975800000000  
 
 0.5140147500000000  
 
 0.4740712500000000  
 
 0.0816690500000000  
 
 0.1360975800000000  
 
 0.5140147500000000  
 
 0.4740712500000000  
 
 0.0816690500000000  
 
 0.1360975800000000  
 
 0.5140147500000000  
 
 0.4740712500000000  
 
 0.0816690500000000  
 
 -0.3915195300000000  
 
 -0.6226272800000000  
 
 0.7216007300000000  
 
 0.3187010300000000  
 
 -0.3915195300000000  
 
 -0.6226272800000000  
 
 0.7216007300000000  
 
 0.3187010300000000  
 
 -0.3915195300000000  
 
 -0.6226272800000000  
 
 0.7216007300000000  
 
 0.3187010300000000  
 
 -0.3915195300000000  
 
 -0.6226272800000000  
 
 0.7216007300000000  
 
 0.3187010300000000  
 
 -0.3915195300000000  
 
 -0.6226272800000000  
 
 0.7216007300000000  
 
 0.3187010300000000  
 
 -0.3915195300000000  
 
 -0.6226272800000000  
 
 0.7216007300000000  
 
 0.3187010300000000  
 
 0.9519974800000000  
 
 -0.6773662400000000  
 
 -0.3460856900000000  
 
 0.8152454700000000  
 
 0.9519974800000000  
 
 -0.6773662400000000  
 
 -0.3460856900000000  
 
 0.8152454700000000  
 
 0.9519974800000000  
 
 -0.6773662400000000  
 
 -0.3460856900000000  
 
 0.8152454700000000  
 
 0.9519974800000000  
 
 -0.6773662400000000  
 
 -0.3460856900000000  
 
 0.8152454700000000  
 
 0.9519974800000000  
 
 -0.6773662400000000  
 
 -0.3460856900000000  
 
 0.8152454700000000  
 
 0.9519974800000000  
 
 -0.6773662400000000  
 
 -0.3460856900000000  
 
 0.8152454700000000  
 
 -0.9267066000000000  
 
 1.5342007000000000  
 
 -1.6122161300000000  
 
 1.0788998999999999  
 
 -0.9267066000000000  
 
 1.5342007000000000  
 
 -1.6122161300000000  
 
 1.0788998999999999  
 
 -0.9267066000000000  
 
 1.5342007000000000  
 
 -1.6122161300000000  
 
 1.0788998999999999  
 
 -0.9267066000000000  
 
 1.5342007000000000  
 
 -1.6122161300000000  
 
 1.0788998999999999  
 
 -0.9267066000000000  
 
 1.5342007000000000  
 
 -1.6122161300000000  
 
 1.0788998999999999  
 
 -0.9267066000000000  
 
 1.5342007000000000  
 
 -1.6122161300000000  
 
 1.0788998999999999  
 
 0.3346064200000000  
 
 0.5613667200000000  
 
 0.2957278600000000  
 
 0.3346064200000000  
 
 0.5613667200000000  
 
 0.2957278600000000  
 
 0.3346064200000000  
 
 0.5613667200000000  
 
 0.2957278600000000  
 
 0.3346064200000000  
 
 0.5613667200000000  
 
 0.2957278600000000  
 
 0.3346064200000000  
 
 0.5613667200000000  
 
 0.2957278600000000  
 
 0.3346064200000000  
 
 0.5613667200000000  
 
 0.2957278600000000  
 
 0.3346064200000000  
 
 0.5613667200000000  
 
 0.2957278600000000  
 
 0.3346064200000000  
 
 0.5613667200000000  
 
 0.2957278600000000  
 
 0.3346064200000000  
 
 0.5613667200000000  
 
 0.2957278600000000  
 
 0.3346064200000000  
 
 0.5613667200000000  
 
 0.2957278600000000  
 
 -0.8367770700000000  
 
 0.1072197000000000  
 
 0.7295506100000000  
 
 -0.8367770700000000  
 
 0.1072197000000000  
 
 0.7295506100000000  
 
 -0.8367770700000000  
 
 0.1072197000000000  
 
 0.7295506100000000  
 
 -0.8367770700000000  
 
 0.1072197000000000  
 
 0.7295506100000000  
 
 -0.8367770700000000  
 
 0.1072197000000000  
 
 0.7295506100000000  
 
 -0.8367770700000000  
 
 0.1072197000000000  
 
 0.7295506100000000  
 
 -0.8367770700000000  
 
 0.1072197000000000  
 
 0.7295506100000000  
 
 -0.8367770700000000  
 
 0.1072197000000000  
 
 0.7295506100000000  
 
 -0.8367770700000000  
 
 0.1072197000000000  
 
 0.7295506100000000  
 
 -0.8367770700000000  
 
 0.1072197000000000  
 
 0.7295506100000000  
 
 1.0491932700000000  
 
 -1.6599432199999999  
 
 1.1372180000000001  
 
 1.0491932700000000  
 
 -1.6599432199999999  
 
 1.1372180000000001  
 
 1.0491932700000000  
 
 -1.6599432199999999  
 
 1.1372180000000001  
 
 1.0491932700000000  
 
 -1.6599432199999999  
 
 1.1372180000000001  
 
 1.0491932700000000  
 
 -1.6599432199999999  
 
 1.1372180000000001  
 
 1.0491932700000000  
 
 -1.6599432199999999  
 
 1.1372180000000001  
 
 1.0491932700000000  
 
 -1.6599432199999999  
 
 1.1372180000000001  
 
 1.0491932700000000  
 
 -1.6599432199999999  
 
 1.1372180000000001  
 
 1.0491932700000000  
 
 -1.6599432199999999  
 
 1.1372180000000001  
 
 1.0491932700000000  
 
 -1.6599432199999999  
 
 1.1372180000000001  
 
 0.0009638500000000  
 
 0.0074919600000000  
 
 0.0375954100000000  
 
 0.1433949800000000  
 
 0.3486363000000000  
 
 0.4382973600000000  
 
 0.1651066100000000  
 
 0.0210228700000000  
 
 -0.0013119000000000  
 
 -0.0103451000000000  
 
 -0.0504953000000000  
 
 -0.2073855000000000  
 
 -0.4350885000000000  
 
 -0.0247297000000000  
 
 0.3225259900000000  
 
 0.7072753800000000  
 
 0.0024224000000000  
 
 0.0203381700000000  
 
 0.0896393500000000  
 
 0.4422907100000000  
 
 0.5757143900000000  
 
 -0.9802890000000000  
 
 -0.6721538000000000  
 
 1.1417685000000000  
 
 -0.0115701000000000  
 
 -0.0837154000000000  
 
 -0.4451663000000000  
 
 -1.1462710000000000  
 
 2.5031870999999999  
 
 -1.5828490000000000  
 
 0.0309656900000000  
 
 0.3086286400000000  
 
 0.0147809900000000  
 
 0.0940318700000000  
 
 0.5361801600000000  
 
 -0.6089639000000000  
 
 -1.1148890000000000  
 
 3.4820812000000001  
 
 -3.7625389999999999  
 
 1.6766932000000001  
 
 -0.0212892000000000  
 
 -0.1095596000000000  
 
 -1.4818260000000001  
 
 3.0272963000000002  
 
 -3.7630859999999999  
 
 3.6574130999999999  
 
 -2.5012370000000002  
 
 0.8940539400000000  
 
 0.1127901900000000  
 
 0.4185075300000000  
 
 0.4700077300000000  
 
 0.1826260300000000  
 
 0.1127901900000000  
 
 0.4185075300000000  
 
 0.4700077300000000  
 
 0.1826260300000000  
 
 0.1127901900000000  
 
 0.4185075300000000  
 
 0.4700077300000000  
 
 0.1826260300000000  
 
 -0.2108688000000000  
 
 -0.5943796000000000  
 
 0.0896888800000000  
 
 0.8611634000000000  
 
 -0.2108688000000000  
 
 -0.5943796000000000  
 
 0.0896888800000000  
 
 0.8611634000000000  
 
 -0.2108688000000000  
 
 -0.5943796000000000  
 
 0.0896888800000000  
 
 0.8611634000000000  
 
 0.7599501100000000  
 
 0.1646159000000000  
 
 -1.3710140000000000  
 
 1.0593155000000001  
 
 0.7599501100000000  
 
 0.1646159000000000  
 
 -1.3710140000000000  
 
 1.0593155000000001  
 
 0.7599501100000000  
 
 0.1646159000000000  
 
 -1.3710140000000000  
 
 1.0593155000000001  
 
 -1.4427420000000000  
 
 2.3489914000000001  
 
 -1.9911520000000000  
 
 0.9050560100000000  
 
 -1.4427420000000000  
 
 2.3489914000000001  
 
 -1.9911520000000000  
 
 0.9050560100000000  
 
 -1.4427420000000000  
 
 2.3489914000000001  
 
 -1.9911520000000000  
 
 0.9050560100000000  
 
 0.2705134100000000  
 
 0.5510125000000000  
 
 0.3310866400000000  
 
 0.2705134100000000  
 
 0.5510125000000000  
 
 0.3310866400000000  
 
 0.2705134100000000  
 
 0.5510125000000000  
 
 0.3310866400000000  
 
 0.2705134100000000  
 
 0.5510125000000000  
 
 0.3310866400000000  
 
 0.2705134100000000  
 
 0.5510125000000000  
 
 0.3310866400000000  
 
 0.2705134100000000  
 
 0.5510125000000000  
 
 0.3310866400000000  
 
 -0.7938035000000000  
 
 -0.0914252000000000  
 
 0.8620033400000000  
 
 -0.7938035000000000  
 
 -0.0914252000000000  
 
 0.8620033400000000  
 
 -0.7938035000000000  
 
 -0.0914252000000000  
 
 0.8620033400000000  
 
 -0.7938035000000000  
 
 -0.0914252000000000  
 
 0.8620033400000000  
 
 -0.7938035000000000  
 
 -0.0914252000000000  
 
 0.8620033400000000  
 
 -0.7938035000000000  
 
 -0.0914252000000000  
 
 0.8620033400000000  
 
 1.3082769999999999  
 
 -2.0210590000000002  
 
 1.2498887999999999  
 
 1.3082769999999999  
 
 -2.0210590000000002  
 
 1.2498887999999999  
 
 1.3082769999999999  
 
 -2.0210590000000002  
 
 1.2498887999999999  
 
 1.3082769999999999  
 
 -2.0210590000000002  
 
 1.2498887999999999  
 
 1.3082769999999999  
 
 -2.0210590000000002  
 
 1.2498887999999999  
 
 1.3082769999999999  
 
 -2.0210590000000002  
 
 1.2498887999999999  
 
 1.0000000000000000  
 
 1.0000000000000000  
 
 1.0000000000000000  
 
 1.0000000000000000  
 
 1.0000000000000000  
 
 1.0000000000000000  
 
 1.0000000000000000  
 
 1.0000000000000000  
 
 1.0000000000000000  
 
 1.0000000000000000  
 
 0.0009638500000000  
 
 0.0074919600000000  
 
 0.0375954100000000  
 
 0.1433949800000000  
 
 0.3486363000000000  
 
 0.4382973600000000  
 
 0.1651066100000000  
 
 0.0210228700000000  
 
 -0.0013119000000000  
 
 -0.0103451000000000  
 
 -0.0504953000000000  
 
 -0.2073855000000000  
 
 -0.4350885000000000  
 
 -0.0247297000000000  
 
 0.3225259900000000  
 
 0.7072753800000000  
 
 0.0024224000000000  
 
 0.0203381700000000  
 
 0.0896393500000000  
 
 0.4422907100000000  
 
 0.5757143900000000  
 
 -0.9802890000000000  
 
 -0.6721538000000000  
 
 1.1417685000000000  
 
 -0.0115701000000000  
 
 -0.0837154000000000  
 
 -0.4451663000000000  
 
 -1.1462710000000000  
 
 2.5031870999999999  
 
 -1.5828490000000000  
 
 0.0309656900000000  
 
 0.3086286400000000  
 
 0.0147809900000000  
 
 0.0940318700000000  
 
 0.5361801600000000  
 
 -0.6089639000000000  
 
 -1.1148890000000000  
 
 3.4820812000000001  
 
 -3.7625389999999999  
 
 1.6766932000000001  
 
 -0.0212892000000000  
 
 -0.1095596000000000  
 
 -1.4818260000000001  
 
 3.0272963000000002  
 
 -3.7630859999999999  
 
 3.6574130999999999  
 
 -2.5012370000000002  
 
 0.8940539400000000  
 
 0.1127901900000000  
 
 0.4185075300000000  
 
 0.4700077300000000  
 
 0.1826260300000000  
 
 0.1127901900000000  
 
 0.4185075300000000  
 
 0.4700077300000000  
 
 0.1826260300000000  
 
 0.1127901900000000  
 
 0.4185075300000000  
 
 0.4700077300000000  
 
 0.1826260300000000  
 
 -0.2108688000000000  
 
 -0.5943796000000000  
 
 0.0896888800000000  
 
 0.8611634000000000  
 
 -0.2108688000000000  
 
 -0.5943796000000000  
 
 0.0896888800000000  
 
 0.8611634000000000  
 
 -0.2108688000000000  
 
 -0.5943796000000000  
 
 0.0896888800000000  
 
 0.8611634000000000  
 
 0.7599501100000000  
 
 0.1646159000000000  
 
 -1.3710140000000000  
 
 1.0593155000000001  
 
 0.7599501100000000  
 
 0.1646159000000000  
 
 -1.3710140000000000  
 
 1.0593155000000001  
 
 0.7599501100000000  
 
 0.1646159000000000  
 
 -1.3710140000000000  
 
 1.0593155000000001  
 
 -1.4427420000000000  
 
 2.3489914000000001  
 
 -1.9911520000000000  
 
 0.9050560100000000  
 
 -1.4427420000000000  
 
 2.3489914000000001  
 
 -1.9911520000000000  
 
 0.9050560100000000  
 
 -1.4427420000000000  
 
 2.3489914000000001  
 
 -1.9911520000000000  
 
 0.9050560100000000  
 
 0.2705134100000000  
 
 0.5510125000000000  
 
 0.3310866400000000  
 
 0.2705134100000000  
 
 0.5510125000000000  
 
 0.3310866400000000  
 
 0.2705134100000000  
 
 0.5510125000000000  
 
 0.3310866400000000  
 
 0.2705134100000000  
 
 0.5510125000000000  
 
 0.3310866400000000  
 
 0.2705134100000000  
 
 0.5510125000000000  
 
 0.3310866400000000  
 
 0.2705134100000000  
 
 0.5510125000000000  
 
 0.3310866400000000  
 
 -0.7938035000000000  
 
 -0.0914252000000000  
 
 0.8620033400000000  
 
 -0.7938035000000000  
 
 -0.0914252000000000  
 
 0.8620033400000000  
 
 -0.7938035000000000  
 
 -0.0914252000000000  
 
 0.8620033400000000  
 
 -0.7938035000000000  
 
 -0.0914252000000000  
 
 0.8620033400000000  
 
 -0.7938035000000000  
 
 -0.0914252000000000  
 
 0.8620033400000000  
 
 -0.7938035000000000  
 
 -0.0914252000000000  
 
 0.8620033400000000  
 
 1.3082769999999999  
 
 -2.0210590000000002  
 
 1.2498887999999999  
 
 1.3082769999999999  
 
 -2.0210590000000002  
 
 1.2498887999999999  
 
 1.3082769999999999  
 
 -2.0210590000000002  
 
 1.2498887999999999  
 
 1.3082769999999999  
 
 -2.0210590000000002  
 
 1.2498887999999999  
 
 1.3082769999999999  
 
 -2.0210590000000002  
 
 1.2498887999999999  
 
 1.3082769999999999  
 
 -2.0210590000000002  
 
 1.2498887999999999  
 
 1.0000000000000000  
 
 1.0000000000000000  
 
 1.0000000000000000  
 
 1.0000000000000000  
 
 1.0000000000000000  
 
 1.0000000000000000  
 
 1.0000000000000000  
 
 1.0000000000000000  
 
 1.0000000000000000  
 
 1.0000000000000000  
 