
 1264.5856900000001133 
 189.9368059999999900 
 43.1590890000000016 
 12.0986627000000002 
 3.8063232199999999 
 1.2728903000000000 
 3.1964630980000002 
 0.7478133038000000 
 0.2199663302000000 
 3.1964630980000002 
 0.7478133038000000 
 0.2199663302000000 
 3.1964630980000002 
 0.7478133038000000 
 0.2199663302000000 
 3.1964630980000002 
 0.7478133038000000 
 0.2199663302000000 
 0.0823099007000000 
 0.0823099007000000 
 0.0823099007000000 
 0.0823099007000000 
 0.0207000000000000 
 0.0207000000000000 
 0.0207000000000000 
 0.0207000000000000 
 0.4000000000000000 
 0.4000000000000000 
 0.4000000000000000 
 0.4000000000000000 
 0.4000000000000000 
 0.4000000000000000 