
 0.0019447576000000  
 
 0.0148350520000000  
 
 0.0720905463000000  
 
 0.2371541500000000  
 
 0.4691986519000000  
 
 0.3565202279000000  
 
 -0.1126487285000000  
 
 -0.2295064079000000  
 
 1.1869167640000000  
 
 0.0559801998000000  
 
 0.2615506110000000  
 
 0.7939723389000000  
 
 0.0559801998000000  
 
 0.2615506110000000  
 
 0.7939723389000000  
 
 0.0559801998000000  
 
 0.2615506110000000  
 
 0.7939723389000000  
 
 1.0000000000000000  
 
 1.0000000000000000  
 
 1.0000000000000000  
 
 1.0000000000000000  
 
 1.0000000000000000  
 
 1.0000000000000000  
 
 1.0000000000000000  
 
 1.0000000000000000  
 
 1.0000000000000000  
 
 1.0000000000000000  
 
 1.0000000000000000  
 
 1.0000000000000000  
 
 1.0000000000000000  
 
 1.0000000000000000  
 