
 9.9999999667363038E-01 

 1.0000000037509305E+00 

 9.9999999906757142E-01 

 9.9999999932423567E-01 

 9.9999999906609793E-01 

 9.9999999979090970E-01 

 1.0000000013549561E+00 

 1.0000000023604130E+00 

 9.9999999960384134E-01 

 9.9999999960384134E-01 

 9.9999999960384134E-01 

 9.9999999868574063E-01 

 9.9999999868574063E-01 

 9.9999999868574063E-01 

 1.0000000001196769E+00 

 1.0000000001196769E+00 

 1.0000000001196769E+00 

 1.0000000013570070E+00 

 1.0000000013570070E+00 

 1.0000000013570070E+00 

 9.9999999756786684E-01 

 9.9999999756786684E-01 

 9.9999999756786684E-01 

 9.9999999729252975E-01 

 9.9999999729252975E-01 

 9.9999999729252975E-01 

 1.0000000021084137E+00 

 1.0000000021084137E+00 

 1.0000000021084137E+00 

 1.0000000032549212E+00 

 1.0000000032549212E+00 

 1.0000000032549212E+00 

 1.0000000032549212E+00 

 1.0000000032549212E+00 

 1.0000000032549212E+00 

 9.9999999849752275E-01 

 9.9999999849752275E-01 

 9.9999999849752275E-01 

 9.9999999849752297E-01 

 9.9999999849752297E-01 

 9.9999999849752297E-01 

 1.0000000029067753E+00 

 1.0000000029067753E+00 

 1.0000000029067753E+00 

 1.0000000029067755E+00 

 1.0000000029067755E+00 

 1.0000000029067755E+00 

 1.0000000012281738E+00 

 1.0000000012281738E+00 

 1.0000000012281738E+00 

 1.0000000012281738E+00 

 1.0000000012281738E+00 

 1.0000000012281738E+00 

 1.0000000072982775E+00 

 1.0000000072982775E+00 

 1.0000000072982775E+00 

 1.0000000072982775E+00 

 1.0000000072982775E+00 

 1.0000000072982775E+00 

 1.0000000072982775E+00 

 1.0000000072982775E+00 

 1.0000000072982775E+00 

 1.0000000072982775E+00 

 9.9999999635892589E-01 

 9.9999999635892589E-01 

 9.9999999635892589E-01 

 9.9999999635892589E-01 

 9.9999999635892589E-01 

 9.9999999635892589E-01 

 9.9999999635892589E-01 

 9.9999999635892589E-01 

 9.9999999635892589E-01 

 9.9999999635892589E-01 

 9.9999999958324048E-01 

 9.9999999958324048E-01 

 9.9999999958324048E-01 

 9.9999999958324093E-01 

 9.9999999958324093E-01 

 9.9999999958324071E-01 

 9.9999999958324093E-01 

 9.9999999958324071E-01 

 9.9999999958324071E-01 

 9.9999999958324048E-01 

 1.0000000028073244E+00 

 9.9999999570344156E-01 

 9.9999999769040926E-01 

 1.0000000538597380E+00 

 9.9999997199852009E-01 

 9.9999997117357486E-01 

 9.9999999608421608E-01 

 9.9999999608421608E-01 

 9.9999999608421608E-01 

 9.9999998474067731E-01 

 9.9999998474067731E-01 

 9.9999998474067731E-01 

 9.9999995144983200E-01 

 9.9999995144983200E-01 

 9.9999995144983200E-01 

 1.0000000662183275E+00 

 1.0000000662183275E+00 

 1.0000000662183275E+00 

 9.9999999645276860E-01 

 9.9999999645276860E-01 

 9.9999999645276860E-01 

 9.9999999645276860E-01 

 9.9999999645276860E-01 

 9.9999999645276860E-01 

 1.0000000118680916E+00 

 1.0000000118680916E+00 

 1.0000000118680916E+00 

 1.0000000118680918E+00 

 1.0000000118680918E+00 

 1.0000000118680918E+00 

 9.9999997412398400E-01 

 9.9999997412398400E-01 

 9.9999997412398400E-01 

 9.9999997412398312E-01 

 9.9999997412398312E-01 

 9.9999997412398312E-01 

 9.9999999999999978E-01 

 9.9999999999999978E-01 

 9.9999999999999978E-01 

 9.9999999999999978E-01 

 9.9999999999999978E-01 

 9.9999999999999978E-01 

 9.9999999999999978E-01 

 9.9999999999999978E-01 

 9.9999999999999978E-01 

 9.9999999999999978E-01 

 1.0000000028073244E+00 

 9.9999999570344156E-01 

 9.9999999769040926E-01 

 1.0000000538597380E+00 

 9.9999997199852009E-01 

 9.9999997117357486E-01 

 9.9999999608421608E-01 

 9.9999999608421608E-01 

 9.9999999608421608E-01 

 9.9999998474067731E-01 

 9.9999998474067731E-01 

 9.9999998474067731E-01 

 9.9999995144983200E-01 

 9.9999995144983200E-01 

 9.9999995144983200E-01 

 1.0000000662183275E+00 

 1.0000000662183275E+00 

 1.0000000662183275E+00 

 9.9999999645276860E-01 

 9.9999999645276860E-01 

 9.9999999645276860E-01 

 9.9999999645276860E-01 

 9.9999999645276860E-01 

 9.9999999645276860E-01 

 1.0000000118680916E+00 

 1.0000000118680916E+00 

 1.0000000118680916E+00 

 1.0000000118680918E+00 

 1.0000000118680918E+00 

 1.0000000118680918E+00 

 9.9999997412398400E-01 

 9.9999997412398400E-01 

 9.9999997412398400E-01 

 9.9999997412398312E-01 

 9.9999997412398312E-01 

 9.9999997412398312E-01 

 9.9999999999999978E-01 

 9.9999999999999978E-01 

 9.9999999999999978E-01 

 9.9999999999999978E-01 

 9.9999999999999978E-01 

 9.9999999999999978E-01 

 9.9999999999999978E-01 

 9.9999999999999978E-01 

 9.9999999999999978E-01 

 9.9999999999999978E-01 

 1.0000000028073244E+00 

 9.9999999570344156E-01 

 9.9999999769040926E-01 

 1.0000000538597380E+00 

 9.9999997199852009E-01 

 9.9999997117357486E-01 

 9.9999999608421608E-01 

 9.9999999608421608E-01 

 9.9999999608421608E-01 

 9.9999998474067731E-01 

 9.9999998474067731E-01 

 9.9999998474067731E-01 

 9.9999995144983200E-01 

 9.9999995144983200E-01 

 9.9999995144983200E-01 

 1.0000000662183275E+00 

 1.0000000662183275E+00 

 1.0000000662183275E+00 

 9.9999999645276860E-01 

 9.9999999645276860E-01 

 9.9999999645276860E-01 

 9.9999999645276860E-01 

 9.9999999645276860E-01 

 9.9999999645276860E-01 

 1.0000000118680916E+00 

 1.0000000118680916E+00 

 1.0000000118680916E+00 

 1.0000000118680918E+00 

 1.0000000118680918E+00 

 1.0000000118680918E+00 

 9.9999997412398400E-01 

 9.9999997412398400E-01 

 9.9999997412398400E-01 

 9.9999997412398312E-01 

 9.9999997412398312E-01 

 9.9999997412398312E-01 

 9.9999999999999978E-01 

 9.9999999999999978E-01 

 9.9999999999999978E-01 

 9.9999999999999978E-01 

 9.9999999999999978E-01 

 9.9999999999999978E-01 

 9.9999999999999978E-01 

 9.9999999999999978E-01 

 9.9999999999999978E-01 

 9.9999999999999978E-01 
