
 74761.7149999999965075  
 
 11123.6540000000004511  
 
 2512.6856999999999971  
 
 703.7772899999999936  
 
 225.4787900000000036  
 
 79.6158099999999962  
 
 30.2372830000000015  
 
 12.2636219999999998  
 
 5.2650860000000002  
 
 2.3334709999999999  
 
 0.9018560000000000  
 
 0.3583360000000000  
 
 0.1410930000000000  
 
 0.0493830000000000  
 
 74761.7149999999965075  
 
 11123.6540000000004511  
 
 2512.6856999999999971  
 
 703.7772899999999936  
 
 225.4787900000000036  
 
 79.6158099999999962  
 
 30.2372830000000015  
 
 12.2636219999999998  
 
 5.2650860000000002  
 
 2.3334709999999999  
 
 0.9018560000000000  
 
 0.3583360000000000  
 
 0.1410930000000000  
 
 0.0493830000000000  
 
 74761.7149999999965075  
 
 11123.6540000000004511  
 
 2512.6856999999999971  
 
 703.7772899999999936  
 
 225.4787900000000036  
 
 79.6158099999999962  
 
 30.2372830000000015  
 
 12.2636219999999998  
 
 5.2650860000000002  
 
 2.3334709999999999  
 
 0.9018560000000000  
 
 0.3583360000000000  
 
 0.1410930000000000  
 
 0.0493830000000000  
 
 74761.7149999999965075  
 
 11123.6540000000004511  
 
 2512.6856999999999971  
 
 703.7772899999999936  
 
 225.4787900000000036  
 
 79.6158099999999962  
 
 30.2372830000000015  
 
 12.2636219999999998  
 
 5.2650860000000002  
 
 2.3334709999999999  
 
 0.9018560000000000  
 
 0.3583360000000000  
 
 0.1410930000000000  
 
 0.0493830000000000  
 
 74761.7149999999965075  
 
 11123.6540000000004511  
 
 2512.6856999999999971  
 
 703.7772899999999936  
 
 225.4787900000000036  
 
 79.6158099999999962  
 
 30.2372830000000015  
 
 12.2636219999999998  
 
 5.2650860000000002  
 
 2.3334709999999999  
 
 0.9018560000000000  
 
 0.3583360000000000  
 
 0.1410930000000000  
 
 0.0493830000000000  
 
 74761.7149999999965075  
 
 11123.6540000000004511  
 
 2512.6856999999999971  
 
 703.7772899999999936  
 
 225.4787900000000036  
 
 79.6158099999999962  
 
 30.2372830000000015  
 
 12.2636219999999998  
 
 5.2650860000000002  
 
 2.3334709999999999  
 
 0.9018560000000000  
 
 0.3583360000000000  
 
 0.1410930000000000  
 
 0.0493830000000000  
 
 74761.7149999999965075  
 
 11123.6540000000004511  
 
 2512.6856999999999971  
 
 703.7772899999999936  
 
 225.4787900000000036  
 
 79.6158099999999962  
 
 30.2372830000000015  
 
 12.2636219999999998  
 
 5.2650860000000002  
 
 2.3334709999999999  
 
 0.9018560000000000  
 
 0.3583360000000000  
 
 0.1410930000000000  
 
 0.0493830000000000  
 
 74761.7149999999965075  
 
 11123.6540000000004511  
 
 2512.6856999999999971  
 
 703.7772899999999936  
 
 225.4787900000000036  
 
 79.6158099999999962  
 
 30.2372830000000015  
 
 12.2636219999999998  
 
 5.2650860000000002  
 
 2.3334709999999999  
 
 0.9018560000000000  
 
 0.3583360000000000  
 
 0.1410930000000000  
 
 0.0493830000000000  
 
 126.6665699999999930  
 
 29.8373890000000017  
 
 9.3940380000000001  
 
 3.4051040000000001  
 
 1.3500000000000001  
 
 0.5576960000000000  
 
 0.2324490000000000  
 
 0.0942640000000000  
 
 0.0329920000000000  
 
 126.6665699999999930  
 
 29.8373890000000017  
 
 9.3940380000000001  
 
 3.4051040000000001  
 
 1.3500000000000001  
 
 0.5576960000000000  
 
 0.2324490000000000  
 
 0.0942640000000000  
 
 0.0329920000000000  
 
 126.6665699999999930  
 
 29.8373890000000017  
 
 9.3940380000000001  
 
 3.4051040000000001  
 
 1.3500000000000001  
 
 0.5576960000000000  
 
 0.2324490000000000  
 
 0.0942640000000000  
 
 0.0329920000000000  
 
 126.6665699999999930  
 
 29.8373890000000017  
 
 9.3940380000000001  
 
 3.4051040000000001  
 
 1.3500000000000001  
 
 0.5576960000000000  
 
 0.2324490000000000  
 
 0.0942640000000000  
 
 0.0329920000000000  
 
 126.6665699999999930  
 
 29.8373890000000017  
 
 9.3940380000000001  
 
 3.4051040000000001  
 
 1.3500000000000001  
 
 0.5576960000000000  
 
 0.2324490000000000  
 
 0.0942640000000000  
 
 0.0329920000000000  
 
 126.6665699999999930  
 
 29.8373890000000017  
 
 9.3940380000000001  
 
 3.4051040000000001  
 
 1.3500000000000001  
 
 0.5576960000000000  
 
 0.2324490000000000  
 
 0.0942640000000000  
 
 0.0329920000000000  
 
 126.6665699999999930  
 
 29.8373890000000017  
 
 9.3940380000000001  
 
 3.4051040000000001  
 
 1.3500000000000001  
 
 0.5576960000000000  
 
 0.2324490000000000  
 
 0.0942640000000000  
 
 0.0329920000000000  
 
 126.6665699999999930  
 
 29.8373890000000017  
 
 9.3940380000000001  
 
 3.4051040000000001  
 
 1.3500000000000001  
 
 0.5576960000000000  
 
 0.2324490000000000  
 
 0.0942640000000000  
 
 0.0329920000000000  
 
 126.6665699999999930  
 
 29.8373890000000017  
 
 9.3940380000000001  
 
 3.4051040000000001  
 
 1.3500000000000001  
 
 0.5576960000000000  
 
 0.2324490000000000  
 
 0.0942640000000000  
 
 0.0329920000000000  
 
 126.6665699999999930  
 
 29.8373890000000017  
 
 9.3940380000000001  
 
 3.4051040000000001  
 
 1.3500000000000001  
 
 0.5576960000000000  
 
 0.2324490000000000  
 
 0.0942640000000000  
 
 0.0329920000000000  
 
 126.6665699999999930  
 
 29.8373890000000017  
 
 9.3940380000000001  
 
 3.4051040000000001  
 
 1.3500000000000001  
 
 0.5576960000000000  
 
 0.2324490000000000  
 
 0.0942640000000000  
 
 0.0329920000000000  
 
 126.6665699999999930  
 
 29.8373890000000017  
 
 9.3940380000000001  
 
 3.4051040000000001  
 
 1.3500000000000001  
 
 0.5576960000000000  
 
 0.2324490000000000  
 
 0.0942640000000000  
 
 0.0329920000000000  
 
 126.6665699999999930  
 
 29.8373890000000017  
 
 9.3940380000000001  
 
 3.4051040000000001  
 
 1.3500000000000001  
 
 0.5576960000000000  
 
 0.2324490000000000  
 
 0.0942640000000000  
 
 0.0329920000000000  
 
 126.6665699999999930  
 
 29.8373890000000017  
 
 9.3940380000000001  
 
 3.4051040000000001  
 
 1.3500000000000001  
 
 0.5576960000000000  
 
 0.2324490000000000  
 
 0.0942640000000000  
 
 0.0329920000000000  
 
 126.6665699999999930  
 
 29.8373890000000017  
 
 9.3940380000000001  
 
 3.4051040000000001  
 
 1.3500000000000001  
 
 0.5576960000000000  
 
 0.2324490000000000  
 
 0.0942640000000000  
 
 0.0329920000000000  
 
 126.6665699999999930  
 
 29.8373890000000017  
 
 9.3940380000000001  
 
 3.4051040000000001  
 
 1.3500000000000001  
 
 0.5576960000000000  
 
 0.2324490000000000  
 
 0.0942640000000000  
 
 0.0329920000000000  
 
 126.6665699999999930  
 
 29.8373890000000017  
 
 9.3940380000000001  
 
 3.4051040000000001  
 
 1.3500000000000001  
 
 0.5576960000000000  
 
 0.2324490000000000  
 
 0.0942640000000000  
 
 0.0329920000000000  
 
 126.6665699999999930  
 
 29.8373890000000017  
 
 9.3940380000000001  
 
 3.4051040000000001  
 
 1.3500000000000001  
 
 0.5576960000000000  
 
 0.2324490000000000  
 
 0.0942640000000000  
 
 0.0329920000000000  
 
 126.6665699999999930  
 
 29.8373890000000017  
 
 9.3940380000000001  
 
 3.4051040000000001  
 
 1.3500000000000001  
 
 0.5576960000000000  
 
 0.2324490000000000  
 
 0.0942640000000000  
 
 0.0329920000000000  
 
 126.6665699999999930  
 
 29.8373890000000017  
 
 9.3940380000000001  
 
 3.4051040000000001  
 
 1.3500000000000001  
 
 0.5576960000000000  
 
 0.2324490000000000  
 
 0.0942640000000000  
 
 0.0329920000000000  
 
 126.6665699999999930  
 
 29.8373890000000017  
 
 9.3940380000000001  
 
 3.4051040000000001  
 
 1.3500000000000001  
 
 0.5576960000000000  
 
 0.2324490000000000  
 
 0.0942640000000000  
 
 0.0329920000000000  
 
 2.7500000000000000  
 
 0.9625000000000000  
 
 0.3368750000000000  
 
 0.1179060000000000  
 
 2.7500000000000000  
 
 0.9625000000000000  
 
 0.3368750000000000  
 
 0.1179060000000000  
 
 2.7500000000000000  
 
 0.9625000000000000  
 
 0.3368750000000000  
 
 0.1179060000000000  
 
 2.7500000000000000  
 
 0.9625000000000000  
 
 0.3368750000000000  
 
 0.1179060000000000  
 
 2.7500000000000000  
 
 0.9625000000000000  
 
 0.3368750000000000  
 
 0.1179060000000000  
 
 2.7500000000000000  
 
 0.9625000000000000  
 
 0.3368750000000000  
 
 0.1179060000000000  
 
 2.7500000000000000  
 
 0.9625000000000000  
 
 0.3368750000000000  
 
 0.1179060000000000  
 
 2.7500000000000000  
 
 0.9625000000000000  
 
 0.3368750000000000  
 
 0.1179060000000000  
 
 2.7500000000000000  
 
 0.9625000000000000  
 
 0.3368750000000000  
 
 0.1179060000000000  
 
 2.7500000000000000  
 
 0.9625000000000000  
 
 0.3368750000000000  
 
 0.1179060000000000  
 
 2.7500000000000000  
 
 0.9625000000000000  
 
 0.3368750000000000  
 
 0.1179060000000000  
 
 2.7500000000000000  
 
 0.9625000000000000  
 
 0.3368750000000000  
 
 0.1179060000000000  
 
 2.7500000000000000  
 
 0.9625000000000000  
 
 0.3368750000000000  
 
 0.1179060000000000  
 
 2.7500000000000000  
 
 0.9625000000000000  
 
 0.3368750000000000  
 
 0.1179060000000000  
 
 2.7500000000000000  
 
 0.9625000000000000  
 
 0.3368750000000000  
 
 0.1179060000000000  
 
 2.7500000000000000  
 
 0.9625000000000000  
 
 0.3368750000000000  
 
 0.1179060000000000  
 
 2.7500000000000000  
 
 0.9625000000000000  
 
 0.3368750000000000  
 
 0.1179060000000000  
 
 2.7500000000000000  
 
 0.9625000000000000  
 
 0.3368750000000000  
 
 0.1179060000000000  
 
 2.7500000000000000  
 
 0.9625000000000000  
 
 0.3368750000000000  
 
 0.1179060000000000  
 
 2.7500000000000000  
 
 0.9625000000000000  
 
 0.3368750000000000  
 
 0.1179060000000000  
 
 2.7500000000000000  
 
 0.9625000000000000  
 
 0.3368750000000000  
 
 0.1179060000000000  
 
 2.7500000000000000  
 
 0.9625000000000000  
 
 0.3368750000000000  
 
 0.1179060000000000  
 
 2.7500000000000000  
 
 0.9625000000000000  
 
 0.3368750000000000  
 
 0.1179060000000000  
 
 2.7500000000000000  
 
 0.9625000000000000  
 
 0.3368750000000000  
 
 0.1179060000000000  
 
 1.8000000000000000  
 
 0.7200000000000000  
 
 0.2880000000000000  
 
 1.8000000000000000  
 
 0.7200000000000000  
 
 0.2880000000000000  
 
 1.8000000000000000  
 
 0.7200000000000000  
 
 0.2880000000000000  
 
 1.8000000000000000  
 
 0.7200000000000000  
 
 0.2880000000000000  
 
 1.8000000000000000  
 
 0.7200000000000000  
 
 0.2880000000000000  
 
 1.8000000000000000  
 
 0.7200000000000000  
 
 0.2880000000000000  
 
 1.8000000000000000  
 
 0.7200000000000000  
 
 0.2880000000000000  
 
 1.8000000000000000  
 
 0.7200000000000000  
 
 0.2880000000000000  
 
 1.8000000000000000  
 
 0.7200000000000000  
 
 0.2880000000000000  
 
 1.8000000000000000  
 
 0.7200000000000000  
 
 0.2880000000000000  
 
 1.8000000000000000  
 
 0.7200000000000000  
 
 0.2880000000000000  
 
 1.8000000000000000  
 
 0.7200000000000000  
 
 0.2880000000000000  
 
 1.8000000000000000  
 
 0.7200000000000000  
 
 0.2880000000000000  
 
 1.8000000000000000  
 
 0.7200000000000000  
 
 0.2880000000000000  
 
 1.8000000000000000  
 
 0.7200000000000000  
 
 0.2880000000000000  
 
 1.8000000000000000  
 
 0.7200000000000000  
 
 0.2880000000000000  
 
 1.8000000000000000  
 
 0.7200000000000000  
 
 0.2880000000000000  
 
 1.8000000000000000  
 
 0.7200000000000000  
 
 0.2880000000000000  
 
 1.8000000000000000  
 
 0.7200000000000000  
 
 0.2880000000000000  
 
 1.8000000000000000  
 
 0.7200000000000000  
 
 0.2880000000000000  
 
 1.8000000000000000  
 
 0.7200000000000000  
 
 0.2880000000000000  
 
 1.8000000000000000  
 
 0.7200000000000000  
 
 0.2880000000000000  
 
 1.8000000000000000  
 
 0.7200000000000000  
 
 0.2880000000000000  
 
 1.8000000000000000  
 
 0.7200000000000000  
 
 0.2880000000000000  
 
 1.8000000000000000  
 
 0.7200000000000000  
 
 0.2880000000000000  
 
 1.8000000000000000  
 
 0.7200000000000000  
 
 0.2880000000000000  
 
 1.8000000000000000  
 
 0.7200000000000000  
 
 0.2880000000000000  
 
 1.8000000000000000  
 
 0.7200000000000000  
 
 0.2880000000000000  
 
 1.8000000000000000  
 
 0.7200000000000000  
 
 0.2880000000000000  
 
 1.8000000000000000  
 
 0.7200000000000000  
 
 0.2880000000000000  
 
 188.6144500000000050  
 
 28.2765960000000014  
 
 6.4248300000000000  
 
 1.8150409999999999  
 
 0.5910630000000000  
 
 0.2121490000000000  
 
 0.0798910000000000  
 
 0.0279620000000000  
 
 188.6144500000000050  
 
 28.2765960000000014  
 
 6.4248300000000000  
 
 1.8150409999999999  
 
 0.5910630000000000  
 
 0.2121490000000000  
 
 0.0798910000000000  
 
 0.0279620000000000  
 
 188.6144500000000050  
 
 28.2765960000000014  
 
 6.4248300000000000  
 
 1.8150409999999999  
 
 0.5910630000000000  
 
 0.2121490000000000  
 
 0.0798910000000000  
 
 0.0279620000000000  
 
 188.6144500000000050  
 
 28.2765960000000014  
 
 6.4248300000000000  
 
 1.8150409999999999  
 
 0.5910630000000000  
 
 0.2121490000000000  
 
 0.0798910000000000  
 
 0.0279620000000000  
 
 188.6144500000000050  
 
 28.2765960000000014  
 
 6.4248300000000000  
 
 1.8150409999999999  
 
 0.5910630000000000  
 
 0.2121490000000000  
 
 0.0798910000000000  
 
 0.0279620000000000  
 
 188.6144500000000050  
 
 28.2765960000000014  
 
 6.4248300000000000  
 
 1.8150409999999999  
 
 0.5910630000000000  
 
 0.2121490000000000  
 
 0.0798910000000000  
 
 0.0279620000000000  
 
 2.3050000000000002  
 
 0.8067500000000000  
 
 0.2823620000000000  
 
 0.0988270000000000  
 
 2.3050000000000002  
 
 0.8067500000000000  
 
 0.2823620000000000  
 
 0.0988270000000000  
 
 2.3050000000000002  
 
 0.8067500000000000  
 
 0.2823620000000000  
 
 0.0988270000000000  
 
 2.3050000000000002  
 
 0.8067500000000000  
 
 0.2823620000000000  
 
 0.0988270000000000  
 
 2.3050000000000002  
 
 0.8067500000000000  
 
 0.2823620000000000  
 
 0.0988270000000000  
 
 2.3050000000000002  
 
 0.8067500000000000  
 
 0.2823620000000000  
 
 0.0988270000000000  
 
 2.3050000000000002  
 
 0.8067500000000000  
 
 0.2823620000000000  
 
 0.0988270000000000  
 
 2.3050000000000002  
 
 0.8067500000000000  
 
 0.2823620000000000  
 
 0.0988270000000000  
 
 2.3050000000000002  
 
 0.8067500000000000  
 
 0.2823620000000000  
 
 0.0988270000000000  
 
 2.3050000000000002  
 
 0.8067500000000000  
 
 0.2823620000000000  
 
 0.0988270000000000  
 
 2.3050000000000002  
 
 0.8067500000000000  
 
 0.2823620000000000  
 
 0.0988270000000000  
 
 2.3050000000000002  
 
 0.8067500000000000  
 
 0.2823620000000000  
 
 0.0988270000000000  
 
 1.8190000000000000  
 
 0.7276000000000000  
 
 0.2910400000000000  
 
 1.8190000000000000  
 
 0.7276000000000000  
 
 0.2910400000000000  
 
 1.8190000000000000  
 
 0.7276000000000000  
 
 0.2910400000000000  
 
 1.8190000000000000  
 
 0.7276000000000000  
 
 0.2910400000000000  
 
 1.8190000000000000  
 
 0.7276000000000000  
 
 0.2910400000000000  
 
 1.8190000000000000  
 
 0.7276000000000000  
 
 0.2910400000000000  
 
 1.8190000000000000  
 
 0.7276000000000000  
 
 0.2910400000000000  
 
 1.8190000000000000  
 
 0.7276000000000000  
 
 0.2910400000000000  
 
 1.8190000000000000  
 
 0.7276000000000000  
 
 0.2910400000000000  
 
 1.8190000000000000  
 
 0.7276000000000000  
 
 0.2910400000000000  
 
 1.8190000000000000  
 
 0.7276000000000000  
 
 0.2910400000000000  
 
 1.8190000000000000  
 
 0.7276000000000000  
 
 0.2910400000000000  
 
 1.8190000000000000  
 
 0.7276000000000000  
 
 0.2910400000000000  
 
 1.8190000000000000  
 
 0.7276000000000000  
 
 0.2910400000000000  
 
 1.8190000000000000  
 
 0.7276000000000000  
 
 0.2910400000000000  
 
 1.8190000000000000  
 
 0.7276000000000000  
 
 0.2910400000000000  
 
 1.8190000000000000  
 
 0.7276000000000000  
 
 0.2910400000000000  
 
 1.8190000000000000  
 
 0.7276000000000000  
 
 0.2910400000000000  
 
 0.9701090000000000  
 
 0.9701090000000000  
 
 0.9701090000000000  
 
 0.9701090000000000  
 
 0.9701090000000000  
 
 0.9701090000000000  
 
 0.9701090000000000  
 
 0.9701090000000000  
 
 0.9701090000000000  
 
 0.9701090000000000  
 
 188.6144500000000050  
 
 28.2765960000000014  
 
 6.4248300000000000  
 
 1.8150409999999999  
 
 0.5910630000000000  
 
 0.2121490000000000  
 
 0.0798910000000000  
 
 0.0279620000000000  
 
 188.6144500000000050  
 
 28.2765960000000014  
 
 6.4248300000000000  
 
 1.8150409999999999  
 
 0.5910630000000000  
 
 0.2121490000000000  
 
 0.0798910000000000  
 
 0.0279620000000000  
 
 188.6144500000000050  
 
 28.2765960000000014  
 
 6.4248300000000000  
 
 1.8150409999999999  
 
 0.5910630000000000  
 
 0.2121490000000000  
 
 0.0798910000000000  
 
 0.0279620000000000  
 
 188.6144500000000050  
 
 28.2765960000000014  
 
 6.4248300000000000  
 
 1.8150409999999999  
 
 0.5910630000000000  
 
 0.2121490000000000  
 
 0.0798910000000000  
 
 0.0279620000000000  
 
 188.6144500000000050  
 
 28.2765960000000014  
 
 6.4248300000000000  
 
 1.8150409999999999  
 
 0.5910630000000000  
 
 0.2121490000000000  
 
 0.0798910000000000  
 
 0.0279620000000000  
 
 188.6144500000000050  
 
 28.2765960000000014  
 
 6.4248300000000000  
 
 1.8150409999999999  
 
 0.5910630000000000  
 
 0.2121490000000000  
 
 0.0798910000000000  
 
 0.0279620000000000  
 
 2.3050000000000002  
 
 0.8067500000000000  
 
 0.2823620000000000  
 
 0.0988270000000000  
 
 2.3050000000000002  
 
 0.8067500000000000  
 
 0.2823620000000000  
 
 0.0988270000000000  
 
 2.3050000000000002  
 
 0.8067500000000000  
 
 0.2823620000000000  
 
 0.0988270000000000  
 
 2.3050000000000002  
 
 0.8067500000000000  
 
 0.2823620000000000  
 
 0.0988270000000000  
 
 2.3050000000000002  
 
 0.8067500000000000  
 
 0.2823620000000000  
 
 0.0988270000000000  
 
 2.3050000000000002  
 
 0.8067500000000000  
 
 0.2823620000000000  
 
 0.0988270000000000  
 
 2.3050000000000002  
 
 0.8067500000000000  
 
 0.2823620000000000  
 
 0.0988270000000000  
 
 2.3050000000000002  
 
 0.8067500000000000  
 
 0.2823620000000000  
 
 0.0988270000000000  
 
 2.3050000000000002  
 
 0.8067500000000000  
 
 0.2823620000000000  
 
 0.0988270000000000  
 
 2.3050000000000002  
 
 0.8067500000000000  
 
 0.2823620000000000  
 
 0.0988270000000000  
 
 2.3050000000000002  
 
 0.8067500000000000  
 
 0.2823620000000000  
 
 0.0988270000000000  
 
 2.3050000000000002  
 
 0.8067500000000000  
 
 0.2823620000000000  
 
 0.0988270000000000  
 
 1.8190000000000000  
 
 0.7276000000000000  
 
 0.2910400000000000  
 
 1.8190000000000000  
 
 0.7276000000000000  
 
 0.2910400000000000  
 
 1.8190000000000000  
 
 0.7276000000000000  
 
 0.2910400000000000  
 
 1.8190000000000000  
 
 0.7276000000000000  
 
 0.2910400000000000  
 
 1.8190000000000000  
 
 0.7276000000000000  
 
 0.2910400000000000  
 
 1.8190000000000000  
 
 0.7276000000000000  
 
 0.2910400000000000  
 
 1.8190000000000000  
 
 0.7276000000000000  
 
 0.2910400000000000  
 
 1.8190000000000000  
 
 0.7276000000000000  
 
 0.2910400000000000  
 
 1.8190000000000000  
 
 0.7276000000000000  
 
 0.2910400000000000  
 
 1.8190000000000000  
 
 0.7276000000000000  
 
 0.2910400000000000  
 
 1.8190000000000000  
 
 0.7276000000000000  
 
 0.2910400000000000  
 
 1.8190000000000000  
 
 0.7276000000000000  
 
 0.2910400000000000  
 
 1.8190000000000000  
 
 0.7276000000000000  
 
 0.2910400000000000  
 
 1.8190000000000000  
 
 0.7276000000000000  
 
 0.2910400000000000  
 
 1.8190000000000000  
 
 0.7276000000000000  
 
 0.2910400000000000  
 
 1.8190000000000000  
 
 0.7276000000000000  
 
 0.2910400000000000  
 
 1.8190000000000000  
 
 0.7276000000000000  
 
 0.2910400000000000  
 
 1.8190000000000000  
 
 0.7276000000000000  
 
 0.2910400000000000  
 
 0.9701090000000000  
 
 0.9701090000000000  
 
 0.9701090000000000  
 
 0.9701090000000000  
 
 0.9701090000000000  
 
 0.9701090000000000  
 
 0.9701090000000000  
 
 0.9701090000000000  
 
 0.9701090000000000  
 
 0.9701090000000000  
 
 188.6144500000000050  
 
 28.2765960000000014  
 
 6.4248300000000000  
 
 1.8150409999999999  
 
 0.5910630000000000  
 
 0.2121490000000000  
 
 0.0798910000000000  
 
 0.0279620000000000  
 
 188.6144500000000050  
 
 28.2765960000000014  
 
 6.4248300000000000  
 
 1.8150409999999999  
 
 0.5910630000000000  
 
 0.2121490000000000  
 
 0.0798910000000000  
 
 0.0279620000000000  
 
 188.6144500000000050  
 
 28.2765960000000014  
 
 6.4248300000000000  
 
 1.8150409999999999  
 
 0.5910630000000000  
 
 0.2121490000000000  
 
 0.0798910000000000  
 
 0.0279620000000000  
 
 188.6144500000000050  
 
 28.2765960000000014  
 
 6.4248300000000000  
 
 1.8150409999999999  
 
 0.5910630000000000  
 
 0.2121490000000000  
 
 0.0798910000000000  
 
 0.0279620000000000  
 
 188.6144500000000050  
 
 28.2765960000000014  
 
 6.4248300000000000  
 
 1.8150409999999999  
 
 0.5910630000000000  
 
 0.2121490000000000  
 
 0.0798910000000000  
 
 0.0279620000000000  
 
 188.6144500000000050  
 
 28.2765960000000014  
 
 6.4248300000000000  
 
 1.8150409999999999  
 
 0.5910630000000000  
 
 0.2121490000000000  
 
 0.0798910000000000  
 
 0.0279620000000000  
 
 2.3050000000000002  
 
 0.8067500000000000  
 
 0.2823620000000000  
 
 0.0988270000000000  
 
 2.3050000000000002  
 
 0.8067500000000000  
 
 0.2823620000000000  
 
 0.0988270000000000  
 
 2.3050000000000002  
 
 0.8067500000000000  
 
 0.2823620000000000  
 
 0.0988270000000000  
 
 2.3050000000000002  
 
 0.8067500000000000  
 
 0.2823620000000000  
 
 0.0988270000000000  
 
 2.3050000000000002  
 
 0.8067500000000000  
 
 0.2823620000000000  
 
 0.0988270000000000  
 
 2.3050000000000002  
 
 0.8067500000000000  
 
 0.2823620000000000  
 
 0.0988270000000000  
 
 2.3050000000000002  
 
 0.8067500000000000  
 
 0.2823620000000000  
 
 0.0988270000000000  
 
 2.3050000000000002  
 
 0.8067500000000000  
 
 0.2823620000000000  
 
 0.0988270000000000  
 
 2.3050000000000002  
 
 0.8067500000000000  
 
 0.2823620000000000  
 
 0.0988270000000000  
 
 2.3050000000000002  
 
 0.8067500000000000  
 
 0.2823620000000000  
 
 0.0988270000000000  
 
 2.3050000000000002  
 
 0.8067500000000000  
 
 0.2823620000000000  
 
 0.0988270000000000  
 
 2.3050000000000002  
 
 0.8067500000000000  
 
 0.2823620000000000  
 
 0.0988270000000000  
 
 1.8190000000000000  
 
 0.7276000000000000  
 
 0.2910400000000000  
 
 1.8190000000000000  
 
 0.7276000000000000  
 
 0.2910400000000000  
 
 1.8190000000000000  
 
 0.7276000000000000  
 
 0.2910400000000000  
 
 1.8190000000000000  
 
 0.7276000000000000  
 
 0.2910400000000000  
 
 1.8190000000000000  
 
 0.7276000000000000  
 
 0.2910400000000000  
 
 1.8190000000000000  
 
 0.7276000000000000  
 
 0.2910400000000000  
 
 1.8190000000000000  
 
 0.7276000000000000  
 
 0.2910400000000000  
 
 1.8190000000000000  
 
 0.7276000000000000  
 
 0.2910400000000000  
 
 1.8190000000000000  
 
 0.7276000000000000  
 
 0.2910400000000000  
 
 1.8190000000000000  
 
 0.7276000000000000  
 
 0.2910400000000000  
 
 1.8190000000000000  
 
 0.7276000000000000  
 
 0.2910400000000000  
 
 1.8190000000000000  
 
 0.7276000000000000  
 
 0.2910400000000000  
 
 1.8190000000000000  
 
 0.7276000000000000  
 
 0.2910400000000000  
 
 1.8190000000000000  
 
 0.7276000000000000  
 
 0.2910400000000000  
 
 1.8190000000000000  
 
 0.7276000000000000  
 
 0.2910400000000000  
 
 1.8190000000000000  
 
 0.7276000000000000  
 
 0.2910400000000000  
 
 1.8190000000000000  
 
 0.7276000000000000  
 
 0.2910400000000000  
 
 1.8190000000000000  
 
 0.7276000000000000  
 
 0.2910400000000000  
 
 0.9701090000000000  
 
 0.9701090000000000  
 
 0.9701090000000000  
 
 0.9701090000000000  
 
 0.9701090000000000  
 
 0.9701090000000000  
 
 0.9701090000000000  
 
 0.9701090000000000  
 
 0.9701090000000000  
 
 0.9701090000000000  
 