
 0.0001182600000000  
 
 0.0005172900000000  
 
 0.0022666600000000  
 
 0.0091452900000000  
 
 0.0323934300000000  
 
 0.0977079300000000  
 
 0.2317036800000000  
 
 0.3768898900000000  
 
 0.3177420700000000  
 
 0.0821130900000000  
 
 0.0033120900000000  
 
 0.0037208200000000  
 
 0.0031654200000000  
 
 0.0004595800000000  
 
 -0.0000270700000000  
 
 -0.0001183700000000  
 
 -0.0005203800000000  
 
 -0.0021029300000000  
 
 -0.0075682000000000  
 
 -0.0234676700000000  
 
 -0.0604290100000000  
 
 -0.1170549100000000  
 
 -0.1555321500000000  
 
 -0.0246893500000000  
 
 0.3625054500000000  
 
 0.5550845000000000  
 
 0.2148376900000000  
 
 0.0089838500000000  
 
 0.0000187600000000  
 
 0.0000811800000000  
 
 0.0003659000000000  
 
 0.0014430400000000  
 
 0.0055318400000000  
 
 0.0172435900000000  
 
 0.0527954800000000  
 
 0.1152881300000000  
 
 0.2352593900000000  
 
 -0.0489638700000000  
 
 -1.0232177400000000  
 
 -0.1481586600000000  
 
 1.0215575400000001  
 
 0.1724018300000000  
 
 -0.0000494400000000  
 
 -0.0002073400000000  
 
 -0.0009867600000000  
 
 -0.0035422800000000  
 
 -0.0148099700000000  
 
 -0.0379156800000000  
 
 -0.1257055400000000  
 
 -0.1456239500000000  
 
 -0.4732571000000000  
 
 0.8968759100000000  
 
 1.2597585400000000  
 
 -2.5330382000000000  
 
 0.8923431500000000  
 
 0.5447725700000000  
 
 0.0000758200000000  
 
 0.0003204300000000  
 
 0.0015048800000000  
 
 0.0054951100000000  
 
 0.0224695400000000  
 
 0.0591880300000000  
 
 0.1875453900000000  
 
 0.2081802400000000  
 
 0.6890824200000000  
 
 -2.9514243800000002  
 
 2.9558426999999998  
 
 -0.6354218900000000  
 
 -1.4605468500000001  
 
 1.3073018199999999  
 
 -0.0001984500000000  
 
 -0.0009262900000000  
 
 -0.0035507300000000  
 
 -0.0171380100000000  
 
 -0.0462937500000000  
 
 -0.1852061300000000  
 
 -0.2064511600000000  
 
 -0.6078874100000000  
 
 1.3770596700000000  
 
 0.5407301000000000  
 
 -3.2856889800000002  
 
 4.6830205999999999  
 
 -3.9243415200000000  
 
 1.7046383000000001  
 
 0.0003850900000000  
 
 0.0017036100000000  
 
 0.0072403800000000  
 
 0.0301731000000000  
 
 0.0982848300000000  
 
 0.3023507100000000  
 
 0.4593927900000000  
 
 0.3849766700000000  
 
 -4.0250945099999997  
 
 6.0845528299999998  
 
 -5.7211285199999997  
 
 4.5789041299999997  
 
 -2.7741896399999999  
 
 0.9959635400000000  
 
 -0.0007196300000000  
 
 -0.0025350100000000  
 
 -0.0161916200000000  
 
 -0.0343329700000000  
 
 -0.2536183800000000  
 
 -0.1528569100000000  
 
 -1.7482221899999999  
 
 5.9657958799999999  
 
 -8.3744224000000003  
 
 6.8808764199999999  
 
 -4.2177359100000000  
 
 2.5013511400000001  
 
 -1.1769331900000000  
 
 0.3299195500000000  
 
 0.0012336300000000  
 
 0.0094934100000000  
 
 0.0429396200000000  
 
 0.1362925400000000  
 
 0.2921362500000000  
 
 0.3887887600000000  
 
 0.2946801400000000  
 
 0.0801287600000000  
 
 0.0005405200000000  
 
 0.0012336300000000  
 
 0.0094934100000000  
 
 0.0429396200000000  
 
 0.1362925400000000  
 
 0.2921362500000000  
 
 0.3887887600000000  
 
 0.2946801400000000  
 
 0.0801287600000000  
 
 0.0005405200000000  
 
 0.0012336300000000  
 
 0.0094934100000000  
 
 0.0429396200000000  
 
 0.1362925400000000  
 
 0.2921362500000000  
 
 0.3887887600000000  
 
 0.2946801400000000  
 
 0.0801287600000000  
 
 0.0005405200000000  
 
 -0.0014662300000000  
 
 -0.0118214800000000  
 
 -0.0498312600000000  
 
 -0.1730904200000000  
 
 -0.4732370800000000  
 
 -0.2055113200000000  
 
 0.5910379800000000  
 
 0.4511796800000000  
 
 0.0136747200000000  
 
 -0.0014662300000000  
 
 -0.0118214800000000  
 
 -0.0498312600000000  
 
 -0.1730904200000000  
 
 -0.4732370800000000  
 
 -0.2055113200000000  
 
 0.5910379800000000  
 
 0.4511796800000000  
 
 0.0136747200000000  
 
 -0.0014662300000000  
 
 -0.0118214800000000  
 
 -0.0498312600000000  
 
 -0.1730904200000000  
 
 -0.4732370800000000  
 
 -0.2055113200000000  
 
 0.5910379800000000  
 
 0.4511796800000000  
 
 0.0136747200000000  
 
 0.0026572100000000  
 
 0.0278559300000000  
 
 0.1017958800000000  
 
 0.5038263900000000  
 
 0.5153194800000001  
 
 -1.2501138500000000  
 
 0.0250603500000000  
 
 0.7076929700000000  
 
 0.0139397500000000  
 
 0.0026572100000000  
 
 0.0278559300000000  
 
 0.1017958800000000  
 
 0.5038263900000000  
 
 0.5153194800000001  
 
 -1.2501138500000000  
 
 0.0250603500000000  
 
 0.7076929700000000  
 
 0.0139397500000000  
 
 0.0026572100000000  
 
 0.0278559300000000  
 
 0.1017958800000000  
 
 0.5038263900000000  
 
 0.5153194800000001  
 
 -1.2501138500000000  
 
 0.0250603500000000  
 
 0.7076929700000000  
 
 0.0139397500000000  
 
 -0.0048080200000000  
 
 -0.0429037100000000  
 
 -0.2428559800000000  
 
 -0.9668967900000000  
 
 1.4275738099999999  
 
 -0.0117462700000000  
 
 -1.3676174900000000  
 
 1.0546086400000001  
 
 0.0449303900000000  
 
 -0.0048080200000000  
 
 -0.0429037100000000  
 
 -0.2428559800000000  
 
 -0.9668967900000000  
 
 1.4275738099999999  
 
 -0.0117462700000000  
 
 -1.3676174900000000  
 
 1.0546086400000001  
 
 0.0449303900000000  
 
 -0.0048080200000000  
 
 -0.0429037100000000  
 
 -0.2428559800000000  
 
 -0.9668967900000000  
 
 1.4275738099999999  
 
 -0.0117462700000000  
 
 -1.3676174900000000  
 
 1.0546086400000001  
 
 0.0449303900000000  
 
 0.0114398100000000  
 
 0.0173830600000000  
 
 0.6381311800000000  
 
 0.1492293400000000  
 
 -1.9434654400000000  
 
 3.1453495899999999  
 
 -2.8044302100000000  
 
 1.2077087300000000  
 
 0.1172383200000000  
 
 0.0114398100000000  
 
 0.0173830600000000  
 
 0.6381311800000000  
 
 0.1492293400000000  
 
 -1.9434654400000000  
 
 3.1453495899999999  
 
 -2.8044302100000000  
 
 1.2077087300000000  
 
 0.1172383200000000  
 
 0.0114398100000000  
 
 0.0173830600000000  
 
 0.6381311800000000  
 
 0.1492293400000000  
 
 -1.9434654400000000  
 
 3.1453495899999999  
 
 -2.8044302100000000  
 
 1.2077087300000000  
 
 0.1172383200000000  
 
 -0.0272469200000000  
 
 -0.0135103900000000  
 
 -1.3680032099999999  
 
 2.4533760600000001  
 
 -2.4353984400000002  
 
 1.5405800100000000  
 
 -0.2494537600000000  
 
 -0.7795756500000000  
 
 0.8841701000000000  
 
 -0.0272469200000000  
 
 -0.0135103900000000  
 
 -1.3680032099999999  
 
 2.4533760600000001  
 
 -2.4353984400000002  
 
 1.5405800100000000  
 
 -0.2494537600000000  
 
 -0.7795756500000000  
 
 0.8841701000000000  
 
 -0.0272469200000000  
 
 -0.0135103900000000  
 
 -1.3680032099999999  
 
 2.4533760600000001  
 
 -2.4353984400000002  
 
 1.5405800100000000  
 
 -0.2494537600000000  
 
 -0.7795756500000000  
 
 0.8841701000000000  
 
 0.0114826000000000  
 
 0.0050203500000000  
 
 0.8804498700000000  
 
 -1.8497609900000000  
 
 2.5179969700000000  
 
 -2.9278792400000002  
 
 3.0542092300000001  
 
 -2.6336039900000001  
 
 1.5274471300000001  
 
 0.0114826000000000  
 
 0.0050203500000000  
 
 0.8804498700000000  
 
 -1.8497609900000000  
 
 2.5179969700000000  
 
 -2.9278792400000002  
 
 3.0542092300000001  
 
 -2.6336039900000001  
 
 1.5274471300000001  
 
 0.0114826000000000  
 
 0.0050203500000000  
 
 0.8804498700000000  
 
 -1.8497609900000000  
 
 2.5179969700000000  
 
 -2.9278792400000002  
 
 3.0542092300000001  
 
 -2.6336039900000001  
 
 1.5274471300000001  
 
 0.1473016500000000  
 
 0.5502182600000000  
 
 0.4452560400000000  
 
 0.0494286900000000  
 
 0.1473016500000000  
 
 0.5502182600000000  
 
 0.4452560400000000  
 
 0.0494286900000000  
 
 0.1473016500000000  
 
 0.5502182600000000  
 
 0.4452560400000000  
 
 0.0494286900000000  
 
 0.1473016500000000  
 
 0.5502182600000000  
 
 0.4452560400000000  
 
 0.0494286900000000  
 
 0.1473016500000000  
 
 0.5502182600000000  
 
 0.4452560400000000  
 
 0.0494286900000000  
 
 0.1473016500000000  
 
 0.5502182600000000  
 
 0.4452560400000000  
 
 0.0494286900000000  
 
 -0.4440843400000000  
 
 -0.5913848000000000  
 
 0.8651336200000000  
 
 0.1664048300000000  
 
 -0.4440843400000000  
 
 -0.5913848000000000  
 
 0.8651336200000000  
 
 0.1664048300000000  
 
 -0.4440843400000000  
 
 -0.5913848000000000  
 
 0.8651336200000000  
 
 0.1664048300000000  
 
 -0.4440843400000000  
 
 -0.5913848000000000  
 
 0.8651336200000000  
 
 0.1664048300000000  
 
 -0.4440843400000000  
 
 -0.5913848000000000  
 
 0.8651336200000000  
 
 0.1664048300000000  
 
 -0.4440843400000000  
 
 -0.5913848000000000  
 
 0.8651336200000000  
 
 0.1664048300000000  
 
 1.1375194600000000  
 
 -1.1380566400000001  
 
 0.2120351200000000  
 
 0.4990280300000000  
 
 1.1375194600000000  
 
 -1.1380566400000001  
 
 0.2120351200000000  
 
 0.4990280300000000  
 
 1.1375194600000000  
 
 -1.1380566400000001  
 
 0.2120351200000000  
 
 0.4990280300000000  
 
 1.1375194600000000  
 
 -1.1380566400000001  
 
 0.2120351200000000  
 
 0.4990280300000000  
 
 1.1375194600000000  
 
 -1.1380566400000001  
 
 0.2120351200000000  
 
 0.4990280300000000  
 
 1.1375194600000000  
 
 -1.1380566400000001  
 
 0.2120351200000000  
 
 0.4990280300000000  
 
 -0.6511798200000000  
 
 1.2315937400000001  
 
 -1.5725129000000000  
 
 1.2875271100000001  
 
 -0.6511798200000000  
 
 1.2315937400000001  
 
 -1.5725129000000000  
 
 1.2875271100000001  
 
 -0.6511798200000000  
 
 1.2315937400000001  
 
 -1.5725129000000000  
 
 1.2875271100000001  
 
 -0.6511798200000000  
 
 1.2315937400000001  
 
 -1.5725129000000000  
 
 1.2875271100000001  
 
 -0.6511798200000000  
 
 1.2315937400000001  
 
 -1.5725129000000000  
 
 1.2875271100000001  
 
 -0.6511798200000000  
 
 1.2315937400000001  
 
 -1.5725129000000000  
 
 1.2875271100000001  
 
 0.3320900800000000  
 
 0.5699105500000000  
 
 0.2868327300000000  
 
 0.3320900800000000  
 
 0.5699105500000000  
 
 0.2868327300000000  
 
 0.3320900800000000  
 
 0.5699105500000000  
 
 0.2868327300000000  
 
 0.3320900800000000  
 
 0.5699105500000000  
 
 0.2868327300000000  
 
 0.3320900800000000  
 
 0.5699105500000000  
 
 0.2868327300000000  
 
 0.3320900800000000  
 
 0.5699105500000000  
 
 0.2868327300000000  
 
 0.3320900800000000  
 
 0.5699105500000000  
 
 0.2868327300000000  
 
 0.3320900800000000  
 
 0.5699105500000000  
 
 0.2868327300000000  
 
 0.3320900800000000  
 
 0.5699105500000000  
 
 0.2868327300000000  
 
 0.3320900800000000  
 
 0.5699105500000000  
 
 0.2868327300000000  
 
 -0.8177085200000000  
 
 0.0814426400000000  
 
 0.7497167000000000  
 
 -0.8177085200000000  
 
 0.0814426400000000  
 
 0.7497167000000000  
 
 -0.8177085200000000  
 
 0.0814426400000000  
 
 0.7497167000000000  
 
 -0.8177085200000000  
 
 0.0814426400000000  
 
 0.7497167000000000  
 
 -0.8177085200000000  
 
 0.0814426400000000  
 
 0.7497167000000000  
 
 -0.8177085200000000  
 
 0.0814426400000000  
 
 0.7497167000000000  
 
 -0.8177085200000000  
 
 0.0814426400000000  
 
 0.7497167000000000  
 
 -0.8177085200000000  
 
 0.0814426400000000  
 
 0.7497167000000000  
 
 -0.8177085200000000  
 
 0.0814426400000000  
 
 0.7497167000000000  
 
 -0.8177085200000000  
 
 0.0814426400000000  
 
 0.7497167000000000  
 
 1.0649097599999999  
 
 -1.6584960700000000  
 
 1.1263284099999999  
 
 1.0649097599999999  
 
 -1.6584960700000000  
 
 1.1263284099999999  
 
 1.0649097599999999  
 
 -1.6584960700000000  
 
 1.1263284099999999  
 
 1.0649097599999999  
 
 -1.6584960700000000  
 
 1.1263284099999999  
 
 1.0649097599999999  
 
 -1.6584960700000000  
 
 1.1263284099999999  
 
 1.0649097599999999  
 
 -1.6584960700000000  
 
 1.1263284099999999  
 
 1.0649097599999999  
 
 -1.6584960700000000  
 
 1.1263284099999999  
 
 1.0649097599999999  
 
 -1.6584960700000000  
 
 1.1263284099999999  
 
 1.0649097599999999  
 
 -1.6584960700000000  
 
 1.1263284099999999  
 
 1.0649097599999999  
 
 -1.6584960700000000  
 
 1.1263284099999999  
 
 0.0009638500000000  
 
 0.0074919600000000  
 
 0.0375954100000000  
 
 0.1433949800000000  
 
 0.3486363000000000  
 
 0.4382973600000000  
 
 0.1651066100000000  
 
 0.0210228700000000  
 
 -0.0013119000000000  
 
 -0.0103451000000000  
 
 -0.0504953000000000  
 
 -0.2073855000000000  
 
 -0.4350885000000000  
 
 -0.0247297000000000  
 
 0.3225259900000000  
 
 0.7072753800000000  
 
 0.0024224000000000  
 
 0.0203381700000000  
 
 0.0896393500000000  
 
 0.4422907100000000  
 
 0.5757143900000000  
 
 -0.9802890000000000  
 
 -0.6721538000000000  
 
 1.1417685000000000  
 
 -0.0115701000000000  
 
 -0.0837154000000000  
 
 -0.4451663000000000  
 
 -1.1462710000000000  
 
 2.5031870999999999  
 
 -1.5828490000000000  
 
 0.0309656900000000  
 
 0.3086286400000000  
 
 0.0147809900000000  
 
 0.0940318700000000  
 
 0.5361801600000000  
 
 -0.6089639000000000  
 
 -1.1148890000000000  
 
 3.4820812000000001  
 
 -3.7625389999999999  
 
 1.6766932000000001  
 
 -0.0212892000000000  
 
 -0.1095596000000000  
 
 -1.4818260000000001  
 
 3.0272963000000002  
 
 -3.7630859999999999  
 
 3.6574130999999999  
 
 -2.5012370000000002  
 
 0.8940539400000000  
 
 0.1127901900000000  
 
 0.4185075300000000  
 
 0.4700077300000000  
 
 0.1826260300000000  
 
 0.1127901900000000  
 
 0.4185075300000000  
 
 0.4700077300000000  
 
 0.1826260300000000  
 
 0.1127901900000000  
 
 0.4185075300000000  
 
 0.4700077300000000  
 
 0.1826260300000000  
 
 -0.2108688000000000  
 
 -0.5943796000000000  
 
 0.0896888800000000  
 
 0.8611634000000000  
 
 -0.2108688000000000  
 
 -0.5943796000000000  
 
 0.0896888800000000  
 
 0.8611634000000000  
 
 -0.2108688000000000  
 
 -0.5943796000000000  
 
 0.0896888800000000  
 
 0.8611634000000000  
 
 0.7599501100000000  
 
 0.1646159000000000  
 
 -1.3710140000000000  
 
 1.0593155000000001  
 
 0.7599501100000000  
 
 0.1646159000000000  
 
 -1.3710140000000000  
 
 1.0593155000000001  
 
 0.7599501100000000  
 
 0.1646159000000000  
 
 -1.3710140000000000  
 
 1.0593155000000001  
 
 -1.4427420000000000  
 
 2.3489914000000001  
 
 -1.9911520000000000  
 
 0.9050560100000000  
 
 -1.4427420000000000  
 
 2.3489914000000001  
 
 -1.9911520000000000  
 
 0.9050560100000000  
 
 -1.4427420000000000  
 
 2.3489914000000001  
 
 -1.9911520000000000  
 
 0.9050560100000000  
 
 0.2705134100000000  
 
 0.5510125000000000  
 
 0.3310866400000000  
 
 0.2705134100000000  
 
 0.5510125000000000  
 
 0.3310866400000000  
 
 0.2705134100000000  
 
 0.5510125000000000  
 
 0.3310866400000000  
 
 0.2705134100000000  
 
 0.5510125000000000  
 
 0.3310866400000000  
 
 0.2705134100000000  
 
 0.5510125000000000  
 
 0.3310866400000000  
 
 0.2705134100000000  
 
 0.5510125000000000  
 
 0.3310866400000000  
 
 -0.7938035000000000  
 
 -0.0914252000000000  
 
 0.8620033400000000  
 
 -0.7938035000000000  
 
 -0.0914252000000000  
 
 0.8620033400000000  
 
 -0.7938035000000000  
 
 -0.0914252000000000  
 
 0.8620033400000000  
 
 -0.7938035000000000  
 
 -0.0914252000000000  
 
 0.8620033400000000  
 
 -0.7938035000000000  
 
 -0.0914252000000000  
 
 0.8620033400000000  
 
 -0.7938035000000000  
 
 -0.0914252000000000  
 
 0.8620033400000000  
 
 1.3082769999999999  
 
 -2.0210590000000002  
 
 1.2498887999999999  
 
 1.3082769999999999  
 
 -2.0210590000000002  
 
 1.2498887999999999  
 
 1.3082769999999999  
 
 -2.0210590000000002  
 
 1.2498887999999999  
 
 1.3082769999999999  
 
 -2.0210590000000002  
 
 1.2498887999999999  
 
 1.3082769999999999  
 
 -2.0210590000000002  
 
 1.2498887999999999  
 
 1.3082769999999999  
 
 -2.0210590000000002  
 
 1.2498887999999999  
 
 1.0000000000000000  
 
 1.0000000000000000  
 
 1.0000000000000000  
 
 1.0000000000000000  
 
 1.0000000000000000  
 
 1.0000000000000000  
 
 1.0000000000000000  
 
 1.0000000000000000  
 
 1.0000000000000000  
 
 1.0000000000000000  
 
 0.0009638500000000  
 
 0.0074919600000000  
 
 0.0375954100000000  
 
 0.1433949800000000  
 
 0.3486363000000000  
 
 0.4382973600000000  
 
 0.1651066100000000  
 
 0.0210228700000000  
 
 -0.0013119000000000  
 
 -0.0103451000000000  
 
 -0.0504953000000000  
 
 -0.2073855000000000  
 
 -0.4350885000000000  
 
 -0.0247297000000000  
 
 0.3225259900000000  
 
 0.7072753800000000  
 
 0.0024224000000000  
 
 0.0203381700000000  
 
 0.0896393500000000  
 
 0.4422907100000000  
 
 0.5757143900000000  
 
 -0.9802890000000000  
 
 -0.6721538000000000  
 
 1.1417685000000000  
 
 -0.0115701000000000  
 
 -0.0837154000000000  
 
 -0.4451663000000000  
 
 -1.1462710000000000  
 
 2.5031870999999999  
 
 -1.5828490000000000  
 
 0.0309656900000000  
 
 0.3086286400000000  
 
 0.0147809900000000  
 
 0.0940318700000000  
 
 0.5361801600000000  
 
 -0.6089639000000000  
 
 -1.1148890000000000  
 
 3.4820812000000001  
 
 -3.7625389999999999  
 
 1.6766932000000001  
 
 -0.0212892000000000  
 
 -0.1095596000000000  
 
 -1.4818260000000001  
 
 3.0272963000000002  
 
 -3.7630859999999999  
 
 3.6574130999999999  
 
 -2.5012370000000002  
 
 0.8940539400000000  
 
 0.1127901900000000  
 
 0.4185075300000000  
 
 0.4700077300000000  
 
 0.1826260300000000  
 
 0.1127901900000000  
 
 0.4185075300000000  
 
 0.4700077300000000  
 
 0.1826260300000000  
 
 0.1127901900000000  
 
 0.4185075300000000  
 
 0.4700077300000000  
 
 0.1826260300000000  
 
 -0.2108688000000000  
 
 -0.5943796000000000  
 
 0.0896888800000000  
 
 0.8611634000000000  
 
 -0.2108688000000000  
 
 -0.5943796000000000  
 
 0.0896888800000000  
 
 0.8611634000000000  
 
 -0.2108688000000000  
 
 -0.5943796000000000  
 
 0.0896888800000000  
 
 0.8611634000000000  
 
 0.7599501100000000  
 
 0.1646159000000000  
 
 -1.3710140000000000  
 
 1.0593155000000001  
 
 0.7599501100000000  
 
 0.1646159000000000  
 
 -1.3710140000000000  
 
 1.0593155000000001  
 
 0.7599501100000000  
 
 0.1646159000000000  
 
 -1.3710140000000000  
 
 1.0593155000000001  
 
 -1.4427420000000000  
 
 2.3489914000000001  
 
 -1.9911520000000000  
 
 0.9050560100000000  
 
 -1.4427420000000000  
 
 2.3489914000000001  
 
 -1.9911520000000000  
 
 0.9050560100000000  
 
 -1.4427420000000000  
 
 2.3489914000000001  
 
 -1.9911520000000000  
 
 0.9050560100000000  
 
 0.2705134100000000  
 
 0.5510125000000000  
 
 0.3310866400000000  
 
 0.2705134100000000  
 
 0.5510125000000000  
 
 0.3310866400000000  
 
 0.2705134100000000  
 
 0.5510125000000000  
 
 0.3310866400000000  
 
 0.2705134100000000  
 
 0.5510125000000000  
 
 0.3310866400000000  
 
 0.2705134100000000  
 
 0.5510125000000000  
 
 0.3310866400000000  
 
 0.2705134100000000  
 
 0.5510125000000000  
 
 0.3310866400000000  
 
 -0.7938035000000000  
 
 -0.0914252000000000  
 
 0.8620033400000000  
 
 -0.7938035000000000  
 
 -0.0914252000000000  
 
 0.8620033400000000  
 
 -0.7938035000000000  
 
 -0.0914252000000000  
 
 0.8620033400000000  
 
 -0.7938035000000000  
 
 -0.0914252000000000  
 
 0.8620033400000000  
 
 -0.7938035000000000  
 
 -0.0914252000000000  
 
 0.8620033400000000  
 
 -0.7938035000000000  
 
 -0.0914252000000000  
 
 0.8620033400000000  
 
 1.3082769999999999  
 
 -2.0210590000000002  
 
 1.2498887999999999  
 
 1.3082769999999999  
 
 -2.0210590000000002  
 
 1.2498887999999999  
 
 1.3082769999999999  
 
 -2.0210590000000002  
 
 1.2498887999999999  
 
 1.3082769999999999  
 
 -2.0210590000000002  
 
 1.2498887999999999  
 
 1.3082769999999999  
 
 -2.0210590000000002  
 
 1.2498887999999999  
 
 1.3082769999999999  
 
 -2.0210590000000002  
 
 1.2498887999999999  
 
 1.0000000000000000  
 
 1.0000000000000000  
 
 1.0000000000000000  
 
 1.0000000000000000  
 
 1.0000000000000000  
 
 1.0000000000000000  
 
 1.0000000000000000  
 
 1.0000000000000000  
 
 1.0000000000000000  
 
 1.0000000000000000  
 
 0.0009638500000000  
 
 0.0074919600000000  
 
 0.0375954100000000  
 
 0.1433949800000000  
 
 0.3486363000000000  
 
 0.4382973600000000  
 
 0.1651066100000000  
 
 0.0210228700000000  
 
 -0.0013119000000000  
 
 -0.0103451000000000  
 
 -0.0504953000000000  
 
 -0.2073855000000000  
 
 -0.4350885000000000  
 
 -0.0247297000000000  
 
 0.3225259900000000  
 
 0.7072753800000000  
 
 0.0024224000000000  
 
 0.0203381700000000  
 
 0.0896393500000000  
 
 0.4422907100000000  
 
 0.5757143900000000  
 
 -0.9802890000000000  
 
 -0.6721538000000000  
 
 1.1417685000000000  
 
 -0.0115701000000000  
 
 -0.0837154000000000  
 
 -0.4451663000000000  
 
 -1.1462710000000000  
 
 2.5031870999999999  
 
 -1.5828490000000000  
 
 0.0309656900000000  
 
 0.3086286400000000  
 
 0.0147809900000000  
 
 0.0940318700000000  
 
 0.5361801600000000  
 
 -0.6089639000000000  
 
 -1.1148890000000000  
 
 3.4820812000000001  
 
 -3.7625389999999999  
 
 1.6766932000000001  
 
 -0.0212892000000000  
 
 -0.1095596000000000  
 
 -1.4818260000000001  
 
 3.0272963000000002  
 
 -3.7630859999999999  
 
 3.6574130999999999  
 
 -2.5012370000000002  
 
 0.8940539400000000  
 
 0.1127901900000000  
 
 0.4185075300000000  
 
 0.4700077300000000  
 
 0.1826260300000000  
 
 0.1127901900000000  
 
 0.4185075300000000  
 
 0.4700077300000000  
 
 0.1826260300000000  
 
 0.1127901900000000  
 
 0.4185075300000000  
 
 0.4700077300000000  
 
 0.1826260300000000  
 
 -0.2108688000000000  
 
 -0.5943796000000000  
 
 0.0896888800000000  
 
 0.8611634000000000  
 
 -0.2108688000000000  
 
 -0.5943796000000000  
 
 0.0896888800000000  
 
 0.8611634000000000  
 
 -0.2108688000000000  
 
 -0.5943796000000000  
 
 0.0896888800000000  
 
 0.8611634000000000  
 
 0.7599501100000000  
 
 0.1646159000000000  
 
 -1.3710140000000000  
 
 1.0593155000000001  
 
 0.7599501100000000  
 
 0.1646159000000000  
 
 -1.3710140000000000  
 
 1.0593155000000001  
 
 0.7599501100000000  
 
 0.1646159000000000  
 
 -1.3710140000000000  
 
 1.0593155000000001  
 
 -1.4427420000000000  
 
 2.3489914000000001  
 
 -1.9911520000000000  
 
 0.9050560100000000  
 
 -1.4427420000000000  
 
 2.3489914000000001  
 
 -1.9911520000000000  
 
 0.9050560100000000  
 
 -1.4427420000000000  
 
 2.3489914000000001  
 
 -1.9911520000000000  
 
 0.9050560100000000  
 
 0.2705134100000000  
 
 0.5510125000000000  
 
 0.3310866400000000  
 
 0.2705134100000000  
 
 0.5510125000000000  
 
 0.3310866400000000  
 
 0.2705134100000000  
 
 0.5510125000000000  
 
 0.3310866400000000  
 
 0.2705134100000000  
 
 0.5510125000000000  
 
 0.3310866400000000  
 
 0.2705134100000000  
 
 0.5510125000000000  
 
 0.3310866400000000  
 
 0.2705134100000000  
 
 0.5510125000000000  
 
 0.3310866400000000  
 
 -0.7938035000000000  
 
 -0.0914252000000000  
 
 0.8620033400000000  
 
 -0.7938035000000000  
 
 -0.0914252000000000  
 
 0.8620033400000000  
 
 -0.7938035000000000  
 
 -0.0914252000000000  
 
 0.8620033400000000  
 
 -0.7938035000000000  
 
 -0.0914252000000000  
 
 0.8620033400000000  
 
 -0.7938035000000000  
 
 -0.0914252000000000  
 
 0.8620033400000000  
 
 -0.7938035000000000  
 
 -0.0914252000000000  
 
 0.8620033400000000  
 
 1.3082769999999999  
 
 -2.0210590000000002  
 
 1.2498887999999999  
 
 1.3082769999999999  
 
 -2.0210590000000002  
 
 1.2498887999999999  
 
 1.3082769999999999  
 
 -2.0210590000000002  
 
 1.2498887999999999  
 
 1.3082769999999999  
 
 -2.0210590000000002  
 
 1.2498887999999999  
 
 1.3082769999999999  
 
 -2.0210590000000002  
 
 1.2498887999999999  
 
 1.3082769999999999  
 
 -2.0210590000000002  
 
 1.2498887999999999  
 
 1.0000000000000000  
 
 1.0000000000000000  
 
 1.0000000000000000  
 
 1.0000000000000000  
 
 1.0000000000000000  
 
 1.0000000000000000  
 
 1.0000000000000000  
 
 1.0000000000000000  
 
 1.0000000000000000  
 
 1.0000000000000000  
 