54866.4890000000013970
8211.7664999999997235
1866.1760999999999058
531.1293399999999565
175.1179700000000139
64.0054999999999978
64.0054999999999978
25.2925070000000005
10.5349100000000000
3.2067109999999999
1.1525550000000000
0.1766780000000000
0.0652370000000000
259.2836199999999849
61.0768699999999995
19.3032369999999993
7.0108819999999996
259.2836199999999849
61.0768699999999995
19.3032369999999993
7.0108819999999996
259.2836199999999849
61.0768699999999995
19.3032369999999993
7.0108819999999996
2.6738650000000002
1.0365960000000001
2.6738650000000002
1.0365960000000001
2.6738650000000002
1.0365960000000001
0.0318000000000000
0.0318000000000000
0.0318000000000000
0.0318000000000000
0.3168190000000000
0.3168190000000000
0.3168190000000000
0.1142570000000000
0.1142570000000000
0.1142570000000000
0.0413970000000000
0.0413970000000000
0.0413970000000000
0.3250000000000000
0.3250000000000000
0.3250000000000000
0.3250000000000000
0.3250000000000000
0.3250000000000000
