0.0008389998340000
0.0065269987100000
0.0336659933460000
0.1329019737310000
0.4012659206870000
0.5313378949780000
0.2023051383600000
0.6247904273060000
0.2274391555500000
1.0000000000000000
1.0000000000000000
1.0000000000000000
1.0000000000000000
0.0094479999330000
0.0709739994980000
0.2956359979080000
0.7282189948480000
0.0094479999330000
0.0709739994980000
0.2956359979080000
0.7282189948480000
0.0094479999330000
0.0709739994980000
0.2956359979080000
0.7282189948480000
0.6444668402940000
0.4174128965600000
0.6444668402940000
0.4174128965600000
0.6444668402940000
0.4174128965600000
1.0000000000000000
1.0000000000000000
1.0000000000000000
1.0000000000000000
1.0000000000000000
1.0000000000000000
1.0000000000000000
1.0000000000000000
1.0000000000000000
1.0000000000000000
1.0000000000000000
1.0000000000000000
1.0000000000000000
1.0000000000000000
1.0000000000000000
1.0000000000000000
1.0000000000000000
1.0000000000000000
1.0000000000000000
