
 2068.8822500000001128 
 310.6495699999999829 
 70.6830329999999947 
 19.8610803000000011 
 6.2993048399999996 
 2.1270269700000002 
 4.7279710709999998 
 1.1903377360000000 
 0.3594116829000000 
 4.7279710709999998 
 1.1903377360000000 
 0.3594116829000000 
 4.7279710709999998 
 1.1903377360000000 
 0.3594116829000000 
 4.7279710709999998 
 1.1903377360000000 
 0.3594116829000000 
 0.1267512469000000 
 0.1267512469000000 
 0.1267512469000000 
 0.1267512469000000 
 0.0315000000000000 
 0.0315000000000000 
 0.0315000000000000 
 0.0315000000000000 
 0.6000000000000000 
 0.6000000000000000 
 0.6000000000000000 
 0.6000000000000000 
 0.6000000000000000 
 0.6000000000000000 