
 0.0018662746000000  
 
 0.0142514817000000  
 
 0.0695516185000000  
 
 0.2325729330000000  
 
 0.4670787120000000  
 
 0.3634314400000000  
 
 -0.1303937974000000  
 
 -0.1307889514000000  
 
 1.1309444840000000  
 
 0.0745975799000000  
 
 0.3078466771000000  
 
 0.7434568342000000  
 
 0.0745975799000000  
 
 0.3078466771000000  
 
 0.7434568342000000  
 
 0.0745975799000000  
 
 0.3078466771000000  
 
 0.7434568342000000  
 
 1.0000000000000000  
 
 1.0000000000000000  
 
 1.0000000000000000  
 
 1.0000000000000000  
 
 1.0000000000000000  
 
 1.0000000000000000  
 
 1.0000000000000000  
 
 1.0000000000000000  
 
 1.0000000000000000  
 
 1.0000000000000000  
 
 1.0000000000000000  
 
 1.0000000000000000  
 
 1.0000000000000000  
 
 1.0000000000000000  
 