 1.01293048E+00  3.40032809E-03 -7.43003170E-03 -3.64104460E-03 -6.49530416E-04
-3.23067327E-06  4.19302574E-05  0.00000000E+00  0.00000000E+00  0.00000000E+00
 0.00000000E+00  0.00000000E+00  0.00000000E+00  0.00000000E+00  0.00000000E+00
 0.00000000E+00  0.00000000E+00  0.00000000E+00  0.00000000E+00 -6.42217188E-03
-6.42217188E-03 -6.42217188E-03  0.00000000E+00  0.00000000E+00  0.00000000E+00
-9.71637573E-04 -9.71637573E-04 -9.71637573E-04  0.00000000E+00  0.00000000E+00
 0.00000000E+00 -1.56680903E-04 -1.56680903E-04 -1.56680903E-04  0.00000000E+00
 0.00000000E+00  0.00000000E+00  0.00000000E+00  0.00000000E+00  0.00000000E+00
 0.00000000E+00  0.00000000E+00  0.00000000E+00  0.00000000E+00  0.00000000E+00
 0.00000000E+00  0.00000000E+00  0.00000000E+00  0.00000000E+00  0.00000000E+00
 0.00000000E+00  0.00000000E+00  0.00000000E+00  0.00000000E+00  0.00000000E+00
 0.00000000E+00  0.00000000E+00 
 1.92351734E+00  8.67621832E-01 -6.52233180E-01 -8.62544567E-01 -5.22879037E-01
-3.56617578E-01 -3.12758264E-02  0.00000000E+00  0.00000000E+00  0.00000000E+00
 0.00000000E+00  0.00000000E+00  0.00000000E+00  0.00000000E+00  0.00000000E+00
 0.00000000E+00  0.00000000E+00  0.00000000E+00  0.00000000E+00 -9.67672195E-01
-9.67672195E-01 -9.67672195E-01  0.00000000E+00  0.00000000E+00  0.00000000E+00
-3.43458973E-01 -3.43458973E-01 -3.43458973E-01  0.00000000E+00  0.00000000E+00
 0.00000000E+00 -1.14118631E-01 -1.14118631E-01 -1.14118631E-01  0.00000000E+00
 0.00000000E+00  0.00000000E+00  0.00000000E+00  0.00000000E+00  0.00000000E+00
 0.00000000E+00  0.00000000E+00  0.00000000E+00  0.00000000E+00  0.00000000E+00
 0.00000000E+00  0.00000000E+00  0.00000000E+00  0.00000000E+00  0.00000000E+00
 0.00000000E+00  0.00000000E+00  0.00000000E+00  0.00000000E+00  0.00000000E+00
 0.00000000E+00  0.00000000E+00 
 4.20737219E-11  3.07799963E-11  0.00000000E+00  0.00000000E+00  0.00000000E+00
 0.00000000E+00  0.00000000E+00  1.43093322E+00  3.34830823E-01  1.21514396E+00
 8.51503888E-01  1.99247417E-01  7.23094404E-01 -1.97461040E-01 -4.62048414E-02
-1.67683290E-01 -1.31105553E-01 -3.06780076E-02 -1.11334421E-01 -2.11971681E-11
-2.11968481E-11 -2.11970086E-11  0.00000000E+00  0.00000000E+00  0.00000000E+00
 0.00000000E+00  0.00000000E+00  0.00000000E+00  0.00000000E+00  0.00000000E+00
 0.00000000E+00  0.00000000E+00  0.00000000E+00  0.00000000E+00  0.00000000E+00
 0.00000000E+00  0.00000000E+00 -1.25286100E-01 -2.93162862E-02 -1.06392559E-01
-1.31106417E-02 -4.75801988E-02 -5.60296470E-02 -4.75801988E-02 -5.60296470E-02
-1.31106417E-02  0.00000000E+00 -6.32030080E-01 -1.47891704E-01 -5.36717942E-01
-6.61391805E-02 -2.40027561E-01 -2.82652445E-01 -2.40027561E-01 -2.82652445E-01
-6.61391805E-02  0.00000000E+00 
-4.95924933E-11 -3.65759795E-11 -0.00000000E+00 -0.00000000E+00 -0.00000000E+00
-0.00000000E+00 -0.00000000E+00 -1.10788287E+00 -5.42559290E-01  1.45412563E+00
-6.59266665E-01 -3.22860172E-01  8.65304973E-01  1.52881840E-01  7.48702457E-02
-2.00661468E-01  1.01506901E-01  4.97105909E-02 -1.33230498E-01  2.49420235E-11
 2.49415386E-11  2.49418076E-11 -0.00000000E+00 -0.00000000E+00 -0.00000000E+00
-0.00000000E+00 -0.00000000E+00 -0.00000000E+00 -0.00000000E+00 -0.00000000E+00
-0.00000000E+00 -0.00000000E+00 -0.00000000E+00 -0.00000000E+00 -0.00000000E+00
-0.00000000E+00 -0.00000000E+00  9.70012588E-02  4.75040598E-02 -1.27316723E-01
 2.12444614E-02 -5.69377696E-02  4.33802817E-02 -5.69377696E-02  4.33802817E-02
 2.12444614E-02 -0.00000000E+00  4.89341704E-01  2.39643463E-01 -6.42273957E-01
 1.07171815E-01 -2.87233645E-01  2.18840263E-01 -2.87233645E-01  2.18840263E-01
 1.07171815E-01 -0.00000000E+00 
 2.47489093E-11  2.07384259E-11  0.00000000E+00  0.00000000E+00  0.00000000E+00
 0.00000000E+00  0.00000000E+00 -6.01067435E-01  1.79715724E+00  2.12603390E-01
-3.57676550E-01  1.06943242E+00  1.26513670E-01  8.29440531E-02 -2.47997972E-01
-2.93381172E-02  5.50712483E-02 -1.64659881E-01 -1.94792354E-02 -1.23796899E-11
-1.23799409E-11 -1.23798292E-11  0.00000000E+00  0.00000000E+00  0.00000000E+00
 0.00000000E+00  0.00000000E+00  0.00000000E+00  0.00000000E+00  0.00000000E+00
 0.00000000E+00  0.00000000E+00  0.00000000E+00  0.00000000E+00  0.00000000E+00
 0.00000000E+00  0.00000000E+00  5.26267707E-02 -1.57351033E-01 -1.86146000E-02
-7.03695212E-02 -8.32470217E-03  2.35354074E-02 -8.32470217E-03  2.35354074E-02
-7.03695212E-02  0.00000000E+00  2.65485974E-01 -7.93787870E-01 -9.39049675E-02
-3.54992727E-01 -4.19955781E-02  1.18728937E-01 -4.19955781E-02  1.18728937E-01
-3.54992727E-01  0.00000000E+00 
 6.59103238E+00  4.84726863E+00 -4.78572052E-01 -9.24689480E-01 -5.04993483E-01
-3.29224074E-01 -2.24484986E-02 -1.85073323E-11 -1.81139382E-11 -0.00000000E+00
-1.07703269E-11 -1.18716121E-11 -0.00000000E+00 -0.00000000E+00 -0.00000000E+00
-0.00000000E+00 -0.00000000E+00 -0.00000000E+00 -0.00000000E+00 -3.31017692E+00
-3.31017692E+00 -3.31017692E+00 -0.00000000E+00 -0.00000000E+00 -0.00000000E+00
-1.23095742E+00 -1.23095742E+00 -1.23095742E+00 -0.00000000E+00 -0.00000000E+00
-0.00000000E+00 -4.17426551E-01 -4.17426551E-01 -4.17426551E-01 -0.00000000E+00
-0.00000000E+00 -0.00000000E+00 -0.00000000E+00 -0.00000000E+00 -0.00000000E+00
-0.00000000E+00 -0.00000000E+00 -0.00000000E+00 -0.00000000E+00 -0.00000000E+00
-0.00000000E+00 -0.00000000E+00 -0.00000000E+00 -0.00000000E+00 -0.00000000E+00
-0.00000000E+00 -0.00000000E+00 -0.00000000E+00 -0.00000000E+00 -0.00000000E+00
-0.00000000E+00 -0.00000000E+00 
-6.13745728E-11 -4.01817852E-11 -0.00000000E+00 -0.00000000E+00 -0.00000000E+00
-0.00000000E+00 -0.00000000E+00  2.53759143E+00  1.55047779E+00  1.98726032E+00
 1.18412704E+00  7.23506022E-01  9.27323705E-01 -7.93996205E-01 -4.85134631E-01
-6.21801104E-01 -4.28582885E-01 -2.61865735E-01 -3.35635498E-01  3.08704100E-11
 3.08709641E-11  3.08713099E-11 -0.00000000E+00 -0.00000000E+00 -0.00000000E+00
 1.15039239E-11  1.15045672E-11  1.15046942E-11 -0.00000000E+00 -0.00000000E+00
-0.00000000E+00 -0.00000000E+00 -0.00000000E+00 -0.00000000E+00 -0.00000000E+00
-0.00000000E+00 -0.00000000E+00 -3.93880195E-01 -2.40662262E-01 -3.08458830E-01
-1.07627436E-01 -1.37946982E-01 -1.76148578E-01 -1.37946982E-01 -1.76148578E-01
-1.07627436E-01 -0.00000000E+00 -1.98143332E+00 -1.21066312E+00 -1.55171702E+00
-5.41425007E-01 -6.93948950E-01 -8.86123921E-01 -6.93948950E-01 -8.86123921E-01
-5.41425007E-01 -0.00000000E+00 
-1.21913905E-10 -7.56329652E-11  1.42485748E-11  1.59300293E-11  0.00000000E+00
 0.00000000E+00  0.00000000E+00 -2.32613861E+00  2.52655600E+00  9.99074160E-01
-1.08545592E+00  1.17897753E+00  4.66202209E-01  7.27833963E-01 -7.90543289E-01
-3.12603945E-01  3.92869863E-01 -4.26719072E-01 -1.68737205E-01  6.13345696E-11
 6.13338686E-11  6.13334088E-11  0.00000000E+00  0.00000000E+00  0.00000000E+00
 2.34120730E-11  2.34110577E-11  2.34111753E-11  0.00000000E+00  0.00000000E+00
 0.00000000E+00  0.00000000E+00  0.00000000E+00  0.00000000E+00  0.00000000E+00
 0.00000000E+00  0.00000000E+00  3.61058884E-01 -3.92167297E-01 -1.55074422E-01
-1.75382547E-01 -6.93513900E-02  1.61470442E-01 -6.93513900E-02  1.61470442E-01
-1.75382547E-01  0.00000000E+00  1.81632413E+00 -1.97281650E+00 -7.80109362E-01
-8.82270362E-01 -3.48875513E-01  8.12284846E-01 -3.48875513E-01  8.12284846E-01
-8.82270362E-01  0.00000000E+00 
 1.32283377E-10  8.39947254E-11 -1.42649411E-11 -1.66915553E-11  0.00000000E+00
 0.00000000E+00  0.00000000E+00 -9.70702907E-01 -2.00127175E+00  2.80092886E+00
-4.52963211E-01 -9.33861919E-01  1.30700930E+00  3.03726760E-01  6.26185192E-01
-8.76392810E-01  1.63945483E-01  3.38001938E-01 -4.73058885E-01 -6.65171846E-11
-6.65172023E-11 -6.65172125E-11  0.00000000E+00  0.00000000E+00  0.00000000E+00
-2.52186083E-11 -2.52186290E-11 -2.52186330E-11  0.00000000E+00  0.00000000E+00
 0.00000000E+00  0.00000000E+00  0.00000000E+00  0.00000000E+00  0.00000000E+00
 0.00000000E+00  0.00000000E+00  1.50670690E-01  3.10633658E-01 -4.34754938E-01
 1.38919595E-01 -1.94428319E-01  6.73819808E-02 -1.94428319E-01  6.73819808E-02
 1.38919595E-01  0.00000000E+00  7.57956172E-01  1.56265760E+00 -2.18705569E+00
 6.98841725E-01 -9.78081039E-01  3.38968305E-01 -9.78081039E-01  3.38968305E-01
 6.98841725E-01  0.00000000E+00 
 1.62091846E+01  9.99430947E+00 -1.93796181E+00 -2.04177660E+00 -3.30498272E-01
 1.80841643E-01  5.53413988E-02 -1.95306826E-11  4.64285595E-11  0.00000000E+00
 0.00000000E+00  2.41622075E-11  0.00000000E+00  0.00000000E+00 -1.41283590E-11
 0.00000000E+00  0.00000000E+00  0.00000000E+00  0.00000000E+00 -8.14894277E+00
-8.14894277E+00 -8.14894277E+00  1.10672142E-11  0.00000000E+00  0.00000000E+00
-3.11202085E+00 -3.11202085E+00 -3.11202085E+00  1.07909711E-11  0.00000000E+00
 0.00000000E+00 -1.06282930E+00 -1.06282930E+00 -1.06282930E+00  0.00000000E+00
 0.00000000E+00  0.00000000E+00  0.00000000E+00  0.00000000E+00  0.00000000E+00
 0.00000000E+00  0.00000000E+00  0.00000000E+00  0.00000000E+00  0.00000000E+00
 0.00000000E+00  0.00000000E+00  1.27747492E-11 -3.48759990E-11  0.00000000E+00
-1.54485248E-11  0.00000000E+00  0.00000000E+00  0.00000000E+00  0.00000000E+00
-1.54477869E-11  0.00000000E+00 
 0.00000000E+00  0.00000000E+00  0.00000000E+00  0.00000000E+00  0.00000000E+00
 0.00000000E+00  0.00000000E+00  0.00000000E+00  0.00000000E+00  0.00000000E+00
 0.00000000E+00  0.00000000E+00  0.00000000E+00  0.00000000E+00  0.00000000E+00
 0.00000000E+00  0.00000000E+00  0.00000000E+00  0.00000000E+00 -4.65718280E-01
-1.64705920E-01  6.30424200E-01 -5.40989335E-04 -5.98360035E-04 -2.52077347E-05
-4.49640720E-01 -1.59019930E-01  6.08660651E-01 -5.22313262E-04 -5.77703407E-04
-2.43375115E-05 -2.96848421E-01 -1.04983408E-01  4.01831828E-01 -3.44826124E-04
-3.81394158E-04 -1.60673878E-05  0.00000000E+00  0.00000000E+00  0.00000000E+00
 0.00000000E+00  0.00000000E+00  0.00000000E+00  0.00000000E+00  0.00000000E+00
 0.00000000E+00  0.00000000E+00  0.00000000E+00  0.00000000E+00  0.00000000E+00
 0.00000000E+00  0.00000000E+00  0.00000000E+00  0.00000000E+00  0.00000000E+00
 0.00000000E+00  0.00000000E+00 
 5.16929138E-11  3.22068798E-11 -0.00000000E+00 -0.00000000E+00 -0.00000000E+00
-0.00000000E+00 -0.00000000E+00  1.42905685E-11 -0.00000000E+00 -2.12183582E-11
-0.00000000E+00 -0.00000000E+00 -0.00000000E+00 -0.00000000E+00 -0.00000000E+00
-0.00000000E+00 -0.00000000E+00 -0.00000000E+00 -0.00000000E+00  1.20814005E-04
 3.18409205E-04 -4.39223288E-04 -1.12180808E-01 -3.50960712E-01  5.40259175E-01
 1.16643270E-04  3.07417075E-04 -4.24060375E-04 -1.08308094E-01 -3.38844821E-01
 5.21608309E-01  7.70067531E-05  2.02953759E-04 -2.79960523E-04 -7.15039478E-02
-2.23702048E-01  3.44360721E-01 -0.00000000E+00 -0.00000000E+00 -0.00000000E+00
-0.00000000E+00 -0.00000000E+00 -0.00000000E+00 -0.00000000E+00 -0.00000000E+00
-0.00000000E+00 -0.00000000E+00 -0.00000000E+00 -0.00000000E+00  1.24746683E-11
-0.00000000E+00 -0.00000000E+00 -0.00000000E+00 -0.00000000E+00 -0.00000000E+00
-0.00000000E+00 -0.00000000E+00 
-8.76996611E-11 -5.46370988E-11  1.02322694E-11  1.13309339E-11 -0.00000000E+00
-0.00000000E+00 -0.00000000E+00  1.65386854E-11 -0.00000000E+00 -1.82109256E-11
-0.00000000E+00 -0.00000000E+00 -0.00000000E+00 -0.00000000E+00 -0.00000000E+00
-0.00000000E+00 -0.00000000E+00 -0.00000000E+00 -0.00000000E+00 -2.55723119E-04
-4.29631626E-04  6.85354877E-04  1.89363719E-01  5.06201232E-01  3.68156695E-01
-2.46895053E-04 -4.14799878E-04  6.61694981E-04  1.82826491E-01  4.88726117E-01
 3.55447163E-01 -1.62997713E-04 -2.73846841E-04  4.36844571E-04  1.20700267E-01
 3.22652218E-01  2.34662752E-01 -0.00000000E+00 -0.00000000E+00 -0.00000000E+00
-0.00000000E+00 -0.00000000E+00 -0.00000000E+00 -0.00000000E+00 -0.00000000E+00
-0.00000000E+00 -0.00000000E+00 -0.00000000E+00 -0.00000000E+00  1.01859359E-11
-0.00000000E+00 -0.00000000E+00 -0.00000000E+00 -0.00000000E+00 -0.00000000E+00
-0.00000000E+00 -0.00000000E+00 
-2.85481225E-10 -1.77851342E-10  3.33128169E-11  3.68824191E-11  0.00000000E+00
 0.00000000E+00  0.00000000E+00  0.00000000E+00  0.00000000E+00  0.00000000E+00
 0.00000000E+00  0.00000000E+00  0.00000000E+00  0.00000000E+00  0.00000000E+00
 0.00000000E+00  0.00000000E+00  0.00000000E+00  0.00000000E+00  2.18233474E-03
-3.38835786E-03  1.20602355E-03  6.15778799E-01 -2.19599664E-01 -1.47917795E-02
 2.10699594E-03 -3.27138481E-03  1.16438904E-03  5.94520839E-01 -2.12018628E-01
-1.42811366E-02  1.39101816E-03 -2.15973638E-03  7.68718274E-04  3.92496863E-01
-1.39972632E-01 -9.42826720E-03  0.00000000E+00  0.00000000E+00  0.00000000E+00
 0.00000000E+00  0.00000000E+00  0.00000000E+00  0.00000000E+00  0.00000000E+00
 0.00000000E+00  0.00000000E+00  0.00000000E+00  0.00000000E+00  0.00000000E+00
 0.00000000E+00  0.00000000E+00  0.00000000E+00  0.00000000E+00  0.00000000E+00
 0.00000000E+00  0.00000000E+00 
-0.00000000E+00 -0.00000000E+00 -0.00000000E+00 -0.00000000E+00 -0.00000000E+00
-0.00000000E+00 -0.00000000E+00 -0.00000000E+00 -0.00000000E+00 -0.00000000E+00
-0.00000000E+00 -0.00000000E+00 -0.00000000E+00 -0.00000000E+00 -0.00000000E+00
-0.00000000E+00 -0.00000000E+00 -0.00000000E+00 -0.00000000E+00 -4.59064024E-01
 6.32849374E-01 -1.73785350E-01  3.34115987E-03 -8.11261776E-04 -1.07645584E-04
-4.43216183E-01  6.11002102E-01 -1.67785920E-01  3.22581611E-03 -7.83255338E-04
-1.03929436E-04 -2.92607003E-01  4.03377632E-01 -1.10770629E-01  2.12965235E-03
-5.17097539E-04 -6.86132004E-05 -0.00000000E+00 -0.00000000E+00 -0.00000000E+00
-0.00000000E+00 -0.00000000E+00 -0.00000000E+00 -0.00000000E+00 -0.00000000E+00
-0.00000000E+00 -0.00000000E+00 -0.00000000E+00 -0.00000000E+00 -0.00000000E+00
-0.00000000E+00 -0.00000000E+00 -0.00000000E+00 -0.00000000E+00 -0.00000000E+00
-0.00000000E+00 -0.00000000E+00 
 0.00000000E+00  0.00000000E+00  0.00000000E+00  0.00000000E+00  0.00000000E+00
 0.00000000E+00  0.00000000E+00  0.00000000E+00  0.00000000E+00  0.00000000E+00
 0.00000000E+00  0.00000000E+00  0.00000000E+00  0.00000000E+00  0.00000000E+00
 0.00000000E+00  0.00000000E+00  0.00000000E+00  0.00000000E+00  0.00000000E+00
 0.00000000E+00  0.00000000E+00  0.00000000E+00  0.00000000E+00  0.00000000E+00
 0.00000000E+00  0.00000000E+00  0.00000000E+00  0.00000000E+00  0.00000000E+00
 0.00000000E+00  0.00000000E+00  0.00000000E+00  0.00000000E+00  0.00000000E+00
 0.00000000E+00  0.00000000E+00  2.53668341E-02 -6.05310084E-03  6.59189713E-04
-8.85473407E-03 -8.71657000E-02 -1.80636528E-01  8.62813042E-02  1.46603349E-01
 1.69758210E-02  3.54025274E-03 -1.31876959E-01  3.14688276E-02 -3.42699188E-03
 4.60339431E-02  4.53156565E-01  9.39092197E-01 -4.48558773E-01 -7.62160691E-01
-8.82538057E-02 -1.84050466E-02 
-1.94833438E-11 -1.26393137E-11  0.00000000E+00  0.00000000E+00  0.00000000E+00
 0.00000000E+00  0.00000000E+00  0.00000000E+00  0.00000000E+00  0.00000000E+00
 0.00000000E+00  0.00000000E+00  0.00000000E+00  0.00000000E+00  0.00000000E+00
 0.00000000E+00  0.00000000E+00  0.00000000E+00  0.00000000E+00  0.00000000E+00
 0.00000000E+00  0.00000000E+00  0.00000000E+00  0.00000000E+00  0.00000000E+00
 0.00000000E+00  0.00000000E+00  0.00000000E+00  0.00000000E+00  0.00000000E+00
 0.00000000E+00  0.00000000E+00  0.00000000E+00  0.00000000E+00  0.00000000E+00
 0.00000000E+00  0.00000000E+00 -1.08350995E-01  1.36569483E-01 -1.95871967E-02
 1.32369937E-02 -7.97900816E-03  5.88479229E-02  3.42579901E-02  8.65201914E-02
-1.96464182E-01 -1.88636283E-02  5.63294562E-01 -7.09996681E-01  1.01829811E-01
-6.88164104E-02  4.14812241E-02 -3.05938260E-01 -1.78100252E-01 -4.49800698E-01
 1.02137692E+00  9.80681278E-02 
 1.14958452E-11  0.00000000E+00  0.00000000E+00  0.00000000E+00  0.00000000E+00
 0.00000000E+00  0.00000000E+00  0.00000000E+00  0.00000000E+00  0.00000000E+00
 0.00000000E+00  0.00000000E+00  0.00000000E+00  0.00000000E+00  0.00000000E+00
 0.00000000E+00  0.00000000E+00  0.00000000E+00  0.00000000E+00  0.00000000E+00
 0.00000000E+00  0.00000000E+00  0.00000000E+00  0.00000000E+00  0.00000000E+00
 0.00000000E+00  0.00000000E+00  0.00000000E+00  0.00000000E+00  0.00000000E+00
 0.00000000E+00  0.00000000E+00  0.00000000E+00  0.00000000E+00  0.00000000E+00
 0.00000000E+00  0.00000000E+00  5.96927166E-02 -3.49297437E-02 -5.61010999E-03
 7.05077976E-02 -1.01110450E-01  1.74369194E-02  1.08637202E-01 -9.75231027E-02
-2.36446288E-02 -1.40709352E-01 -3.10330169E-01  1.81592561E-01  2.91658092E-02
-3.66555553E-01  5.25652454E-01 -9.06509612E-02 -5.64782493E-01  5.07002574E-01
 1.22923567E-01  7.31519010E-01 
-0.00000000E+00 -0.00000000E+00 -0.00000000E+00 -0.00000000E+00 -0.00000000E+00
-0.00000000E+00 -0.00000000E+00 -0.00000000E+00 -0.00000000E+00 -0.00000000E+00
-0.00000000E+00 -0.00000000E+00 -0.00000000E+00 -0.00000000E+00 -0.00000000E+00
-0.00000000E+00 -0.00000000E+00 -0.00000000E+00 -0.00000000E+00 -0.00000000E+00
-0.00000000E+00 -0.00000000E+00 -0.00000000E+00 -0.00000000E+00 -0.00000000E+00
-0.00000000E+00 -0.00000000E+00 -0.00000000E+00 -0.00000000E+00 -0.00000000E+00
-0.00000000E+00 -0.00000000E+00 -0.00000000E+00 -0.00000000E+00 -0.00000000E+00
-0.00000000E+00 -0.00000000E+00  1.67317340E-02  8.10748872E-02 -3.54188969E-02
-1.34395574E-01  9.99221337E-02 -4.80089828E-02 -5.24026971E-02  2.55610061E-02
 2.56221988E-02 -1.43029631E-01 -8.69848472E-02 -4.21491681E-01  1.84135568E-01
 6.98694978E-01 -5.19474643E-01  2.49588838E-01  2.72430855E-01 -1.32886419E-01
-1.33204547E-01  7.43581666E-01 
-2.31684495E-11 -1.51379185E-11 -0.00000000E+00 -0.00000000E+00 -0.00000000E+00
-0.00000000E+00 -0.00000000E+00 -0.00000000E+00 -0.00000000E+00 -0.00000000E+00
-0.00000000E+00 -0.00000000E+00 -0.00000000E+00 -0.00000000E+00 -0.00000000E+00
-0.00000000E+00 -0.00000000E+00 -0.00000000E+00 -0.00000000E+00  1.15488818E-11
 1.15479523E-11  1.15487304E-11 -0.00000000E+00 -0.00000000E+00 -0.00000000E+00
-0.00000000E+00 -0.00000000E+00 -0.00000000E+00 -0.00000000E+00 -0.00000000E+00
-0.00000000E+00 -0.00000000E+00 -0.00000000E+00 -0.00000000E+00 -0.00000000E+00
-0.00000000E+00 -0.00000000E+00 -1.27467817E-01  5.81584072E-03  8.24426035E-02
-1.09450609E-01 -1.28203143E-01  1.17484281E-01  1.75947835E-02  5.35317407E-02
 1.01647840E-01 -1.60291347E-02  6.62678990E-01 -3.02353610E-02 -4.28602157E-01
 5.69011228E-01  6.66501800E-01 -6.10776640E-01 -9.14716642E-02 -2.78300521E-01
-5.28446234E-01  8.33321779E-02 
-3.29064534E-11 -2.15679778E-11  0.00000000E+00  0.00000000E+00  0.00000000E+00
 0.00000000E+00  0.00000000E+00  0.00000000E+00  0.00000000E+00  0.00000000E+00
 0.00000000E+00  0.00000000E+00  0.00000000E+00  0.00000000E+00  0.00000000E+00
 0.00000000E+00  0.00000000E+00  0.00000000E+00  0.00000000E+00  1.63697666E-11
 1.63693691E-11  1.63694331E-11  0.00000000E+00  0.00000000E+00  0.00000000E+00
 0.00000000E+00  0.00000000E+00  0.00000000E+00  0.00000000E+00  0.00000000E+00
 0.00000000E+00  0.00000000E+00  0.00000000E+00  0.00000000E+00  0.00000000E+00
 0.00000000E+00  0.00000000E+00 -1.13374579E-01 -1.41464779E-01 -1.99507329E-02
 1.38336225E-01  6.66441319E-02  3.39631733E-02 -3.98774149E-02  1.18144786E-01
 5.14586922E-02 -6.86606364E-02  5.89411144E-01  7.35446321E-01  1.03719761E-01
-7.19181613E-01 -3.46469149E-01 -1.76567560E-01  2.07314487E-01 -6.14210471E-01
-2.67523168E-01  3.56952542E-01 
-2.08514358E-11 -1.35909656E-11 -0.00000000E+00 -0.00000000E+00 -0.00000000E+00
-0.00000000E+00 -0.00000000E+00 -0.00000000E+00 -0.00000000E+00 -0.00000000E+00
-0.00000000E+00 -0.00000000E+00 -0.00000000E+00 -0.00000000E+00 -0.00000000E+00
-0.00000000E+00 -0.00000000E+00 -0.00000000E+00 -0.00000000E+00  1.04235365E-11
 1.04233265E-11  1.04235627E-11 -0.00000000E+00 -0.00000000E+00 -0.00000000E+00
-0.00000000E+00 -0.00000000E+00 -0.00000000E+00 -0.00000000E+00 -0.00000000E+00
-0.00000000E+00 -0.00000000E+00 -0.00000000E+00 -0.00000000E+00 -0.00000000E+00
-0.00000000E+00 -0.00000000E+00 -3.61985032E-02 -1.05622568E-02 -1.94355031E-01
-3.95350111E-02  8.49690678E-02  4.80511484E-02  1.75785568E-01  5.14239858E-04
 5.37057657E-02  3.22889117E-02  1.88188581E-01  5.49110031E-02  1.01041187E+00
 2.05534400E-01 -4.41736726E-01 -2.49808048E-01 -9.13873053E-01 -2.67342736E-03
-2.79205242E-01 -1.67863418E-01 
 2.47163294E-10  1.56396162E-10 -4.04599402E-11 -3.64717460E-11 -0.00000000E+00
-0.00000000E+00 -0.00000000E+00  1.63976294E+00  6.34940581E+00  9.21855404E+00
 4.39159692E-01  1.70049160E+00  2.46890404E+00 -5.91706838E-01 -2.29117682E+00
-3.32650612E+00 -2.97651612E-01 -1.15255128E+00 -1.67336229E+00 -1.24205038E-10
-1.24205053E-10 -1.24205053E-10 -0.00000000E+00 -0.00000000E+00 -0.00000000E+00
-4.41040253E-11 -4.41040350E-11 -4.41040456E-11 -0.00000000E+00 -0.00000000E+00
-0.00000000E+00 -1.38827804E-11 -1.38827711E-11 -1.38827619E-11 -0.00000000E+00
-0.00000000E+00 -0.00000000E+00 -2.00536726E-01 -7.76508007E-01 -1.12739384E+00
-3.47264938E-01 -5.04185855E-01 -8.96827502E-02 -5.04185855E-01 -8.96827502E-02
-3.47264938E-01 -0.00000000E+00 -1.05413199E+00 -4.08175573E+00 -5.92620583E+00
-1.82541666E+00 -2.65027982E+00 -4.71422157E-01 -2.65027982E+00 -4.71422157E-01
-1.82541666E+00 -0.00000000E+00 
 1.10197428E-10  6.84276764E-11 -1.69574216E-11 -1.59624951E-11 -0.00000000E+00
-0.00000000E+00 -0.00000000E+00  8.65264095E+00 -6.62972744E+00  3.02721553E+00
 2.31734176E+00 -1.77556706E+00  8.10745876E-01 -3.12229694E+00  2.39233060E+00
-1.09236774E+00 -1.57063711E+00  1.20343558E+00 -5.49503566E-01 -5.53707740E-11
-5.53708752E-11 -5.53709025E-11 -0.00000000E+00 -0.00000000E+00 -0.00000000E+00
-1.88651339E-11 -1.88652145E-11 -1.88653201E-11 -0.00000000E+00 -0.00000000E+00
-0.00000000E+00 -0.00000000E+00 -0.00000000E+00 -0.00000000E+00 -0.00000000E+00
-0.00000000E+00 -0.00000000E+00 -1.05818484E+00  8.10790268E-01 -3.70216863E-01
 3.62596431E-01 -1.65566014E-01 -4.73234648E-01 -1.65566014E-01 -4.73234648E-01
 3.62596431E-01 -0.00000000E+00 -5.56240502E+00  4.26196226E+00 -1.94606467E+00
 1.90600747E+00 -8.70306579E-01 -2.48758315E+00 -8.70306579E-01 -2.48758315E+00
 1.90600747E+00 -0.00000000E+00 
 6.85181802E-10  4.32850963E-10 -1.12395024E-10 -1.01859332E-10 -0.00000000E+00
 2.24468973E-11 -0.00000000E+00  7.10130251E+00  6.61190405E+00 -5.81719372E+00
 1.90186383E+00  1.77079362E+00 -1.55795508E+00 -2.56249800E+00 -2.38589905E+00
 2.09912861E+00 -1.28903641E+00 -1.20020025E+00  1.05594354E+00 -3.44335502E-10
-3.44335563E-10 -3.44335612E-10 -0.00000000E+00 -0.00000000E+00 -0.00000000E+00
-1.21696497E-10 -1.21696534E-10 -1.21696583E-10 -0.00000000E+00 -0.00000000E+00
-0.00000000E+00 -3.81797715E-11 -3.81797557E-11 -3.81797763E-11 -0.00000000E+00
-0.00000000E+00 -0.00000000E+00 -8.68462093E-01 -8.08610536E-01  7.11420507E-01
-3.61621625E-01  3.18156923E-01 -3.88388055E-01  3.18156923E-01 -3.88388055E-01
-3.61621625E-01 -0.00000000E+00 -4.56511728E+00 -4.25050438E+00  3.73961982E+00
-1.90088335E+00  1.67240882E+00 -2.04158251E+00  1.67240882E+00 -2.04158251E+00
-1.90088335E+00 -0.00000000E+00 
 2.98055065E+01  1.88941837E+01 -5.02478815E+00 -4.52242253E+00 -2.26305264E-01
 1.00447259E+00  1.87636054E-01 -1.89860804E-10 -2.10682570E-10  5.33533701E-11
-5.18756712E-11 -5.96735189E-11  1.50687031E-11  6.92509603E-11  7.63474325E-11
-1.93636329E-11  3.48862197E-11  3.85964441E-11 -0.00000000E+00 -1.49798555E+01
-1.49798555E+01 -1.49798555E+01 -0.00000000E+00 -0.00000000E+00 -0.00000000E+00
-5.24791146E+00 -5.24791146E+00 -5.24791146E+00 -0.00000000E+00 -0.00000000E+00
-0.00000000E+00 -1.64213862E+00 -1.64213862E+00 -1.64213862E+00 -0.00000000E+00
-0.00000000E+00 -0.00000000E+00  2.29924005E-11  2.62442424E-11 -0.00000000E+00
 1.18327665E-11 -0.00000000E+00  1.08782456E-11 -0.00000000E+00  1.08780955E-11
 1.18337530E-11 -0.00000000E+00  1.24829328E-10  1.36735493E-10 -3.38451156E-11
 6.00730943E-11 -1.57278883E-11  5.30298748E-11 -1.57295240E-11  5.30302436E-11
 6.00695116E-11 -0.00000000E+00 
-0.00000000E+00 -0.00000000E+00 -0.00000000E+00 -0.00000000E+00 -0.00000000E+00
-0.00000000E+00 -0.00000000E+00 -0.00000000E+00 -0.00000000E+00 -0.00000000E+00
-0.00000000E+00 -0.00000000E+00 -0.00000000E+00 -0.00000000E+00 -0.00000000E+00
-0.00000000E+00 -0.00000000E+00 -0.00000000E+00 -0.00000000E+00 -5.03106874E-01
-1.79426421E-01  6.82533294E-01 -2.58071781E-05 -8.02895629E-05 -8.62660890E-06
 2.24390456E-01  8.00258919E-02 -3.04416347E-01  1.15102472E-05  3.58099095E-05
 3.84754970E-06  4.49424513E-01  1.60281316E-01 -6.09705828E-01  2.30535082E-05
 7.17225297E-05  7.70613502E-06 -0.00000000E+00 -0.00000000E+00 -0.00000000E+00
-0.00000000E+00 -0.00000000E+00 -0.00000000E+00 -0.00000000E+00 -0.00000000E+00
-0.00000000E+00 -0.00000000E+00 -0.00000000E+00 -0.00000000E+00 -0.00000000E+00
-0.00000000E+00 -0.00000000E+00 -0.00000000E+00 -0.00000000E+00 -0.00000000E+00
-0.00000000E+00 -0.00000000E+00 
-4.52365667E-11 -2.62917031E-11 -0.00000000E+00 -0.00000000E+00 -0.00000000E+00
-0.00000000E+00 -0.00000000E+00 -0.00000000E+00 -0.00000000E+00 -1.46296472E-11
-0.00000000E+00 -0.00000000E+00 -0.00000000E+00 -0.00000000E+00 -0.00000000E+00
-0.00000000E+00 -0.00000000E+00 -0.00000000E+00 -0.00000000E+00 -8.59689176E-06
-9.99210385E-06  1.85890640E-05 -1.90363014E-01  1.45801172E-01  6.65791752E-01
 3.83431270E-06  4.45659058E-06 -8.29088238E-06  8.49037166E-02 -6.50287109E-02
-2.96949460E-01  7.67961092E-06  8.92595150E-06 -1.66055570E-05  1.70050956E-01
-1.30243938E-01 -5.94750638E-01 -0.00000000E+00 -0.00000000E+00 -0.00000000E+00
-0.00000000E+00 -0.00000000E+00 -0.00000000E+00 -0.00000000E+00 -0.00000000E+00
-0.00000000E+00 -0.00000000E+00 -0.00000000E+00 -0.00000000E+00 -0.00000000E+00
-0.00000000E+00 -0.00000000E+00 -0.00000000E+00 -0.00000000E+00 -0.00000000E+00
-0.00000000E+00 -0.00000000E+00 
 1.44693625E-10  8.40965024E-11 -2.55286117E-11 -2.08518183E-11 -0.00000000E+00
-0.00000000E+00 -0.00000000E+00 -0.00000000E+00 -0.00000000E+00 -0.00000000E+00
-0.00000000E+00 -0.00000000E+00 -0.00000000E+00 -0.00000000E+00 -0.00000000E+00
-0.00000000E+00 -0.00000000E+00 -0.00000000E+00 -0.00000000E+00 -3.03184132E-05
-3.56021640E-05  6.59203586E-05  6.08866136E-01  3.47037781E-01  9.80893442E-02
 1.35222462E-05  1.58788493E-05 -2.94011623E-05 -2.71560094E-01 -1.54782154E-01
-4.37487814E-02  2.70833159E-05  3.18032815E-05 -5.88866148E-05 -5.43899082E-01
-3.10008258E-01 -8.76230440E-02 -0.00000000E+00 -0.00000000E+00 -0.00000000E+00
-0.00000000E+00 -0.00000000E+00 -0.00000000E+00 -0.00000000E+00 -0.00000000E+00
-0.00000000E+00 -0.00000000E+00 -0.00000000E+00 -0.00000000E+00 -0.00000000E+00
-0.00000000E+00 -0.00000000E+00 -0.00000000E+00 -0.00000000E+00 -0.00000000E+00
-0.00000000E+00 -0.00000000E+00 
-7.28590870E-11 -4.23454697E-11  1.28557155E-11  1.04990680E-11 -0.00000000E+00
-0.00000000E+00 -0.00000000E+00 -0.00000000E+00 -0.00000000E+00 -0.00000000E+00
-0.00000000E+00 -0.00000000E+00 -0.00000000E+00 -0.00000000E+00 -0.00000000E+00
-0.00000000E+00 -0.00000000E+00 -0.00000000E+00 -0.00000000E+00  8.06907352E-06
-7.77843535E-05  6.97153901E-05 -3.06298330E-01  5.99234097E-01 -2.18802513E-01
-3.59885602E-06  3.46925898E-05 -3.10937001E-05  1.36611971E-01 -2.67264112E-01
 9.75880038E-02 -7.20805392E-06  6.94846661E-05 -6.22766034E-05  2.73615776E-01
-5.35294797E-01  1.95455911E-01 -0.00000000E+00 -0.00000000E+00 -0.00000000E+00
-0.00000000E+00 -0.00000000E+00 -0.00000000E+00 -0.00000000E+00 -0.00000000E+00
-0.00000000E+00 -0.00000000E+00 -0.00000000E+00 -0.00000000E+00 -0.00000000E+00
-0.00000000E+00 -0.00000000E+00 -0.00000000E+00 -0.00000000E+00 -0.00000000E+00
-0.00000000E+00 -0.00000000E+00 
 0.00000000E+00  0.00000000E+00  0.00000000E+00  0.00000000E+00  0.00000000E+00
 0.00000000E+00  0.00000000E+00  0.00000000E+00  0.00000000E+00  0.00000000E+00
 0.00000000E+00  0.00000000E+00  0.00000000E+00  0.00000000E+00  0.00000000E+00
 0.00000000E+00  0.00000000E+00  0.00000000E+00  0.00000000E+00 -4.97652680E-01
 6.84529670E-01 -1.86876990E-01 -1.26816156E-05  6.72244410E-05 -1.23039229E-05
 2.21957833E-01 -3.05306750E-01  8.33489169E-02  5.65612128E-06 -2.99827407E-05
 5.48766677E-06  4.44552290E-01 -6.11489187E-01  1.66936897E-01  1.13284656E-05
-6.00514786E-05  1.09910734E-05  0.00000000E+00  0.00000000E+00  0.00000000E+00
 0.00000000E+00  0.00000000E+00  0.00000000E+00  0.00000000E+00  0.00000000E+00
 0.00000000E+00  0.00000000E+00  0.00000000E+00  0.00000000E+00  0.00000000E+00
 0.00000000E+00  0.00000000E+00  0.00000000E+00  0.00000000E+00  0.00000000E+00
 0.00000000E+00  0.00000000E+00 
 4.72123054E+01  2.50553865E+01 -9.69760780E+00 -5.99775646E+00  1.15036144E-01
 1.34895513E+00  2.53497323E-01 -2.13867623E-10  2.65684047E-10 -7.74519468E-11
-6.27577364E-11  8.08094980E-11 -2.37331683E-11  9.02083314E-11 -1.09295649E-10
 3.23915642E-11  4.55178767E-11 -5.55128492E-11  1.64084300E-11 -2.36732770E+01
-2.36732770E+01 -2.36732770E+01  0.00000000E+00  0.00000000E+00  0.00000000E+00
-6.19862132E+00 -6.19862132E+00 -6.19862132E+00  0.00000000E+00  0.00000000E+00
 0.00000000E+00 -1.33837133E+00 -1.33837133E+00 -1.33837133E+00  0.00000000E+00
 0.00000000E+00  0.00000000E+00  3.40208645E-11 -4.44714348E-11  1.28302902E-11
-1.87517596E-11  0.00000000E+00  1.54957071E-11  0.00000000E+00  1.54958998E-11
-1.87526304E-11  0.00000000E+00  1.35022042E-10 -1.67325468E-10  4.87811167E-11
-7.49191395E-11  2.21143918E-11  6.10626191E-11  2.21137816E-11  6.10624318E-11
-7.49184800E-11  0.00000000E+00 
-1.12330994E-10 -5.84699160E-11  2.23688940E-11  1.25517984E-11  0.00000000E+00
 0.00000000E+00  0.00000000E+00  3.58371059E+00  1.25857231E+01  1.63864521E+01
 1.08517069E+00  3.81103818E+00  4.96192343E+00 -1.50533576E+00 -5.28662641E+00
-6.88312061E+00 -7.61376243E-01 -2.67389633E+00 -3.48137915E+00  5.63578704E-11
 5.63578704E-11  5.63578704E-11  0.00000000E+00  0.00000000E+00  0.00000000E+00
 1.51855759E-11  1.51855759E-11  1.51855759E-11  0.00000000E+00  0.00000000E+00
 0.00000000E+00  0.00000000E+00  0.00000000E+00  0.00000000E+00  0.00000000E+00
 0.00000000E+00  0.00000000E+00 -5.88796165E-01 -2.06780802E+00 -2.69225985E+00
-9.24751862E-01 -1.20401521E+00 -2.63317650E-01 -1.20401521E+00 -2.63317650E-01
-9.24751862E-01  0.00000000E+00 -2.26142146E+00 -7.94194277E+00 -1.03403089E+01
-3.55174478E+00 -4.62432671E+00 -1.01133842E+00 -4.62432671E+00 -1.01133842E+00
-3.55174478E+00  0.00000000E+00 
 7.44811602E-10  3.91097585E-10 -1.54806677E-10 -9.24976050E-11 -0.00000000E+00
 2.22256653E-11 -0.00000000E+00  1.47613689E+01 -1.31965556E+01  6.90739648E+00
 4.46983777E+00 -3.99600220E+00  2.09160423E+00 -6.20050529E+00  5.54320628E+00
-2.90144827E+00 -3.13612256E+00  2.80367058E+00 -1.46750901E+00 -3.73413142E-10
-3.73413142E-10 -3.73413142E-10 -0.00000000E+00 -0.00000000E+00 -0.00000000E+00
-9.64695485E-11 -9.64695485E-11 -9.64695485E-11 -0.00000000E+00 -0.00000000E+00
-0.00000000E+00 -2.03152012E-11 -2.03152012E-11 -2.03152012E-11 -0.00000000E+00
-0.00000000E+00 -0.00000000E+00 -2.42526209E+00  2.16816653E+00 -1.13487082E+00
 9.69633549E-01 -5.07529658E-01 -1.08461018E+00 -5.07529658E-01 -1.08461018E+00
 9.69633549E-01 -0.00000000E+00 -9.31483603E+00  8.32739513E+00 -4.35876007E+00
 3.72412432E+00 -1.94929676E+00 -4.16572131E+00 -1.94929676E+00 -4.16572131E+00
 3.72412432E+00 -0.00000000E+00 
-2.84707262E-11 -1.22241485E-11 -0.00000000E+00 -0.00000000E+00 -0.00000000E+00
-0.00000000E+00 -0.00000000E+00  1.44574626E+01  1.03542123E+01 -1.11144628E+01
 4.37781297E+00  3.13532230E+00 -3.36553104E+00 -6.07284960E+00 -4.34928145E+00
 4.66862426E+00 -3.07155623E+00 -2.19980131E+00  2.36132011E+00  1.43144182E-11
 1.43144182E-11  1.43144182E-11 -0.00000000E+00 -0.00000000E+00 -0.00000000E+00
-0.00000000E+00 -0.00000000E+00 -0.00000000E+00 -0.00000000E+00 -0.00000000E+00
-0.00000000E+00 -0.00000000E+00 -0.00000000E+00 -0.00000000E+00 -0.00000000E+00
-0.00000000E+00 -0.00000000E+00 -2.37533091E+00 -1.70117546E+00  1.82608302E+00
-7.60788792E-01  8.16649152E-01 -1.06228028E+00  8.16649152E-01 -1.06228028E+00
-7.60788792E-01 -0.00000000E+00 -9.12306265E+00 -6.53379711E+00  7.01353638E+00
-2.92200290E+00  3.13654882E+00 -4.07995765E+00  3.13654882E+00 -4.07995765E+00
-2.92200290E+00 -0.00000000E+00 
 0.00000000E+00  0.00000000E+00  0.00000000E+00  0.00000000E+00  0.00000000E+00
 0.00000000E+00  0.00000000E+00  0.00000000E+00  0.00000000E+00  0.00000000E+00
 0.00000000E+00  0.00000000E+00  0.00000000E+00  0.00000000E+00  0.00000000E+00
 0.00000000E+00  0.00000000E+00  0.00000000E+00  0.00000000E+00  0.00000000E+00
 0.00000000E+00  0.00000000E+00  0.00000000E+00  0.00000000E+00  0.00000000E+00
 0.00000000E+00  0.00000000E+00  0.00000000E+00  0.00000000E+00  0.00000000E+00
 0.00000000E+00  0.00000000E+00  0.00000000E+00  0.00000000E+00  0.00000000E+00
 0.00000000E+00  0.00000000E+00  3.98157108E-03  4.04784707E-03 -5.92159901E-03
 2.42356878E-01 -1.03614974E+00 -2.77032835E-01  1.04409440E+00  2.71690997E-01
-2.47787635E-01 -2.12216395E-02 -1.99981121E-03 -2.03309945E-03  2.97422295E-03
-1.21727829E-01  5.20423681E-01  1.39144413E-01 -5.24414020E-01 -1.36461384E-01
 1.24455518E-01  1.06589263E-02 
 5.81256128E-11  2.79674098E-11 -1.38683049E-11 -0.00000000E+00 -0.00000000E+00
-0.00000000E+00 -0.00000000E+00 -0.00000000E+00 -0.00000000E+00 -0.00000000E+00
-0.00000000E+00 -0.00000000E+00 -0.00000000E+00 -0.00000000E+00 -0.00000000E+00
-0.00000000E+00 -0.00000000E+00 -0.00000000E+00 -0.00000000E+00 -2.90080404E-11
-2.90080375E-11 -2.90080363E-11 -0.00000000E+00 -0.00000000E+00 -0.00000000E+00
-0.00000000E+00 -0.00000000E+00 -0.00000000E+00 -0.00000000E+00 -0.00000000E+00
-0.00000000E+00 -0.00000000E+00 -0.00000000E+00 -0.00000000E+00 -0.00000000E+00
-0.00000000E+00 -0.00000000E+00  4.28377728E-01  1.19880066E+00 -3.58131941E-02
-7.80323047E-01  3.39100167E-02 -2.86484149E-01  1.41384252E-02 -2.88244882E-01
-8.28036810E-01  2.51550422E-02 -2.15159937E-01 -6.02117845E-01  1.79877806E-02
 3.91930408E-01 -1.70318777E-02  1.43891495E-01 -7.10126246E-03  1.44775853E-01
 4.15895450E-01 -1.26345441E-02 
-0.00000000E+00 -0.00000000E+00 -0.00000000E+00 -0.00000000E+00 -0.00000000E+00
-0.00000000E+00 -0.00000000E+00 -0.00000000E+00 -0.00000000E+00 -0.00000000E+00
-0.00000000E+00 -0.00000000E+00 -0.00000000E+00 -0.00000000E+00 -0.00000000E+00
-0.00000000E+00 -0.00000000E+00 -0.00000000E+00 -0.00000000E+00 -0.00000000E+00
-0.00000000E+00 -0.00000000E+00 -0.00000000E+00 -0.00000000E+00 -0.00000000E+00
-0.00000000E+00 -0.00000000E+00 -0.00000000E+00 -0.00000000E+00 -0.00000000E+00
-0.00000000E+00 -0.00000000E+00 -0.00000000E+00 -0.00000000E+00 -0.00000000E+00
-0.00000000E+00 -0.00000000E+00 -2.90678085E-03  1.95521159E-03 -7.97889203E-03
-1.69997780E-02  2.83705644E-01 -1.05956801E+00 -2.73000837E-01  1.06346787E+00
 1.43765864E-02 -1.31519874E-01  1.45997970E-03 -9.82037992E-04  4.00753306E-03
 8.53842517E-03 -1.42495944E-01  5.32185902E-01  1.37119274E-01 -5.34144670E-01
-7.22088294E-03  6.60580745E-02 
 0.00000000E+00  0.00000000E+00  0.00000000E+00  0.00000000E+00  0.00000000E+00
 0.00000000E+00  0.00000000E+00  0.00000000E+00  0.00000000E+00  0.00000000E+00
 0.00000000E+00  0.00000000E+00  0.00000000E+00  0.00000000E+00  0.00000000E+00
 0.00000000E+00  0.00000000E+00  0.00000000E+00  0.00000000E+00  0.00000000E+00
 0.00000000E+00  0.00000000E+00  0.00000000E+00  0.00000000E+00  0.00000000E+00
 0.00000000E+00  0.00000000E+00  0.00000000E+00  0.00000000E+00  0.00000000E+00
 0.00000000E+00  0.00000000E+00  0.00000000E+00  0.00000000E+00  0.00000000E+00
 0.00000000E+00  0.00000000E+00  2.14752549E-02 -1.34763895E-02  5.96141340E-01
 1.39070896E-02 -3.90689171E-01 -1.19482268E-01 -4.09118364E-01  9.06701904E-02
 4.17338421E-03  1.11917051E+00 -1.07863089E-02  6.76874387E-03 -2.99422040E-01
-6.98507025E-03  1.96230224E-01  6.00119839E-02  2.05486597E-01 -4.55406320E-02
-2.09615259E-03 -5.62122258E-01 
-1.12824892E-11 -0.00000000E+00 -0.00000000E+00 -0.00000000E+00 -0.00000000E+00
-0.00000000E+00 -0.00000000E+00 -0.00000000E+00 -0.00000000E+00 -0.00000000E+00
-0.00000000E+00 -0.00000000E+00 -0.00000000E+00 -0.00000000E+00 -0.00000000E+00
-0.00000000E+00 -0.00000000E+00 -0.00000000E+00 -0.00000000E+00 -0.00000000E+00
-0.00000000E+00 -0.00000000E+00 -0.00000000E+00 -0.00000000E+00 -0.00000000E+00
-0.00000000E+00 -0.00000000E+00 -0.00000000E+00 -0.00000000E+00 -0.00000000E+00
-0.00000000E+00 -0.00000000E+00 -0.00000000E+00 -0.00000000E+00 -0.00000000E+00
-0.00000000E+00 -0.00000000E+00  1.08097386E+00 -3.64264919E-01  4.88091390E-01
 1.92380424E-01 -3.40188045E-01 -7.06952114E-01 -3.14655271E-01 -7.43326511E-01
 2.96332249E-01 -2.82398825E-01 -5.42937351E-01  1.82958198E-01 -2.45152131E-01
-9.66263119E-02  1.70865182E-01  3.55078620E-01  1.58040916E-01  3.73348274E-01
-1.48837869E-01  1.41839572E-01 
-1.00931577E-11 -0.00000000E+00 -0.00000000E+00 -0.00000000E+00 -0.00000000E+00
-0.00000000E+00 -0.00000000E+00 -0.00000000E+00 -0.00000000E+00 -0.00000000E+00
-0.00000000E+00 -0.00000000E+00 -0.00000000E+00 -0.00000000E+00 -0.00000000E+00
-0.00000000E+00 -0.00000000E+00 -0.00000000E+00 -0.00000000E+00 -0.00000000E+00
-0.00000000E+00 -0.00000000E+00 -0.00000000E+00 -0.00000000E+00 -0.00000000E+00
-0.00000000E+00 -0.00000000E+00 -0.00000000E+00 -0.00000000E+00 -0.00000000E+00
-0.00000000E+00 -0.00000000E+00 -0.00000000E+00 -0.00000000E+00 -0.00000000E+00
-0.00000000E+00 -0.00000000E+00 -5.20510757E-01  2.29438018E-01  1.00927614E+00
-2.34552196E-01 -7.03321415E-01  3.87422540E-01 -6.50764622E-01  3.10915922E-01
-7.32712072E-02 -5.19309286E-01  2.61435305E-01 -1.15239113E-01 -5.06925961E-01
 1.17807795E-01  3.53255040E-01 -1.94589503E-01  3.26857505E-01 -1.56162764E-01
 3.68016993E-02  2.60831845E-01 
 0.00000000E+00  0.00000000E+00  0.00000000E+00  0.00000000E+00  0.00000000E+00
 0.00000000E+00  0.00000000E+00  0.00000000E+00  0.00000000E+00  0.00000000E+00
 0.00000000E+00  0.00000000E+00  0.00000000E+00  0.00000000E+00  0.00000000E+00
 0.00000000E+00  0.00000000E+00  0.00000000E+00  0.00000000E+00  0.00000000E+00
 0.00000000E+00  0.00000000E+00  0.00000000E+00  0.00000000E+00  0.00000000E+00
 0.00000000E+00  0.00000000E+00  0.00000000E+00  0.00000000E+00  0.00000000E+00
 0.00000000E+00  0.00000000E+00  0.00000000E+00  0.00000000E+00  0.00000000E+00
 0.00000000E+00  0.00000000E+00  2.67429543E-03 -2.79372246E-02  9.89884695E-02
 1.08994266E+00  1.72775149E-01  4.96488623E-02 -3.05582117E-01 -5.32368061E-02
-1.05246094E+00 -5.55121599E-02 -1.34320997E-03  1.40319421E-02 -4.97186280E-02
-5.47442079E-01 -8.67792319E-02 -2.49369783E-02  1.53483771E-01  2.67390835E-02
 5.28616253E-01  2.78819184E-02 
 6.11171231E+01  2.60971551E+01 -1.74078367E+01 -4.44418009E+00  1.08358754E+00
 5.22077231E-01  1.44695443E-01  4.35922486E-11  4.26576410E-11 -1.16216886E-11
 0.00000000E+00  0.00000000E+00  0.00000000E+00 -1.64612034E-11 -1.74477629E-11
 0.00000000E+00  0.00000000E+00  0.00000000E+00  0.00000000E+00 -3.04026003E+01
-3.04026003E+01 -3.04026003E+01  0.00000000E+00  0.00000000E+00  0.00000000E+00
-4.63555332E+00 -4.63555332E+00 -4.63555332E+00  0.00000000E+00  0.00000000E+00
 0.00000000E+00 -4.15843007E-01 -4.15843007E-01 -4.15843007E-01 -1.06353885E-11
 0.00000000E+00  0.00000000E+00 -1.01771264E-11 -1.01920680E-11  0.00000000E+00
 0.00000000E+00  0.00000000E+00  0.00000000E+00  0.00000000E+00  0.00000000E+00
 0.00000000E+00  0.00000000E+00 -2.36825812E-11 -2.36952342E-11  0.00000000E+00
-1.10590339E-11  0.00000000E+00 -1.09951195E-11  0.00000000E+00 -1.09950933E-11
-1.10588936E-11  0.00000000E+00 
-9.94932646E-11 -3.93331654E-11  2.93498904E-11  0.00000000E+00  0.00000000E+00
 0.00000000E+00  0.00000000E+00  6.26432318E+00  2.11466409E+01  2.28237836E+01
 1.22914193E+00  4.14924683E+00  4.47832411E+00 -2.29324319E+00 -7.74136149E+00
-8.35532983E+00 -1.02236966E+00 -3.45124022E+00 -3.72495851E+00  4.92208516E-11
 4.92208516E-11  4.92208516E-11  0.00000000E+00  0.00000000E+00  0.00000000E+00
 0.00000000E+00  0.00000000E+00  0.00000000E+00  0.00000000E+00  0.00000000E+00
 0.00000000E+00  0.00000000E+00  0.00000000E+00  0.00000000E+00  0.00000000E+00
 0.00000000E+00  0.00000000E+00 -1.53502069E+00 -5.18180980E+00 -5.59277978E+00
-2.31737579E+00 -2.50116715E+00 -6.86482121E-01 -2.50116715E+00 -6.86482121E-01
-2.31737579E+00  0.00000000E+00 -3.36513583E+00 -1.13597777E+01 -1.22607231E+01
-5.08024704E+00 -5.48316206E+00 -1.50493449E+00 -5.48316206E+00 -1.50493449E+00
-5.08024704E+00  0.00000000E+00 
 0.00000000E+00  0.00000000E+00  0.00000000E+00  0.00000000E+00  0.00000000E+00
 0.00000000E+00  0.00000000E+00  2.23363184E+01 -1.92644167E+01  1.17182931E+01
 4.38267708E+00 -3.77992989E+00  2.29928198E+00 -8.17687859E+00  7.05231694E+00
-4.28983228E+00 -3.64540169E+00  3.14405158E+00 -1.91248551E+00  0.00000000E+00
 0.00000000E+00  0.00000000E+00  0.00000000E+00  0.00000000E+00  0.00000000E+00
 0.00000000E+00  0.00000000E+00  0.00000000E+00  0.00000000E+00  0.00000000E+00
 0.00000000E+00  0.00000000E+00  0.00000000E+00  0.00000000E+00  0.00000000E+00
 0.00000000E+00  0.00000000E+00 -5.47333046E+00  4.72058630E+00 -2.87147099E+00
 2.11111037E+00 -1.28416087E+00 -2.44774779E+00 -1.28416087E+00 -2.44774779E+00
 2.11111037E+00  0.00000000E+00 -1.19988614E+01  1.03486645E+01 -6.29495744E+00
 4.62806346E+00 -2.81519055E+00 -5.36605393E+00 -2.81519055E+00 -5.36605393E+00
 4.62806346E+00  0.00000000E+00 
-1.51043070E-10 -6.17281086E-11  4.41281935E-11  1.11360319E-11 -0.00000000E+00
-0.00000000E+00 -0.00000000E+00  2.16608956E+01  1.37495124E+01 -1.86843189E+01
 4.25015031E+00  2.69783371E+00 -3.66610713E+00 -7.92961984E+00 -5.03342098E+00
 6.83995476E+00 -3.53516922E+00 -2.24399092E+00  3.04937665E+00  7.48637030E-11
 7.48637030E-11  7.48637030E-11 -0.00000000E+00 -0.00000000E+00 -0.00000000E+00
-0.00000000E+00 -0.00000000E+00 -0.00000000E+00 -0.00000000E+00 -0.00000000E+00
-0.00000000E+00 -0.00000000E+00 -0.00000000E+00 -0.00000000E+00 -0.00000000E+00
-0.00000000E+00 -0.00000000E+00 -5.30782367E+00 -3.36920452E+00  4.57843813E+00
-1.50675407E+00  2.04753978E+00 -2.37373091E+00  2.04753978E+00 -2.37373091E+00
-1.50675407E+00 -0.00000000E+00 -1.16360305E+01 -7.38610948E+00  1.00370414E+01
-3.30316858E+00  4.48870137E+00 -5.20379106E+00  4.48870137E+00 -5.20379106E+00
-3.30316858E+00 -0.00000000E+00 
-0.00000000E+00 -0.00000000E+00 -0.00000000E+00 -0.00000000E+00 -0.00000000E+00
-0.00000000E+00 -0.00000000E+00 -0.00000000E+00 -0.00000000E+00 -0.00000000E+00
-0.00000000E+00 -0.00000000E+00 -0.00000000E+00 -0.00000000E+00 -0.00000000E+00
-0.00000000E+00 -0.00000000E+00 -0.00000000E+00 -0.00000000E+00  1.90632562E-01
 6.72714770E-02 -2.57904039E-01 -1.02014725E-05 -9.60344581E-06  3.76479059E-07
-5.04694235E-01 -1.78099304E-01  6.82793539E-01  2.70081057E-05  2.54248470E-05
-9.96717501E-07  4.65388849E-01  1.64229001E-01 -6.29617851E-01 -2.49047252E-05
-2.34447701E-05  9.19093540E-07 -0.00000000E+00 -0.00000000E+00 -0.00000000E+00
-0.00000000E+00 -0.00000000E+00 -0.00000000E+00 -0.00000000E+00 -0.00000000E+00
-0.00000000E+00 -0.00000000E+00 -0.00000000E+00 -0.00000000E+00 -0.00000000E+00
-0.00000000E+00 -0.00000000E+00 -0.00000000E+00 -0.00000000E+00 -0.00000000E+00
-0.00000000E+00 -0.00000000E+00 
 1.77633087E-10  7.13077181E-11 -5.33682130E-11 -1.06343896E-11  0.00000000E+00
 0.00000000E+00  0.00000000E+00  5.03934015E-11  4.27935374E-11  0.00000000E+00
 1.06136266E-11  0.00000000E+00  0.00000000E+00 -1.85054910E-11 -1.56096454E-11
 0.00000000E+00  0.00000000E+00  0.00000000E+00  0.00000000E+00  1.38788371E-05
-1.92666742E-05  5.38757252E-06  5.29346305E-02 -6.89152982E-02 -2.53052864E-01
-3.67440670E-05  5.10077223E-05 -1.42636879E-05 -1.40142914E-01  1.82451273E-01
 6.69950193E-01  3.38824431E-05 -4.70352719E-05  1.31528270E-05  1.29228640E-01
-1.68242041E-01 -6.17774740E-01 -1.13272635E-11  0.00000000E+00  0.00000000E+00
 0.00000000E+00  0.00000000E+00  0.00000000E+00  0.00000000E+00  0.00000000E+00
 0.00000000E+00  0.00000000E+00 -2.81440720E-11 -2.44676382E-11  0.00000000E+00
 0.00000000E+00  0.00000000E+00 -1.22154461E-11  0.00000000E+00 -1.22154280E-11
 0.00000000E+00  0.00000000E+00 
-8.65014742E-10 -3.47244138E-10  2.59885392E-10  5.17852026E-11 -1.85145006E-11
-0.00000000E+00 -0.00000000E+00  2.08452053E-11  2.02401516E-11 -0.00000000E+00
-0.00000000E+00 -0.00000000E+00 -0.00000000E+00 -0.00000000E+00 -0.00000000E+00
-0.00000000E+00 -0.00000000E+00 -0.00000000E+00 -0.00000000E+00  1.70754120E-04
-2.46053430E-04  7.53005988E-05 -2.57786752E-01  3.38515529E-02 -6.31438469E-02
-4.52065440E-04  6.51420582E-04 -1.99354983E-04  6.82483024E-01 -8.96210145E-02
 1.67171522E-01  4.16858816E-04 -6.00688155E-04  1.83829349E-04 -6.29331519E-01
 8.26413656E-02 -1.54152270E-01 -0.00000000E+00 -0.00000000E+00 -0.00000000E+00
-0.00000000E+00 -0.00000000E+00 -0.00000000E+00 -0.00000000E+00 -0.00000000E+00
-0.00000000E+00 -0.00000000E+00 -1.13140932E-11 -1.05626608E-11 -0.00000000E+00
-0.00000000E+00 -0.00000000E+00 -0.00000000E+00 -0.00000000E+00 -0.00000000E+00
-0.00000000E+00 -0.00000000E+00 
-1.62084253E-10 -6.50685561E-11  4.86949684E-11 -0.00000000E+00 -0.00000000E+00
-0.00000000E+00 -0.00000000E+00 -0.00000000E+00 -0.00000000E+00 -2.81762104E-11
-0.00000000E+00 -0.00000000E+00 -0.00000000E+00 -0.00000000E+00 -0.00000000E+00
 1.01790577E-11 -0.00000000E+00 -0.00000000E+00 -0.00000000E+00  2.30150570E-04
-3.31191920E-04  1.01041592E-04 -4.82801340E-02 -2.56304138E-01  5.97013269E-02
-6.09316802E-04  8.76821322E-04 -2.67504490E-04  1.27820269E-01  6.78557846E-01
-1.58057549E-01  5.61863462E-04 -8.08534818E-04  2.46671357E-04 -1.17865677E-01
-6.25712032E-01  1.45748090E-01 -0.00000000E+00 -0.00000000E+00 -0.00000000E+00
-0.00000000E+00 -0.00000000E+00 -0.00000000E+00 -0.00000000E+00 -0.00000000E+00
-0.00000000E+00 -0.00000000E+00 -0.00000000E+00 -0.00000000E+00  1.48081244E-11
-0.00000000E+00 -0.00000000E+00 -0.00000000E+00 -0.00000000E+00 -0.00000000E+00
-0.00000000E+00 -0.00000000E+00 
 0.00000000E+00  0.00000000E+00  0.00000000E+00  0.00000000E+00  0.00000000E+00
 0.00000000E+00  0.00000000E+00  0.00000000E+00  0.00000000E+00  0.00000000E+00
 0.00000000E+00  0.00000000E+00  0.00000000E+00  0.00000000E+00  0.00000000E+00
 0.00000000E+00  0.00000000E+00  0.00000000E+00  0.00000000E+00  1.87739953E-01
-2.58962398E-01  7.12224454E-02  3.00094848E-04  2.98260673E-04  2.56784938E-06
-4.97036135E-01  6.85595515E-01 -1.88559379E-01 -7.94492495E-04 -7.89636569E-04
-6.79830750E-06  4.58327160E-01 -6.32201610E-01  1.73874450E-01  7.32617737E-04
 7.28139989E-04  6.26885803E-06  0.00000000E+00  0.00000000E+00  0.00000000E+00
 0.00000000E+00  0.00000000E+00  0.00000000E+00  0.00000000E+00  0.00000000E+00
 0.00000000E+00  0.00000000E+00  0.00000000E+00  0.00000000E+00  0.00000000E+00
 0.00000000E+00  0.00000000E+00  0.00000000E+00  0.00000000E+00  0.00000000E+00
 0.00000000E+00  0.00000000E+00 
 6.74840864E+01  2.04729656E+01 -2.14647704E+01 -1.87597898E+00  1.66763716E+00
-4.10176287E-01  4.15217842E-02  4.40488922E-11  5.38478926E-11  0.00000000E+00
 0.00000000E+00  0.00000000E+00  0.00000000E+00 -1.61217590E-11 -1.95968365E-11
 0.00000000E+00  0.00000000E+00  0.00000000E+00  0.00000000E+00 -3.29887748E+01
-3.29887748E+01 -3.29887748E+01  0.00000000E+00  0.00000000E+00  0.00000000E+00
-9.05840814E-01 -9.05840814E-01 -9.05840814E-01  0.00000000E+00  0.00000000E+00
 0.00000000E+00 -7.12262582E-02 -7.12262582E-02 -7.12262582E-02  0.00000000E+00
 0.00000000E+00  0.00000000E+00 -1.33097913E-11 -1.61271019E-11  0.00000000E+00
 0.00000000E+00  0.00000000E+00  0.00000000E+00  0.00000000E+00  0.00000000E+00
 0.00000000E+00  0.00000000E+00 -2.10182937E-11 -2.56806228E-11  0.00000000E+00
-1.13588022E-11  0.00000000E+00  0.00000000E+00  0.00000000E+00  0.00000000E+00
-1.13589859E-11  0.00000000E+00 
-4.73845969E-11 -1.42386629E-11  1.49149499E-11 -0.00000000E+00 -0.00000000E+00
-0.00000000E+00 -0.00000000E+00  6.88286793E+00  2.40208669E+01  2.21482141E+01
 9.06121563E-01  3.16231921E+00  2.91578664E+00 -2.62936692E+00 -9.17635983E+00
-8.46097616E+00 -5.49966211E-01 -1.91935473E+00 -1.76972296E+00  2.31807699E-11
 2.31807699E-11  2.31807699E-11 -0.00000000E+00 -0.00000000E+00 -0.00000000E+00
-0.00000000E+00 -0.00000000E+00 -0.00000000E+00 -0.00000000E+00 -0.00000000E+00
-0.00000000E+00 -0.00000000E+00 -0.00000000E+00 -0.00000000E+00 -0.00000000E+00
-0.00000000E+00 -0.00000000E+00 -2.14747124E+00 -7.49456786E+00 -6.91029571E+00
-3.35167264E+00 -3.09037819E+00 -9.60378333E-01 -3.09037819E+00 -9.60378333E-01
-3.35167264E+00 -0.00000000E+00 -3.21691951E+00 -1.12268892E+01 -1.03516474E+01
-5.02081747E+00 -4.62939747E+00 -1.43865014E+00 -4.62939747E+00 -1.43865014E+00
-5.02081747E+00 -0.00000000E+00 
-2.13420884E-11  0.00000000E+00  0.00000000E+00  0.00000000E+00  0.00000000E+00
 0.00000000E+00  0.00000000E+00  2.46318535E+01 -1.86857141E+01  1.26109155E+01
 3.24275488E+00 -2.45995254E+00  1.66021237E+00 -9.40976659E+00  7.13824512E+00
-4.81757377E+00 -1.96817479E+00  1.49305660E+00 -1.00765807E+00  1.03302951E-11
 1.03302951E-11  1.03302951E-11  0.00000000E+00  0.00000000E+00  0.00000000E+00
 0.00000000E+00  0.00000000E+00  0.00000000E+00  0.00000000E+00  0.00000000E+00
 0.00000000E+00  0.00000000E+00  0.00000000E+00  0.00000000E+00  0.00000000E+00
 0.00000000E+00  0.00000000E+00 -7.68519713E+00  5.82998743E+00 -3.93463576E+00
 2.60724964E+00 -1.75962260E+00 -3.43692464E+00 -1.75962260E+00 -3.43692464E+00
 2.60724964E+00  0.00000000E+00 -1.15124525E+01  8.73334180E+00 -5.89409829E+00
 3.90566919E+00 -2.63592089E+00 -5.14852528E+00 -2.63592089E+00 -5.14852528E+00
 3.90566919E+00  0.00000000E+00 
 6.27232849E-11  1.80062520E-11 -2.00099538E-11  0.00000000E+00  0.00000000E+00
 0.00000000E+00  0.00000000E+00 -2.14666539E+01 -1.37390447E+01  2.15717577E+01
-2.82606003E+00 -1.80872926E+00  2.83989682E+00  8.20060913E+00  5.24853738E+00
-8.24076047E+00  1.71526381E+00  1.09779970E+00 -1.72366199E+00 -3.06160175E-11
-3.06160175E-11 -3.06160175E-11  0.00000000E+00  0.00000000E+00  0.00000000E+00
 0.00000000E+00  0.00000000E+00  0.00000000E+00  0.00000000E+00  0.00000000E+00
 0.00000000E+00  0.00000000E+00  0.00000000E+00  0.00000000E+00  0.00000000E+00
 0.00000000E+00  0.00000000E+00  6.69764729E+00  4.28661476E+00 -6.73043992E+00
 1.91703240E+00 -3.00994424E+00  2.99527893E+00 -3.00994424E+00  2.99527893E+00
 1.91703240E+00  0.00000000E+00  1.00330993E+01  6.42136408E+00 -1.00822228E+01
 2.87172132E+00 -4.50890712E+00  4.48693843E+00 -4.50890712E+00  4.48693843E+00
 2.87172132E+00  0.00000000E+00 
 5.73923147E+01  1.29879257E+01 -1.93647144E+01  1.05722973E+00 -7.46042908E-02
-9.42321458E-02  1.98649537E-01  0.00000000E+00 -1.07219184E-11  0.00000000E+00
 0.00000000E+00  0.00000000E+00  0.00000000E+00  0.00000000E+00  0.00000000E+00
 0.00000000E+00  0.00000000E+00  0.00000000E+00  0.00000000E+00 -2.76625700E+01
-2.76625700E+01 -2.76625700E+01  0.00000000E+00  0.00000000E+00  0.00000000E+00
 1.49892420E+00  1.49892420E+00  1.49892420E+00  0.00000000E+00  0.00000000E+00
 0.00000000E+00 -2.11790218E-01 -2.11790218E-01 -2.11790218E-01  0.00000000E+00
 0.00000000E+00  0.00000000E+00  0.00000000E+00  0.00000000E+00  0.00000000E+00
 0.00000000E+00  0.00000000E+00  0.00000000E+00  0.00000000E+00  0.00000000E+00
 0.00000000E+00  0.00000000E+00  0.00000000E+00  0.00000000E+00  0.00000000E+00
 0.00000000E+00  0.00000000E+00  0.00000000E+00  0.00000000E+00  0.00000000E+00
 0.00000000E+00  0.00000000E+00 
 3.38688112E+01  7.11812475E+00 -1.14263234E+01  8.28302537E-01  8.98118809E-02
-4.24360458E-01  1.24711976E+00 -0.00000000E+00 -0.00000000E+00 -0.00000000E+00
-0.00000000E+00 -0.00000000E+00 -0.00000000E+00 -0.00000000E+00 -0.00000000E+00
-0.00000000E+00 -0.00000000E+00 -0.00000000E+00 -0.00000000E+00 -1.62645876E+01
-1.62645876E+01 -1.62645876E+01 -0.00000000E+00 -0.00000000E+00 -0.00000000E+00
 1.16174628E+00  1.16174628E+00  1.16174628E+00 -0.00000000E+00 -0.00000000E+00
-0.00000000E+00 -1.96647605E-01 -1.96647605E-01 -1.96647605E-01 -0.00000000E+00
-0.00000000E+00 -0.00000000E+00 -0.00000000E+00 -0.00000000E+00 -0.00000000E+00
-0.00000000E+00 -0.00000000E+00 -0.00000000E+00 -0.00000000E+00 -0.00000000E+00
-0.00000000E+00 -0.00000000E+00 -0.00000000E+00 -0.00000000E+00 -0.00000000E+00
-0.00000000E+00 -0.00000000E+00 -0.00000000E+00 -0.00000000E+00 -0.00000000E+00
-0.00000000E+00 -0.00000000E+00 
