
 1.0000000068608752E+00 

 1.0000000013082411E+00 

 9.9999998432539261E-01 

 9.9999999697601671E-01 

 1.0000000418568937E+00 

 1.0000000292334350E+00 

 1.0000000567740033E+00 

 9.9999999980793031E-01 

 9.9999999980793031E-01 

 9.9999999980793031E-01 

 1.0000000517280532E+00 

 1.0000000517280532E+00 

 1.0000000517280532E+00 

 1.0000000708057106E+00 

 1.0000000708057106E+00 

 1.0000000708057106E+00 

 1.0000000058320542E+00 

 1.0000000058320542E+00 

 1.0000000058320542E+00 

 1.0000000037055989E+00 

 1.0000000037055989E+00 

 1.0000000037055989E+00 

 1.0000000037055989E+00 

 1.0000000037055989E+00 

 1.0000000037055989E+00 

 1.0000000229099300E+00 

 1.0000000229099300E+00 

 1.0000000229099300E+00 

 1.0000000229099300E+00 

 1.0000000229099300E+00 

 1.0000000229099300E+00 

 1.0000000613426008E+00 

 1.0000000613426008E+00 

 1.0000000613426008E+00 

 1.0000000613426003E+00 

 1.0000000613426003E+00 

 1.0000000613426003E+00 

 1.0000000000000002E+00 

 1.0000000000000002E+00 

 1.0000000000000002E+00 

 1.0000000000000002E+00 

 1.0000000000000002E+00 

 1.0000000000000002E+00 

 1.0000000000000002E+00 

 1.0000000000000002E+00 

 1.0000000000000002E+00 

 1.0000000000000002E+00 

 9.9999999999999978E-01 

 9.9999999999999978E-01 

 9.9999999999999978E-01 

 9.9999999999999978E-01 

 9.9999999999999978E-01 

 9.9999999999999978E-01 

 9.9999999999999978E-01 

 9.9999999999999978E-01 

 9.9999999999999978E-01 

 9.9999999999999978E-01 
