
 1149.2705000000000837  
 
 172.0445699999999931  
 
 39.0804649999999967  
 
 11.0361729999999998  
 
 3.5641520000000000  
 
 1.2404430000000000  
 
 0.4473160000000000  
 
 0.1642060000000000  
 
 0.0574720000000000  
 
 1149.2705000000000837  
 
 172.0445699999999931  
 
 39.0804649999999967  
 
 11.0361729999999998  
 
 3.5641520000000000  
 
 1.2404430000000000  
 
 0.4473160000000000  
 
 0.1642060000000000  
 
 0.0574720000000000  
 
 1149.2705000000000837  
 
 172.0445699999999931  
 
 39.0804649999999967  
 
 11.0361729999999998  
 
 3.5641520000000000  
 
 1.2404430000000000  
 
 0.4473160000000000  
 
 0.1642060000000000  
 
 0.0574720000000000  
 
 1149.2705000000000837  
 
 172.0445699999999931  
 
 39.0804649999999967  
 
 11.0361729999999998  
 
 3.5641520000000000  
 
 1.2404430000000000  
 
 0.4473160000000000  
 
 0.1642060000000000  
 
 0.0574720000000000  
 
 1149.2705000000000837  
 
 172.0445699999999931  
 
 39.0804649999999967  
 
 11.0361729999999998  
 
 3.5641520000000000  
 
 1.2404430000000000  
 
 0.4473160000000000  
 
 0.1642060000000000  
 
 0.0574720000000000  
 
 1149.2705000000000837  
 
 172.0445699999999931  
 
 39.0804649999999967  
 
 11.0361729999999998  
 
 3.5641520000000000  
 
 1.2404430000000000  
 
 0.4473160000000000  
 
 0.1642060000000000  
 
 0.0574720000000000  
 
 1149.2705000000000837  
 
 172.0445699999999931  
 
 39.0804649999999967  
 
 11.0361729999999998  
 
 3.5641520000000000  
 
 1.2404430000000000  
 
 0.4473160000000000  
 
 0.1642060000000000  
 
 0.0574720000000000  
 
 4.5499999999999998  
 
 1.5925000000000000  
 
 0.5573750000000000  
 
 0.1950810000000000  
 
 4.5499999999999998  
 
 1.5925000000000000  
 
 0.5573750000000000  
 
 0.1950810000000000  
 
 4.5499999999999998  
 
 1.5925000000000000  
 
 0.5573750000000000  
 
 0.1950810000000000  
 
 4.5499999999999998  
 
 1.5925000000000000  
 
 0.5573750000000000  
 
 0.1950810000000000  
 
 4.5499999999999998  
 
 1.5925000000000000  
 
 0.5573750000000000  
 
 0.1950810000000000  
 
 4.5499999999999998  
 
 1.5925000000000000  
 
 0.5573750000000000  
 
 0.1950810000000000  
 
 4.5499999999999998  
 
 1.5925000000000000  
 
 0.5573750000000000  
 
 0.1950810000000000  
 
 4.5499999999999998  
 
 1.5925000000000000  
 
 0.5573750000000000  
 
 0.1950810000000000  
 
 4.5499999999999998  
 
 1.5925000000000000  
 
 0.5573750000000000  
 
 0.1950810000000000  
 
 4.5499999999999998  
 
 1.5925000000000000  
 
 0.5573750000000000  
 
 0.1950810000000000  
 
 4.5499999999999998  
 
 1.5925000000000000  
 
 0.5573750000000000  
 
 0.1950810000000000  
 
 4.5499999999999998  
 
 1.5925000000000000  
 
 0.5573750000000000  
 
 0.1950810000000000  
 
 3.3999999999999999  
 
 1.3600000000000001  
 
 0.5440000000000000  
 
 3.3999999999999999  
 
 1.3600000000000001  
 
 0.5440000000000000  
 
 3.3999999999999999  
 
 1.3600000000000001  
 
 0.5440000000000000  
 
 3.3999999999999999  
 
 1.3600000000000001  
 
 0.5440000000000000  
 
 3.3999999999999999  
 
 1.3600000000000001  
 
 0.5440000000000000  
 
 3.3999999999999999  
 
 1.3600000000000001  
 
 0.5440000000000000  
 
 3.3999999999999999  
 
 1.3600000000000001  
 
 0.5440000000000000  
 
 3.3999999999999999  
 
 1.3600000000000001  
 
 0.5440000000000000  
 
 3.3999999999999999  
 
 1.3600000000000001  
 
 0.5440000000000000  
 
 3.3999999999999999  
 
 1.3600000000000001  
 
 0.5440000000000000  
 
 3.3999999999999999  
 
 1.3600000000000001  
 
 0.5440000000000000  
 
 3.3999999999999999  
 
 1.3600000000000001  
 
 0.5440000000000000  
 
 3.3999999999999999  
 
 1.3600000000000001  
 
 0.5440000000000000  
 
 3.3999999999999999  
 
 1.3600000000000001  
 
 0.5440000000000000  
 
 3.3999999999999999  
 
 1.3600000000000001  
 
 0.5440000000000000  
 
 3.3999999999999999  
 
 1.3600000000000001  
 
 0.5440000000000000  
 
 3.3999999999999999  
 
 1.3600000000000001  
 
 0.5440000000000000  
 
 3.3999999999999999  
 
 1.3600000000000001  
 
 0.5440000000000000  
 
 1.8133330000000001  
 
 1.8133330000000001  
 
 1.8133330000000001  
 
 1.8133330000000001  
 
 1.8133330000000001  
 
 1.8133330000000001  
 
 1.8133330000000001  
 
 1.8133330000000001  
 
 1.8133330000000001  
 
 1.8133330000000001  
 
 0.7253330000000000  
 
 0.7253330000000000  
 
 0.7253330000000000  
 
 0.7253330000000000  
 
 0.7253330000000000  
 
 0.7253330000000000  
 
 0.7253330000000000  
 
 0.7253330000000000  
 
 0.7253330000000000  
 
 0.7253330000000000  
 