
 0.0003577400000000  
 
 0.0027728900000000  
 
 0.0142983800000000  
 
 0.0558674900000000  
 
 0.1633628400000000  
 
 0.3313314600000000  
 
 0.4142972800000000  
 
 0.1890322800000000  
 
 0.0051560600000000  
 
 -0.0005306000000000  
 
 -0.0040330000000000  
 
 -0.0225804000000000  
 
 -0.1026255000000000  
 
 -0.4577114000000000  
 
 -0.6059653000000000  
 
 0.5713133600000000  
 
 0.5475834100000000  
 
 0.0116590000000000  
 
 0.0007054400000000  
 
 0.0070519900000000  
 
 0.0312603700000000  
 
 0.3219796500000000  
 
 1.0047488000000000  
 
 -1.2908040000000001  
 
 -0.4725896000000000  
 
 0.9530882899999999  
 
 0.0506169200000000  
 
 -0.0004722000000000  
 
 -0.0104722000000000  
 
 -0.0194099000000000  
 
 -0.7127356000000000  
 
 -0.0101329000000000  
 
 1.9343338999999999  
 
 -2.5416590000000001  
 
 0.8981405300000000  
 
 0.5439594000000000  
 
 0.0009339300000000  
 
 0.0134828500000000  
 
 0.0739350000000000  
 
 1.4706182999999999  
 
 -2.6129509999999998  
 
 1.9484132999999999  
 
 -0.1400431000000000  
 
 -1.3983479999999999  
 
 1.2323530000000000  
 
 -0.0027667000000000  
 
 0.0122988500000000  
 
 -0.2869760000000000  
 
 -0.6838600000000000  
 
 2.3659097999999998  
 
 -3.8033980000000001  
 
 4.5215114999999999  
 
 -3.9222210000000000  
 
 1.8739471000000001  
 
 0.0126358800000000  
 
 -0.0848571000000000  
 
 1.9186236999999999  
 
 -2.9492310000000002  
 
 2.8122734999999999  
 
 -2.2708349999999999  
 
 1.6543987000000000  
 
 -1.0008290000000000  
 
 0.3696036200000000  
 
 0.0892606000000000  
 
 0.3805023800000000  
 
 0.4491237200000000  
 
 0.2776544000000000  
 
 0.0892606000000000  
 
 0.3805023800000000  
 
 0.4491237200000000  
 
 0.2776544000000000  
 
 0.0892606000000000  
 
 0.3805023800000000  
 
 0.4491237200000000  
 
 0.2776544000000000  
 
 -0.1867350000000000  
 
 -0.5117345000000000  
 
 -0.1981506000000000  
 
 0.9958797600000000  
 
 -0.1867350000000000  
 
 -0.5117345000000000  
 
 -0.1981506000000000  
 
 0.9958797600000000  
 
 -0.1867350000000000  
 
 -0.5117345000000000  
 
 -0.1981506000000000  
 
 0.9958797600000000  
 
 0.8548922799999999  
 
 0.1092670700000000  
 
 -1.2638119999999999  
 
 0.9024332500000000  
 
 0.8548922799999999  
 
 0.1092670700000000  
 
 -1.2638119999999999  
 
 0.9024332500000000  
 
 0.8548922799999999  
 
 0.1092670700000000  
 
 -1.2638119999999999  
 
 0.9024332500000000  
 
 -1.3937500000000000  
 
 2.3779634999999999  
 
 -2.0579360000000002  
 
 0.9126653900000000  
 
 -1.3937500000000000  
 
 2.3779634999999999  
 
 -2.0579360000000002  
 
 0.9126653900000000  
 
 -1.3937500000000000  
 
 2.3779634999999999  
 
 -2.0579360000000002  
 
 0.9126653900000000  
 
 0.2805521300000000  
 
 0.5655831700000000  
 
 0.3033296700000000  
 
 0.2805521300000000  
 
 0.5655831700000000  
 
 0.3033296700000000  
 
 0.2805521300000000  
 
 0.5655831700000000  
 
 0.3033296700000000  
 
 0.2805521300000000  
 
 0.5655831700000000  
 
 0.3033296700000000  
 
 0.2805521300000000  
 
 0.5655831700000000  
 
 0.3033296700000000  
 
 0.2805521300000000  
 
 0.5655831700000000  
 
 0.3033296700000000  
 
 -0.9514716000000000  
 
 0.1850587800000000  
 
 0.6987400000000000  
 
 -0.9514716000000000  
 
 0.1850587800000000  
 
 0.6987400000000000  
 
 -0.9514716000000000  
 
 0.1850587800000000  
 
 0.6987400000000000  
 
 -0.9514716000000000  
 
 0.1850587800000000  
 
 0.6987400000000000  
 
 -0.9514716000000000  
 
 0.1850587800000000  
 
 0.6987400000000000  
 
 -0.9514716000000000  
 
 0.1850587800000000  
 
 0.6987400000000000  
 
 1.1961949000000001  
 
 -2.0106020000000000  
 
 1.3544902000000001  
 
 1.1961949000000001  
 
 -2.0106020000000000  
 
 1.3544902000000001  
 
 1.1961949000000001  
 
 -2.0106020000000000  
 
 1.3544902000000001  
 
 1.1961949000000001  
 
 -2.0106020000000000  
 
 1.3544902000000001  
 
 1.1961949000000001  
 
 -2.0106020000000000  
 
 1.3544902000000001  
 
 1.1961949000000001  
 
 -2.0106020000000000  
 
 1.3544902000000001  
 
 1.0000000000000000  
 
 1.0000000000000000  
 
 1.0000000000000000  
 
 1.0000000000000000  
 
 1.0000000000000000  
 
 1.0000000000000000  
 
 1.0000000000000000  
 
 1.0000000000000000  
 
 1.0000000000000000  
 
 1.0000000000000000  
 
 1.0000000000000000  
 
 1.0000000000000000  
 
 1.0000000000000000  
 
 1.0000000000000000  
 
 1.0000000000000000  
 
 1.0000000000000000  
 
 1.0000000000000000  
 
 1.0000000000000000  
 
 1.0000000000000000  
 
 1.0000000000000000  
 