 5.62243784E-01  4.63736377E-01  7.59509627E-04 -3.61680400E-03 -0.00000000E+00
 1.23117331E-02 -4.41837041E-05  4.00418900E-03 -0.00000000E+00  1.50913810E-02
 1.06687659E-04 -9.88838451E-04 -0.00000000E+00 -5.70877014E-04 -4.34936535E-05
-5.03379578E-04 -0.00000000E+00 -2.41412425E-03 -1.20525605E-03 -4.35007638E-03
-2.59665215E-04 -0.00000000E+00 -0.00000000E+00 -3.98182483E-03 -4.05198284E-03
-4.83612058E-03  8.64451480E-05 -0.00000000E+00 -0.00000000E+00  1.82386828E-03
 2.29536295E-03 -3.50151125E-03  5.52243750E-05  1.39884968E-03 -0.00000000E+00
-7.25610421E-05 -3.04804080E-03  9.30999513E-04  6.08329471E-05  1.80403371E-03
-0.00000000E+00  3.26371383E-04 -1.53715028E-03 -2.50404569E-04 -6.56439108E-04
-3.45122005E-04 -0.00000000E+00  2.47421986E-04 -2.09048852E-03  4.69888041E-05
 8.72076466E-04 -3.01473264E-04 -0.00000000E+00 
-1.10249988E-01 -1.70709791E-01  2.79221394E-02 -1.01323017E-01 -0.00000000E+00
 2.94162679E-01  1.83952433E-02 -4.80681185E-02 -0.00000000E+00  1.80801286E-01
 3.12079956E-04  8.03704737E-04 -0.00000000E+00  1.40953201E-02 -3.99900734E-04
-1.92630471E-03 -0.00000000E+00  1.46356175E-02  2.05950986E-02 -1.06559700E-02
-4.49973584E-03 -0.00000000E+00 -0.00000000E+00 -3.84595490E-03  1.36042798E-02
-7.67508021E-03  3.36053633E-03 -0.00000000E+00 -0.00000000E+00  2.08614927E-01
 1.77080220E-01 -2.99015011E-03  3.09023873E-03  3.71447969E-02 -0.00000000E+00
 3.78772190E-02  1.15366623E-02 -5.53534646E-03  6.62880766E-04  2.22199706E-03
-0.00000000E+00  8.43174555E-02  8.44975504E-02 -1.31655728E-02  1.77061386E-02
-3.45270932E-03 -0.00000000E+00  1.29180919E-01  1.21926414E-01 -8.64034782E-03
-2.46049962E-02 -5.54655891E-03 -0.00000000E+00 
 2.47313427E-02  3.76881331E-02  1.73424805E-01 -1.24543281E-01 -0.00000000E+00
-1.66808264E-01  1.93684618E-01 -1.18293074E-01 -0.00000000E+00 -9.63070653E-02
 8.58294211E-02 -5.59952129E-02 -0.00000000E+00 -1.26583105E-02  2.29966933E-03
-4.14376140E-03 -0.00000000E+00 -6.27420207E-03 -5.87611565E-03 -4.80901142E-03
-1.43798177E-02 -0.00000000E+00 -0.00000000E+00 -3.97068591E-02 -2.19204269E-02
-1.61428864E-02  4.07256921E-03 -0.00000000E+00 -0.00000000E+00  9.50179591E-02
 1.25325364E-01  1.67317280E-02  2.72401876E-02  1.86057558E-02 -0.00000000E+00
-1.12256372E-01 -1.66607440E-01 -2.11707293E-02  1.03505689E-02  2.46976417E-02
-0.00000000E+00 -1.46488547E-01 -1.85417412E-01 -3.83599382E-02 -2.10071583E-02
-1.31867087E-02 -0.00000000E+00  1.25098424E-01  1.84991072E-01  2.18072648E-02
-2.36258290E-02 -7.44829462E-03 -0.00000000E+00 
-1.61557678E-02 -2.36303796E-02  1.33965187E-01  1.76052663E-01 -0.00000000E+00
 1.27369906E-01  1.60832242E-01  1.79455858E-01 -0.00000000E+00  5.89017722E-02
 8.12200851E-02  1.03603221E-01 -0.00000000E+00  8.38328882E-03  3.73612427E-03
 9.05637499E-03 -0.00000000E+00  8.55683470E-03  2.63922463E-03  4.55470982E-03
-7.78583333E-03 -0.00000000E+00 -0.00000000E+00  3.76746060E-02  1.29424272E-02
 1.38742985E-02  2.33552386E-03 -0.00000000E+00 -0.00000000E+00 -1.24375264E-01
-1.53387377E-01 -1.06383835E-02  2.47670088E-02 -1.76836866E-02 -0.00000000E+00
 1.41907466E-01  2.19339740E-01  2.00971852E-02  8.66194496E-03 -3.23024187E-02
-0.00000000E+00 -1.04147018E-01 -1.65000959E-01 -1.04743201E-02 -2.35885740E-02
 9.77309002E-03 -0.00000000E+00  1.06922523E-01  1.25747098E-01  3.09515843E-02
-1.00221559E-02  1.91633067E-02 -0.00000000E+00 
-0.00000000E+00 -0.00000000E+00 -0.00000000E+00 -0.00000000E+00  2.38779009E-01
-0.00000000E+00 -0.00000000E+00 -0.00000000E+00  3.64877660E-01 -0.00000000E+00
-0.00000000E+00 -0.00000000E+00  4.63654084E-01 -0.00000000E+00 -0.00000000E+00
-0.00000000E+00  1.05200400E-01 -0.00000000E+00 -0.00000000E+00 -0.00000000E+00
-0.00000000E+00  1.92657578E-03 -7.13523221E-03 -0.00000000E+00 -0.00000000E+00
-0.00000000E+00 -0.00000000E+00  2.47447583E-03 -2.35931017E-03 -0.00000000E+00
-0.00000000E+00 -0.00000000E+00 -0.00000000E+00 -0.00000000E+00  4.58492279E-02
-0.00000000E+00 -0.00000000E+00 -0.00000000E+00 -0.00000000E+00 -0.00000000E+00
 2.71255688E-02 -0.00000000E+00 -0.00000000E+00 -0.00000000E+00 -0.00000000E+00
-0.00000000E+00  3.32375288E-02 -0.00000000E+00 -0.00000000E+00 -0.00000000E+00
-0.00000000E+00 -0.00000000E+00  3.72636722E-02 
 2.16725655E-02  3.88086417E-02 -1.11205364E-03  1.66885965E-02 -0.00000000E+00
-1.83191135E-01 -1.35567031E-02  7.03778233E-02 -0.00000000E+00  4.42521318E-01
 3.46306099E-02 -3.52181015E-01 -0.00000000E+00  2.07575560E+00  1.21566719E-01
-6.96886247E-01 -0.00000000E+00 -3.64733159E-04 -1.30530806E-02  9.51208942E-03
 2.54922145E-03 -0.00000000E+00 -0.00000000E+00 -3.32250916E-02  4.01215016E-02
 3.96839699E-03 -8.26894671E-03 -0.00000000E+00 -0.00000000E+00 -3.42730433E-02
-1.41913853E-02 -1.58910425E+00 -3.00665397E-03  1.97018221E-02 -0.00000000E+00
-2.93157608E-02 -6.11940759E-03  1.38537577E-02  3.38658479E-03  9.65384465E-03
-0.00000000E+00 -3.48835798E-03  9.08755147E-02 -2.33886987E-01 -4.41495197E-03
 4.15473346E-03 -0.00000000E+00 -6.53968072E-03  1.12383922E-01 -2.92243422E-01
-2.41631257E-04  9.74359683E-03 -0.00000000E+00 
 6.42905956E-03  1.31638215E-02 -2.36903622E-02 -3.58818669E-02 -0.00000000E+00
 4.95274562E-02 -1.09997813E-01 -6.73950290E-02 -0.00000000E+00 -1.06751244E+00
 8.16535725E-02  3.30306552E-01 -0.00000000E+00  6.14528515E-01  1.04964887E+00
 1.24549447E+00 -0.00000000E+00 -5.44935391E-03  3.92102615E-03  1.55412400E-03
 3.82324640E-03 -0.00000000E+00 -0.00000000E+00  7.22782599E-02 -6.20610174E-03
 1.10879667E-01  9.74904271E-03 -0.00000000E+00 -0.00000000E+00  2.32577852E-02
 1.74552339E-01  1.47976827E+00 -1.05432849E-02 -3.33840512E-03 -0.00000000E+00
-1.94655500E-02  1.62606873E-01 -9.35524677E-01  2.99024827E-03 -5.32686058E-03
-0.00000000E+00  4.65108530E-03 -2.67767442E-02  5.05506829E-01 -4.69659209E-03
-3.66673044E-03 -0.00000000E+00 -3.32143965E-02  1.47742389E-01 -1.04007465E+00
-1.86378696E-02  1.54557643E-03 -0.00000000E+00 
-7.94529615E-03 -1.58911292E-02 -2.93148897E-02  2.70091549E-02 -0.00000000E+00
-9.62650432E-02 -1.10928814E-01  5.35786731E-02 -0.00000000E+00  9.71671755E-01
 1.00121398E-01 -1.86111649E-01 -0.00000000E+00 -7.56438013E-01  1.24946047E+00
-9.23311822E-01 -0.00000000E+00  6.01362885E-04 -2.42817777E-03 -2.00366910E-03
 7.48665070E-03 -0.00000000E+00 -0.00000000E+00 -8.38266452E-02 -3.72361198E-02
-1.15604558E-01 -1.24480897E-03 -0.00000000E+00 -0.00000000E+00 -1.56371622E-02
-1.11284257E-01 -8.75511408E-01 -7.44337594E-03  1.20757547E-03 -0.00000000E+00
 2.01474381E-02 -1.30636734E-01  7.34450448E-01  6.94056055E-03  2.45557254E-03
-0.00000000E+00  3.56077131E-02 -1.36851834E-01  9.66040740E-01 -8.92202524E-03
-4.21905313E-03 -0.00000000E+00 -1.18233872E-02  4.96116933E-02 -6.30781614E-01
-9.94280972E-03  3.91318174E-03 -0.00000000E+00 
-0.00000000E+00 -0.00000000E+00 -0.00000000E+00 -0.00000000E+00 -1.01726314E-01
-0.00000000E+00 -0.00000000E+00 -0.00000000E+00 -6.82957023E-02 -0.00000000E+00
-0.00000000E+00 -0.00000000E+00 -5.88741238E-01 -0.00000000E+00 -0.00000000E+00
-0.00000000E+00  1.24732287E+00 -0.00000000E+00 -0.00000000E+00 -0.00000000E+00
-0.00000000E+00 -9.21998068E-04  2.88589188E-03 -0.00000000E+00 -0.00000000E+00
-0.00000000E+00 -0.00000000E+00 -7.88024238E-04 -2.48308966E-04 -0.00000000E+00
-0.00000000E+00 -0.00000000E+00 -0.00000000E+00 -0.00000000E+00 -1.68348533E-02
-0.00000000E+00 -0.00000000E+00 -0.00000000E+00 -0.00000000E+00 -0.00000000E+00
 5.13029838E-04 -0.00000000E+00 -0.00000000E+00 -0.00000000E+00 -0.00000000E+00
-0.00000000E+00 -3.86953913E-03 -0.00000000E+00 -0.00000000E+00 -0.00000000E+00
-0.00000000E+00 -0.00000000E+00 -6.74633423E-03 
 4.29319645E-03  7.34451801E-03  9.59774135E-03  5.94069222E-02  0.00000000E+00
-2.00644535E-01  1.38114526E-02  1.17123389E-01  0.00000000E+00 -1.38129425E-01
-3.33187585E-03  4.08025660E-01  0.00000000E+00 -3.63170439E-01  2.37864843E-02
 4.79377066E-01  0.00000000E+00  4.08783362E-02 -3.84052463E-02 -1.15408531E-03
 1.42939869E-03  0.00000000E+00  0.00000000E+00  1.47040816E-01 -2.98777540E-01
-2.99726749E-02  1.74712399E-02  0.00000000E+00  0.00000000E+00 -1.04143014E-01
 4.05839940E-01 -1.29566800E+00  2.92830980E-03  4.24850292E-02  0.00000000E+00
-9.71291188E-02  8.35373706E-02 -1.71106548E+00 -1.74434081E-03 -3.24732204E-02
 0.00000000E+00  1.00274268E-01 -5.54300655E-02  1.71577312E+00 -2.87073717E-02
-3.05429040E-03  0.00000000E+00  1.01029949E-01 -8.76770233E-02  1.88660593E+00
 3.65201705E-02  8.56052433E-04  0.00000000E+00 
-3.58634187E-02 -7.21449635E-02  1.96802637E-04  8.78573589E-03 -0.00000000E+00
-2.39902431E+00 -1.75450361E-02  1.17998342E-01 -0.00000000E+00  1.08109617E+01
 7.21303688E-02 -1.67425785E-01 -0.00000000E+00  3.14112812E+00  4.05458467E-02
-8.07375896E-02 -0.00000000E+00 -2.70584897E-02 -3.36878052E-02 -8.91712751E-03
-6.49876605E-04 -0.00000000E+00 -0.00000000E+00 -1.32990657E+00 -1.42234913E+00
-1.30615520E+00 -3.67085916E-03 -0.00000000E+00 -0.00000000E+00  2.03955881E-02
 4.48695821E-01 -3.49943158E+00 -1.00616658E-02  5.24964373E-02 -0.00000000E+00
-3.07734577E-02  2.50766797E-01 -2.79431408E+00 -4.11243169E-04 -3.32948095E-02
-0.00000000E+00 -1.86546941E-02  1.35471612E-01 -2.35085502E+00  1.86876140E-02
 1.37345041E-02 -0.00000000E+00 -1.41742136E-02  1.28624507E-01 -2.46798240E+00
-2.06925860E-02  2.02833356E-02 -0.00000000E+00 
 1.72516471E-03  1.99111261E-03 -8.46730965E-02  7.24689264E-02 -0.00000000E+00
-4.42534595E-01 -2.62885445E-02  1.29229551E-01 -0.00000000E+00 -1.92133438E+00
-1.88551346E+00  2.25028999E+00 -0.00000000E+00 -1.66186861E-01 -1.16874053E+00
 1.22802234E+00 -0.00000000E+00 -9.83862451E-03 -8.66986582E-03 -2.40961434E-03
-4.73608362E-03 -0.00000000E+00 -0.00000000E+00 -2.54322280E-01 -4.14296468E-01
-1.72558039E-02  6.96754764E-02 -0.00000000E+00 -0.00000000E+00 -4.70236775E-02
 8.00649815E-01  5.60076586E+00  6.87153011E-03 -4.31348737E-03 -0.00000000E+00
 1.11739347E-03  2.03771870E-01 -2.77670270E+00 -9.47332448E-03 -4.56778887E-02
-0.00000000E+00 -8.14950830E-03  2.36338525E-01 -3.70558791E+00  3.73819843E-02
 1.63447862E-02 -0.00000000E+00 -3.72966900E-02  3.96320977E-01  2.37394213E+00
 8.12260338E-03 -1.43942287E-02 -0.00000000E+00 
 3.08379511E-03  4.75582482E-03  8.73688814E-02  8.49149658E-02  0.00000000E+00
-1.46063546E-01 -3.07561111E-02  4.72145667E-02  0.00000000E+00 -1.77910399E+00
 1.66797846E+00  2.12821530E+00  0.00000000E+00 -1.90596385E-01  1.15839628E+00
 1.31591295E+00  0.00000000E+00 -8.27169650E-03 -4.06153454E-03  3.08361311E-04
 1.26680332E-03  0.00000000E+00  0.00000000E+00 -1.23775788E-01 -1.96328802E-01
 3.65056532E-02 -5.64814014E-03  0.00000000E+00  0.00000000E+00 -5.66304052E-02
 3.06276558E-01  6.34793471E+00 -1.39720753E-02 -3.30062829E-02  0.00000000E+00
 4.84092036E-03  9.59365973E-02 -2.58786018E+00 -2.39470673E-04 -3.85256376E-02
 0.00000000E+00 -2.84969531E-02  2.45505873E-01  2.21137009E+00 -1.27875055E-02
-1.69165002E-02  0.00000000E+00  1.05736082E-02  2.80916385E-01 -4.53017315E+00
-4.98886219E-02  1.25335462E-02  0.00000000E+00 
-8.84064785E-03 -9.23969073E-03 -4.94595495E-04 -3.93482164E-02  0.00000000E+00
-5.18093435E-01 -2.11931979E-02  3.33491214E-01  0.00000000E+00 -2.37736480E+00
-1.90277561E-01  1.14849545E+00  0.00000000E+00 -1.26731293E-01  7.95000161E-02
 5.49994005E-01  0.00000000E+00 -1.09310531E-03  1.63242867E-02 -5.18912955E-03
-1.13774914E-03  0.00000000E+00  0.00000000E+00  6.66644962E-01 -8.44967985E-01
 1.34737696E-01  4.73647553E-02  0.00000000E+00  0.00000000E+00  1.66304482E-01
 3.32259898E+00 -8.69803014E-01 -1.78019115E-02  1.82887933E-01  0.00000000E+00
 1.08235054E-01  1.66118112E+00 -2.82123957E+00 -1.28913950E-02 -8.33869874E-02
 0.00000000E+00 -1.05299011E-01 -1.42557044E+00  2.47231428E+00 -7.98044455E-02
-5.63310330E-02  0.00000000E+00 -1.11335862E-01 -1.47876254E+00  2.60272562E+00
 8.79094744E-02 -4.85168721E-02  0.00000000E+00 
 4.04581095E-02  3.07526741E-02 -5.33451432E-03 -4.57985678E-02  0.00000000E+00
-3.68052706E+00  6.49820913E-02 -1.43564836E-01  0.00000000E+00  1.36974206E+01
 5.63944239E-01 -7.65303347E-01  0.00000000E+00 -3.26071291E-01  6.19155139E-03
-3.97122333E-01  0.00000000E+00 -5.99485850E-02 -5.14769696E-02 -3.37956683E-02
 8.50865860E-04  0.00000000E+00  0.00000000E+00 -1.92079172E+00 -2.33786864E+00
-2.16627088E+00  3.79291824E-02  0.00000000E+00  0.00000000E+00 -1.52573444E-02
 3.31706428E-02 -3.61874050E+00  9.90055931E-03 -5.27731385E-02  0.00000000E+00
-1.92746226E-03 -1.47131516E-01 -4.93170384E-01 -6.25409097E-03  1.62869836E-03
 0.00000000E+00 -4.29085521E-02 -6.44641204E-01 -2.48580142E-01 -3.08699913E-02
-3.18665077E-02  0.00000000E+00 -4.86846541E-02 -1.12382068E+00 -6.91097015E-01
 8.66102355E-02 -3.70603741E-02  0.00000000E+00 
-1.00037117E-02 -9.76515155E-03 -5.69935750E-02  2.36073168E-02  0.00000000E+00
 1.78748235E+00  1.66157832E-01 -3.02728496E-01  0.00000000E+00 -1.17741617E+00
 3.14632925E+00 -1.59334355E+00  0.00000000E+00  9.09443583E-02 -2.88773107E-01
-2.03787225E-04  0.00000000E+00  2.00506598E-02  3.09835773E-02  1.69670139E-02
 1.03982822E-02  0.00000000E+00  0.00000000E+00  8.44900352E-01  9.81262503E-01
 5.24326994E-01  1.84771824E-01  0.00000000E+00  0.00000000E+00 -2.75412089E-02
-1.58869084E+00 -1.21358926E+00  2.74623913E-02 -1.08829373E-01  0.00000000E+00
 4.33913397E-03  1.12823748E-01  7.46649679E-01 -1.38625322E-02 -4.11541040E-04
 0.00000000E+00  4.40397655E-04  9.32765867E-01  1.33284733E+00  8.14569861E-02
-8.20761671E-03  0.00000000E+00 -1.11783020E-02 -1.99524842E+00 -7.45191046E-01
 1.52889502E-01 -1.33078590E-02  0.00000000E+00 
 2.65668692E-02  3.45601632E-02 -8.50745033E-04 -1.13727305E-01  0.00000000E+00
-4.18367910E+00 -6.23579604E-02  8.19416625E-01  0.00000000E+00 -6.87866052E-01
 8.50409329E-01  7.00556376E+00  0.00000000E+00  3.67873500E-01 -4.27246041E-03
 8.28744263E-01  0.00000000E+00 -2.09099422E-02 -6.47644028E-02 -5.00228662E-02
 1.58073941E-03  0.00000000E+00  0.00000000E+00 -1.68340422E+00 -2.16079867E+00
-1.19971230E+00  1.54559028E-01  0.00000000E+00  0.00000000E+00  1.05262136E-01
 5.77042509E+00  7.77358660E+00 -3.64279762E-02  4.03858131E-01  0.00000000E+00
 3.51687488E-02 -2.03172117E-01 -4.52514091E+00 -8.12736850E-03  5.46016829E-02
 0.00000000E+00  2.69540743E-02  2.03689891E+00 -9.04329849E-01  6.66798691E-02
 1.10215766E-02  0.00000000E+00  1.61967723E-02  9.17559119E-01 -2.25147040E+00
 9.47467092E-03  2.47719547E-02  0.00000000E+00 
 0.00000000E+00  0.00000000E+00  0.00000000E+00  0.00000000E+00 -2.00669211E-01
 0.00000000E+00  0.00000000E+00  0.00000000E+00 -9.42561576E-01  0.00000000E+00
 0.00000000E+00  0.00000000E+00  1.52109296E+00  0.00000000E+00  0.00000000E+00
 0.00000000E+00 -6.10926100E-01  0.00000000E+00  0.00000000E+00  0.00000000E+00
 0.00000000E+00 -3.47811833E-03  1.74963102E-02  0.00000000E+00  0.00000000E+00
 0.00000000E+00  0.00000000E+00 -8.40801649E-02  3.07994806E-01  0.00000000E+00
 0.00000000E+00  0.00000000E+00  0.00000000E+00  0.00000000E+00  1.43646135E-02
 0.00000000E+00  0.00000000E+00  0.00000000E+00  0.00000000E+00  0.00000000E+00
-2.31998775E-02  0.00000000E+00  0.00000000E+00  0.00000000E+00  0.00000000E+00
 0.00000000E+00 -2.74334779E-02  0.00000000E+00  0.00000000E+00  0.00000000E+00
 0.00000000E+00  0.00000000E+00 -2.91833740E-02 
 6.29677205E-02  9.03103980E-02  1.84658812E-02 -1.16242329E-03 -0.00000000E+00
-4.08715284E+00 -3.54710374E-02 -7.27734927E-02 -0.00000000E+00  1.24518591E+01
-5.78412522E-01 -2.97174768E+00 -0.00000000E+00  1.83093611E+00 -7.84371730E-02
-1.77235467E-01 -0.00000000E+00 -5.54652045E-02 -4.81254403E-02 -5.59927735E-02
 1.18994462E-03 -0.00000000E+00 -0.00000000E+00 -2.23926830E+00 -2.14687679E+00
-2.24417925E+00  1.36222025E-02 -0.00000000E+00 -0.00000000E+00 -2.45835940E-02
-5.48168221E-01 -5.28297878E+00 -2.74562405E-04 -7.72865705E-02 -0.00000000E+00
 5.37014454E-02  2.11463517E+00 -9.98883135E-01  5.94124451E-03 -3.60760162E-02
-0.00000000E+00  3.91976385E-02  7.87402896E-01 -2.26382199E+00 -1.03933273E-02
-4.49526206E-04 -0.00000000E+00  2.94501770E-02  1.31589356E+00 -1.12294881E+00
-5.07782927E-02  6.69850442E-03 -0.00000000E+00 
-0.00000000E+00 -0.00000000E+00 -0.00000000E+00 -0.00000000E+00 -5.81810393E-02
-0.00000000E+00 -0.00000000E+00 -0.00000000E+00 -1.74114616E-01 -0.00000000E+00
-0.00000000E+00 -0.00000000E+00  3.56580947E-01 -0.00000000E+00 -0.00000000E+00
-0.00000000E+00 -1.39333454E-01 -0.00000000E+00 -0.00000000E+00 -0.00000000E+00
-0.00000000E+00 -2.69778367E-03 -7.93578819E-03 -0.00000000E+00 -0.00000000E+00
-0.00000000E+00 -0.00000000E+00  8.60009656E-01 -5.18096187E-01 -0.00000000E+00
-0.00000000E+00 -0.00000000E+00 -0.00000000E+00 -0.00000000E+00 -7.63559692E-02
-0.00000000E+00 -0.00000000E+00 -0.00000000E+00 -0.00000000E+00 -0.00000000E+00
-1.29832144E-02 -0.00000000E+00 -0.00000000E+00 -0.00000000E+00 -0.00000000E+00
-0.00000000E+00 -1.08740442E-02 -0.00000000E+00 -0.00000000E+00 -0.00000000E+00
-0.00000000E+00 -0.00000000E+00 -3.01721323E-02 
-0.00000000E+00 -0.00000000E+00 -0.00000000E+00 -0.00000000E+00  5.25475895E-02
-0.00000000E+00 -0.00000000E+00 -0.00000000E+00  1.44345376E-01 -0.00000000E+00
-0.00000000E+00 -0.00000000E+00 -3.30486504E-01 -0.00000000E+00 -0.00000000E+00
-0.00000000E+00  1.29228137E-01 -0.00000000E+00 -0.00000000E+00 -0.00000000E+00
-0.00000000E+00 -4.25387538E-03  1.03402822E-02 -0.00000000E+00 -0.00000000E+00
-0.00000000E+00 -0.00000000E+00  5.30764985E-01  8.64850157E-01 -0.00000000E+00
-0.00000000E+00 -0.00000000E+00 -0.00000000E+00 -0.00000000E+00  1.06355567E-01
-0.00000000E+00 -0.00000000E+00 -0.00000000E+00 -0.00000000E+00 -0.00000000E+00
 1.86449457E-02 -0.00000000E+00 -0.00000000E+00 -0.00000000E+00 -0.00000000E+00
-0.00000000E+00  1.49814755E-02 -0.00000000E+00 -0.00000000E+00 -0.00000000E+00
-0.00000000E+00 -0.00000000E+00  5.11651895E-03 
 5.52254435E-03  9.29679351E-03 -1.49031640E-01  2.42183122E-02 -0.00000000E+00
-2.75831171E-01  3.12280786E-03  4.83230873E-02 -0.00000000E+00  1.71264668E+00
 4.41649444E+00 -5.97026466E-01 -0.00000000E+00  2.16314289E-01  6.30265699E-01
-1.06482192E-01 -0.00000000E+00 -3.52672983E-03 -1.10050911E-02  2.53537130E-03
-2.35188863E-02 -0.00000000E+00 -0.00000000E+00 -9.02318612E-02 -1.33499029E-01
-1.44914040E-01 -1.30143460E+00 -0.00000000E+00 -0.00000000E+00 -1.82450268E-03
-1.36381318E-01 -8.63457729E-01 -1.50773963E-01  1.04311702E-02 -0.00000000E+00
-1.80606758E-03  1.05179100E-01  2.57227171E-01  1.75964555E-02 -8.31129325E-03
-0.00000000E+00 -2.48917454E-03  1.37720243E+00  3.02494350E+00  1.44076153E-01
-9.41518002E-04 -0.00000000E+00 -7.15136959E-03 -1.44735903E+00 -3.77697353E+00
 1.16454590E-01 -6.17539400E-03 -0.00000000E+00 
-6.92583704E-03 -1.16765392E-02  1.59362540E-01 -7.21130307E-02 -0.00000000E+00
 7.56745990E-01  1.63032080E+00 -6.44348030E-01 -0.00000000E+00 -1.93085555E+00
 1.11257822E+00 -2.85946195E-01 -0.00000000E+00 -1.54182471E-01 -5.07825309E-01
 2.37033693E-01 -0.00000000E+00  5.98166137E-03  2.72682300E-02 -1.50056573E-02
-4.20229531E-02 -0.00000000E+00 -0.00000000E+00 -1.08544565E-01 -4.95116483E-01
 6.33508733E-01 -7.30016874E-01 -0.00000000E+00 -0.00000000E+00 -2.57923996E-02
-8.34357126E-01  1.02587168E+00 -3.82759916E-02 -1.78428310E-01 -0.00000000E+00
 2.30113767E-03  1.38542217E+00 -3.01147649E-01  5.26095832E-02 -9.66662729E-02
-0.00000000E+00  2.27674566E-02  2.76460039E+00 -8.82196332E-01  1.70793786E-01
-2.39856671E-03 -0.00000000E+00 -3.20361461E-02 -2.19559371E+00  1.16551544E+00
 1.25696561E-01 -3.90876872E-02 -0.00000000E+00 
 9.57915909E-03  1.79325542E-02  8.76899100E-02  1.90125620E-01 -0.00000000E+00
-1.59578775E+00  8.11619959E-01  1.57722439E+00 -0.00000000E+00  3.51891245E+00
 3.89722864E-01 -1.20373021E-01 -0.00000000E+00  2.88882715E-01 -3.00662018E-01
-6.52942755E-01 -0.00000000E+00  3.03394095E-02 -6.56788838E-02  2.12858757E-02
-1.74989461E-03 -0.00000000E+00 -0.00000000E+00  5.57936898E-02  2.67199583E-01
-8.93433821E-01 -2.69321061E-01 -0.00000000E+00 -0.00000000E+00  5.89539927E-02
 2.91337363E+00 -3.43171892E+00 -3.85860925E-03  4.02261923E-01 -0.00000000E+00
-9.99872294E-03 -1.99208090E+00  1.09586846E+00  2.87095782E-02  1.07740216E-01
-0.00000000E+00  1.11227254E-02  5.18110385E-01 -6.90114315E-01 -6.36547818E-03
 3.29822040E-02 -0.00000000E+00 -2.28343927E-02 -2.19076578E+00  9.56665357E-01
 1.68668169E-01  3.34587688E-02 -0.00000000E+00 
 1.72698038E-03 -8.05615349E-03 -1.28530028E-02  4.14709752E-03 -0.00000000E+00
-2.85026419E-01 -2.66792914E-01  2.30628698E-01 -0.00000000E+00 -2.31989063E+00
-1.02332771E-01  2.12326833E+00 -0.00000000E+00  1.21588670E-01  6.44527414E-03
-6.52217282E-02 -0.00000000E+00 -1.34561638E-01  2.46258458E-02 -7.88347533E-04
 7.95601743E-03 -0.00000000E+00 -0.00000000E+00 -4.73640507E+00  3.25011299E+00
 5.42344651E-01 -4.39598889E-02 -0.00000000E+00 -0.00000000E+00  7.90576336E-02
-4.05859720E+00  3.09979752E+00 -2.18242241E-03 -4.77232217E-02 -0.00000000E+00
 6.47865457E-02 -3.64493188E+00  5.85519161E-01  1.66248926E-02  2.85326183E-01
-0.00000000E+00 -8.72143824E-02  5.39048115E+00 -1.49675975E+00  3.52315309E-01
 1.04534307E-01 -0.00000000E+00 -8.23313390E-02  6.40421509E+00 -1.73504599E+00
-3.97221623E-01  1.29678752E-01 -0.00000000E+00 
 1.63111168E-02  3.43926769E-02 -3.60677694E-02  1.50129027E-01  0.00000000E+00
-7.52822714E+00 -6.37903930E-01  2.89553365E+00  0.00000000E+00 -3.60900279E+00
-9.75702528E-01  4.83425442E+00  0.00000000E+00  3.66304578E-01  5.59388733E-02
 3.76212131E-01  0.00000000E+00  1.33128828E-02 -2.03091444E-01 -4.56288096E-03
 4.34016301E-02  0.00000000E+00  0.00000000E+00 -2.25673460E+00 -5.81911741E+00
-1.13879373E-01  4.94196750E-01  0.00000000E+00  0.00000000E+00 -1.54290669E-02
 1.31027378E+01  2.95132097E+00 -5.88523439E-02  8.06822801E-01  0.00000000E+00
-1.43718547E-01  3.41231411E+00 -3.05492032E+00  7.35302789E-02 -1.05029431E-01
 0.00000000E+00  4.69245350E-02  1.15322234E+00  6.01326826E-02 -3.62613049E-02
-4.40203491E-02  0.00000000E+00  2.21663707E-03  2.16954721E+00  3.99894887E-01
-4.64230317E-02  1.60221264E-02  0.00000000E+00 
-1.03216076E-01 -2.78506712E-01 -1.24892594E-02  6.02246232E-02  0.00000000E+00
-5.74794460E+00 -1.61307628E-01  5.61551259E-01  0.00000000E+00  1.44433994E+01
-1.61653652E-01 -1.51709744E-01  0.00000000E+00  2.02365039E-01  4.17920243E-03
-7.33838368E-02  0.00000000E+00 -9.32982381E-02 -5.95135476E-02 -1.17586359E-01
-4.60358877E-03  0.00000000E+00  0.00000000E+00 -4.54878481E+00 -5.71474357E+00
-4.08906359E+00  1.12055988E-01  0.00000000E+00  0.00000000E+00  9.42114584E-02
 2.57920908E+00 -1.81775983E+00 -2.73047878E-03 -1.33706696E-01  0.00000000E+00
-1.48901843E-02  1.86588808E+00 -1.24461127E+00  1.88733590E-02 -2.78049889E-01
 0.00000000E+00  1.42654262E-02  8.54338001E-01 -1.19186992E+00  1.44000119E-01
 8.32116690E-03  0.00000000E+00  3.16282412E-02  1.08784715E+00 -1.05126335E+00
-1.55592091E-01 -1.88902342E-02  0.00000000E+00 
-8.20530127E-03 -2.07359368E-02  4.18118121E-02  3.72771712E-02  0.00000000E+00
-1.18810303E+00  1.00817506E+00  5.55031051E-01  0.00000000E+00  2.54009810E-01
 1.81686394E+00  1.00115110E+00  0.00000000E+00  3.86528611E-02  8.16840467E-03
 8.35804918E-02  0.00000000E+00  5.06629845E-02 -7.17493972E-02  1.06911264E-02
-7.12907957E-02  0.00000000E+00  0.00000000E+00 -2.98786924E-01 -7.47523635E-01
-2.49710492E-01 -5.01013401E-01  0.00000000E+00  0.00000000E+00 -8.67985278E-02
 2.18887785E+00  4.96405958E-01 -5.18118334E-01  2.82521750E-01  0.00000000E+00
-5.62511512E-02  1.81797128E-01 -6.91505625E-01 -8.25859187E-01  7.13054533E-02
 0.00000000E+00 -2.47897772E-02  1.40263722E+00  7.07387455E-01  3.21650403E-01
-4.40955857E-01  0.00000000E+00  1.61785727E-01 -1.62489901E+00 -6.58552844E-01
 2.79525141E-01  2.49172100E-01  0.00000000E+00 
-0.00000000E+00 -0.00000000E+00 -0.00000000E+00 -0.00000000E+00  1.56367717E-02
-0.00000000E+00 -0.00000000E+00 -0.00000000E+00  4.04962558E-02 -0.00000000E+00
-0.00000000E+00 -0.00000000E+00  4.96786430E-02 -0.00000000E+00 -0.00000000E+00
-0.00000000E+00 -1.49925725E-02 -0.00000000E+00 -0.00000000E+00 -0.00000000E+00
-0.00000000E+00  7.39005713E-03  4.61978185E-02 -0.00000000E+00 -0.00000000E+00
-0.00000000E+00 -0.00000000E+00 -5.91958115E-02 -4.06476142E-01 -0.00000000E+00
-0.00000000E+00 -0.00000000E+00 -0.00000000E+00 -0.00000000E+00  3.26358754E-01
-0.00000000E+00 -0.00000000E+00 -0.00000000E+00 -0.00000000E+00 -0.00000000E+00
 7.22942749E-01 -0.00000000E+00 -0.00000000E+00 -0.00000000E+00 -0.00000000E+00
-0.00000000E+00 -6.61753801E-01 -0.00000000E+00 -0.00000000E+00 -0.00000000E+00
-0.00000000E+00 -0.00000000E+00 -5.94600177E-01 
 0.00000000E+00  0.00000000E+00  0.00000000E+00  0.00000000E+00 -1.48711974E-01
 0.00000000E+00  0.00000000E+00  0.00000000E+00 -7.32606929E-01  0.00000000E+00
 0.00000000E+00  0.00000000E+00 -4.07666344E-01  0.00000000E+00  0.00000000E+00
 0.00000000E+00  1.10470272E-01  0.00000000E+00  0.00000000E+00  0.00000000E+00
 0.00000000E+00 -8.21162303E-03  5.06093542E-02  0.00000000E+00  0.00000000E+00
 0.00000000E+00  0.00000000E+00 -2.06359771E-02 -3.92949416E-02  0.00000000E+00
 0.00000000E+00  0.00000000E+00  0.00000000E+00  0.00000000E+00  5.37345212E-01
 0.00000000E+00  0.00000000E+00  0.00000000E+00  0.00000000E+00  0.00000000E+00
 7.96102765E-01  0.00000000E+00  0.00000000E+00  0.00000000E+00  0.00000000E+00
 0.00000000E+00  6.12855711E-01  0.00000000E+00  0.00000000E+00  0.00000000E+00
 0.00000000E+00  0.00000000E+00  5.97651977E-01 
-7.19637304E-03 -1.17561587E-02  4.43973831E-03 -2.94841952E-02 -0.00000000E+00
-1.74601501E+00 -5.26254189E-02 -4.44367025E-01 -0.00000000E+00  2.36366619E+00
 3.23400940E-02 -6.88091810E-01 -0.00000000E+00  6.32416184E-01  4.72540766E-02
 3.93289974E-02 -0.00000000E+00 -1.84436802E-01  6.67447691E-02  2.95517340E-02
 6.75347060E-04 -0.00000000E+00 -0.00000000E+00 -1.85864223E+00 -1.61740485E+00
-5.67949181E-01 -2.33279598E-01 -0.00000000E+00 -0.00000000E+00  1.65925551E-01
 1.13417648E-01 -2.98014082E-01 -3.24506059E-01 -4.40156275E-01 -0.00000000E+00
-1.78244040E-01  1.76787163E+00 -3.21834781E-01 -2.61597095E-02 -1.61874473E-01
-0.00000000E+00 -3.25959452E-01  1.77619677E+00 -8.69686957E-01 -1.87925292E-01
 6.37488006E-01 -0.00000000E+00 -4.35770927E-01  2.30269201E+00 -1.17043931E+00
-2.82775160E-02  8.49429111E-01 -0.00000000E+00 
-0.00000000E+00 -0.00000000E+00 -0.00000000E+00 -0.00000000E+00 -2.61022359E-02
-0.00000000E+00 -0.00000000E+00 -0.00000000E+00  4.67606585E-01 -0.00000000E+00
-0.00000000E+00 -0.00000000E+00 -1.08042732E-01 -0.00000000E+00 -0.00000000E+00
-0.00000000E+00  2.70383549E-02 -0.00000000E+00 -0.00000000E+00 -0.00000000E+00
-0.00000000E+00 -1.27851986E-01  2.40305525E-02 -0.00000000E+00 -0.00000000E+00
-0.00000000E+00 -0.00000000E+00  1.19351336E+00 -4.57759391E-01 -0.00000000E+00
-0.00000000E+00 -0.00000000E+00 -0.00000000E+00 -0.00000000E+00 -5.55633502E-01
-0.00000000E+00 -0.00000000E+00 -0.00000000E+00 -0.00000000E+00 -0.00000000E+00
 2.66472322E-01 -0.00000000E+00 -0.00000000E+00 -0.00000000E+00 -0.00000000E+00
-0.00000000E+00  9.53357485E-01 -0.00000000E+00 -0.00000000E+00 -0.00000000E+00
-0.00000000E+00 -0.00000000E+00 -1.08981566E+00 
 1.33905755E-02  3.41477489E-02  5.21503478E-02  7.10133884E-02  0.00000000E+00
 1.55794607E+00 -1.29146749E+00 -7.87065523E-01  0.00000000E+00 -1.27073244E+00
-9.50816345E-01  2.15994679E-02  0.00000000E+00 -1.91520634E-01 -1.93093904E-01
 1.56093481E-01  0.00000000E+00  1.41898792E-02  1.18271077E-01 -6.55901663E-02
-1.51335177E-01  0.00000000E+00  0.00000000E+00  4.45265082E-01 -4.26512935E-01
 3.11462100E-01  1.84665930E+00  0.00000000E+00  0.00000000E+00  1.11575028E-01
-7.74137045E-01  8.16909370E-01  1.25017636E+00 -7.08470721E-01  0.00000000E+00
-3.78093642E-02  7.63776008E-01 -2.31936140E-01 -8.87093540E-01 -7.76828299E-02
 0.00000000E+00 -1.75024431E-01 -1.42439853E+00 -4.46530161E-01 -5.63766874E-01
 3.08986817E-01  0.00000000E+00  2.47104447E-01  2.97528264E-01  9.41105139E-01
 2.66945268E-02 -2.93010822E-01  0.00000000E+00 
-2.86304444E-02 -6.06720819E-02 -1.79810296E-01 -1.68469119E-01  0.00000000E+00
-1.45884065E+00  1.37995760E+00  1.28571993E+00  0.00000000E+00  3.97441884E-01
 5.97456409E-01  7.97237775E-01  0.00000000E+00  4.66712368E-02 -3.49691038E-01
-2.28030664E-01  0.00000000E+00  2.08739749E-01 -1.81293219E-01  7.44370678E-02
-1.56372055E-01  0.00000000E+00  0.00000000E+00 -2.14958845E+00  1.91954060E+00
-1.54874494E-01  2.76511351E-01  0.00000000E+00  0.00000000E+00 -1.82766046E-01
 1.47132404E+00 -7.04954669E-01  1.74588673E-01  1.35225857E+00  0.00000000E+00
 1.56946084E-01 -2.64065505E+00  4.14021072E-01 -1.23256978E-01  5.10546822E-01
 0.00000000E+00 -3.21728386E-01  3.35316631E+00 -8.19256473E-01  4.51221535E-01
 8.70293075E-01  0.00000000E+00  6.87788878E-01 -9.57431082E-01  7.93900118E-01
 9.08448404E-01  1.29838378E-01  0.00000000E+00 
 0.00000000E+00  0.00000000E+00  0.00000000E+00  0.00000000E+00  7.47952851E-02
 0.00000000E+00  0.00000000E+00  0.00000000E+00 -9.24104726E-01  0.00000000E+00
 0.00000000E+00  0.00000000E+00  2.07205353E-01  0.00000000E+00  0.00000000E+00
 0.00000000E+00 -5.46900245E-02  0.00000000E+00  0.00000000E+00  0.00000000E+00
 0.00000000E+00 -6.04973910E-02 -1.16252720E-01  0.00000000E+00  0.00000000E+00
 0.00000000E+00  0.00000000E+00  4.14862500E-01  1.20273489E+00  0.00000000E+00
 0.00000000E+00  0.00000000E+00  0.00000000E+00  0.00000000E+00  1.54998980E+00
 0.00000000E+00  0.00000000E+00  0.00000000E+00  0.00000000E+00  0.00000000E+00
-6.62615322E-01  0.00000000E+00  0.00000000E+00  0.00000000E+00  0.00000000E+00
 0.00000000E+00  4.22201465E-01  0.00000000E+00  0.00000000E+00  0.00000000E+00
 0.00000000E+00  0.00000000E+00 -4.27050201E-01 
-2.80417460E-02 -6.79412705E-02  2.79197875E-01 -1.87815670E-01  0.00000000E+00
-3.24985602E+00 -2.88932811E+00  1.62363566E+00  0.00000000E+00  9.86860570E-01
-1.26116624E+00  8.18439496E-01  0.00000000E+00  1.99847680E-01  3.34999663E-01
-2.10521150E-01  0.00000000E+00  3.16283351E-03 -2.03340626E-01  1.32644706E-01
 1.85382757E-01  0.00000000E+00  0.00000000E+00 -1.93017911E+00  1.02207462E+00
-4.60858969E-01  6.32099077E-01  0.00000000E+00  0.00000000E+00 -9.21869977E-02
 2.32754892E+00 -6.99254818E-01  4.69389899E-01  1.45213136E+00  0.00000000E+00
 1.15288373E-01 -1.95192826E+00  2.10766287E-01 -1.27424680E-01  3.50454391E-01
 0.00000000E+00  5.90489918E-01 -1.53901350E+00  3.29434492E-01 -7.05538467E-01
 1.50630936E-01  0.00000000E+00 -4.28665255E-01  4.90847110E+00 -8.10317262E-01
-1.08488363E+00  6.66608301E-01  0.00000000E+00 
 3.00650468E-02  6.15074162E-02  3.39272399E-02 -3.95237669E-02 -0.00000000E+00
 2.03501469E+00  1.51487769E-01 -5.33055164E-01 -0.00000000E+00 -1.81268544E+00
 8.43889717E-02  5.47120852E-02 -0.00000000E+00 -9.15356705E-01  1.09793244E-01
-1.32527282E-01 -0.00000000E+00  2.71597683E-01  2.24217899E-01 -2.95165413E-01
 7.97035183E-02 -0.00000000E+00 -0.00000000E+00  4.40574584E-01 -1.51296649E-01
 6.95989638E-01 -3.41868126E-01 -0.00000000E+00 -0.00000000E+00  1.92049862E-02
-1.53184636E-01  2.51090761E-01 -6.24740766E-02 -5.42138367E-01 -0.00000000E+00
 9.46014558E-01 -9.52201642E-01  1.03522404E+00  1.01994485E-01 -5.24297714E-02
-0.00000000E+00  8.45928006E-01 -1.74575829E+00  1.24754862E+00 -4.97749880E-01
-8.37640439E-02 -0.00000000E+00  4.17889818E-01 -1.60700184E+00  7.01286849E-01
 6.58064777E-01  2.33092073E-01 -0.00000000E+00 
-1.43296524E-02 -1.88351959E-02 -2.92271535E-01 -6.47647404E-02 -0.00000000E+00
-1.13759224E+00 -5.01730322E-01 -1.18148277E-01 -0.00000000E+00  6.60757562E-01
 1.53195733E-01  3.23181385E-02 -0.00000000E+00  9.44387045E-02 -1.06431940E-01
 1.13430610E-02 -0.00000000E+00 -2.54514419E-02  4.12706198E-02  8.53099899E-02
 3.90004134E-02 -0.00000000E+00 -0.00000000E+00  1.42918438E+00 -1.95429321E+00
-3.38119281E-01 -6.49498222E-01 -0.00000000E+00 -0.00000000E+00  3.34667024E-02
 3.84034694E+00 -6.66556434E-01  9.61584383E-01  6.98841607E-01 -0.00000000E+00
 8.37134700E-02  1.90007607E+00 -4.90296287E-01  4.25201028E-01 -7.33130134E-01
-0.00000000E+00 -4.51258694E-01 -1.26598273E+00  3.11193991E-02 -5.27100892E-01
-9.94986669E-01 -0.00000000E+00  4.06750015E-02 -3.01827479E+00  6.67635493E-01
 8.20059186E-01  8.40299034E-01 -0.00000000E+00 
-8.36227018E-03 -2.19887612E-02  2.47852708E-02 -1.12485605E-01 -0.00000000E+00
-3.31509277E+00  2.58262714E-01  1.73008337E+00 -0.00000000E+00 -1.52069665E-01
-3.66905070E-01  1.74345247E+00 -0.00000000E+00 -6.32431228E-02  7.87647504E-03
 4.41358647E-02 -0.00000000E+00 -3.03080416E-01  1.67753198E-01  1.14101772E-01
-3.05188271E-02 -0.00000000E+00 -0.00000000E+00  2.44071559E+00 -4.66377140E+00
-6.53885790E-01  7.85377700E-01 -0.00000000E+00 -0.00000000E+00  1.00017903E-01
 8.29581053E+00  1.07283705E+00 -6.33995990E-01  6.88671013E-01 -0.00000000E+00
 9.33708393E-01  1.56856763E+00 -7.27025552E-01 -4.22427517E-01 -3.34485569E-01
-0.00000000E+00 -4.43356702E-01 -2.39213327E+00  2.88719792E-03 -4.34136172E-01
 6.98742126E-02 -0.00000000E+00 -5.16386674E-01 -2.16641083E+00  1.03392751E-01
 8.18053001E-02 -9.75496863E-01 -0.00000000E+00 
-1.23736714E-02 -3.75003060E-03  1.61297545E-01  1.67909846E-01  0.00000000E+00
-2.60100752E-03  1.05071699E-01 -1.33943667E+00  0.00000000E+00  8.15856725E-01
-1.56376478E-01 -9.69344851E-01  0.00000000E+00  1.28890551E-01  7.15385316E-02
 1.37657833E-01  0.00000000E+00  2.86209044E-01 -1.39533071E-01  4.54650574E-02
 1.75627510E-02  0.00000000E+00  0.00000000E+00  7.61789031E-01 -5.01095824E-01
-7.42854380E-02  2.82830641E-01  0.00000000E+00  0.00000000E+00 -1.05423808E-01
 9.33563046E-01 -1.43113399E+00 -4.49208698E-01  5.80076851E-01  0.00000000E+00
-8.20419941E-01  3.02376734E+00 -8.44570006E-01 -1.62646788E-01 -1.19279136E+00
 0.00000000E+00  4.96283710E-01 -2.58221061E+00  8.68158128E-01 -1.00070985E+00
 2.85665753E-01  0.00000000E+00  8.16499843E-02 -1.81871724E+00  6.84848373E-01
 8.29771205E-01 -4.85851559E-01  0.00000000E+00 
 0.00000000E+00  0.00000000E+00  0.00000000E+00  0.00000000E+00 -1.33672269E+00
 0.00000000E+00  0.00000000E+00  0.00000000E+00  1.63678616E+00  0.00000000E+00
 0.00000000E+00  0.00000000E+00 -7.07076793E-01  0.00000000E+00  0.00000000E+00
 0.00000000E+00  2.33367345E-01  0.00000000E+00  0.00000000E+00  0.00000000E+00
 0.00000000E+00 -2.10384822E-02 -8.28222585E-03  0.00000000E+00  0.00000000E+00
 0.00000000E+00  0.00000000E+00  5.63650251E-03  1.07566115E-01  0.00000000E+00
 0.00000000E+00  0.00000000E+00  0.00000000E+00  0.00000000E+00  4.66903555E-02
 0.00000000E+00  0.00000000E+00  0.00000000E+00  0.00000000E+00  0.00000000E+00
-2.16978316E-01  0.00000000E+00  0.00000000E+00  0.00000000E+00  0.00000000E+00
 0.00000000E+00 -1.62292913E-01  0.00000000E+00  0.00000000E+00  0.00000000E+00
 0.00000000E+00  0.00000000E+00 -1.56963487E-01 
-8.36749122E-02 -1.03069984E-01  2.16974874E-01  8.28014354E-02 -0.00000000E+00
 8.35671985E+00 -3.80475003E-01 -3.79774827E-01 -0.00000000E+00 -7.01833646E-01
 3.84321087E-01 -1.85449328E+00 -0.00000000E+00 -4.97182840E-01  9.18680670E-02
-2.57424751E-01 -0.00000000E+00  2.00667750E-01  1.15040605E-01  3.83641550E-01
-6.39395327E-02 -0.00000000E+00 -0.00000000E+00  3.69008531E+00  4.58134972E+00
 6.14735259E-01 -3.84168185E-01 -0.00000000E+00 -0.00000000E+00 -3.72104528E-02
-6.13001192E+00 -1.55759779E+00 -1.59314747E-01 -4.75155918E-01 -0.00000000E+00
-3.55189823E-02 -4.24159449E+00  1.80784882E+00  2.97254185E-01  1.66602533E+00
-0.00000000E+00  1.00984177E-01 -4.18874898E+00  1.16277844E+00 -1.23690273E+00
-6.51236269E-01 -0.00000000E+00  3.16335942E-02 -3.54303480E+00  4.04946823E-01
 8.10944631E-01 -4.59314635E-01 -0.00000000E+00 
 5.45458739E-03  4.90251486E-03  1.10205111E+00  8.07767999E-02 -0.00000000E+00
-7.68561842E-01  4.72495637E-01 -1.21331923E-01 -0.00000000E+00  3.30148035E-01
 1.47809487E+00  5.82416615E-01 -0.00000000E+00  7.83454442E-02  3.75978230E-02
 8.34984409E-02 -0.00000000E+00 -1.34445769E-01  5.17270213E-02  4.03708082E-02
-1.86612232E-02 -0.00000000E+00 -0.00000000E+00 -4.08271264E-01 -7.79337465E-01
-2.17979738E-01 -2.38719013E-01 -0.00000000E+00 -0.00000000E+00  4.77414628E-02
 1.25776071E+00  5.90561441E-01  7.58957960E-01  1.68534175E-01 -0.00000000E+00
 6.06937182E-02  5.03854524E-01 -4.64547880E-01  5.23916200E-02 -1.63984455E-01
-0.00000000E+00 -1.21769546E-01  2.05684333E+00  4.14288307E-01  1.18337837E+00
 5.80815553E-02 -0.00000000E+00 -1.78424272E-01 -1.72306695E+00 -8.30666589E-01
 1.31913162E+00  1.76018356E-01 -0.00000000E+00 
-2.28896167E-02 -2.21735455E-02 -6.53417672E-01  1.66483610E-02 -0.00000000E+00
 3.26282764E+00  3.71648943E+00 -9.73811836E-01 -0.00000000E+00  5.73056212E-01
 1.17142437E-01 -1.05480321E+00 -0.00000000E+00 -1.02015949E-01 -2.44922155E-01
-1.12312588E-01 -0.00000000E+00  2.22369546E-02 -2.96087411E-03  2.10945607E-01
 4.71617309E-01 -0.00000000E+00 -0.00000000E+00  7.30567701E-01  1.93774273E+00
 4.89763117E-02 -4.78039774E-02 -0.00000000E+00 -0.00000000E+00 -1.83342800E-01
-3.37288026E+00 -9.13805044E-01  8.80227840E-01 -2.55476108E-01 -0.00000000E+00
-5.24521173E-02 -1.21199682E+00  6.82259115E-01 -5.33031579E-01  2.78405551E-01
-0.00000000E+00  4.52014457E-01  1.41635527E+00 -6.84076677E-01  9.72088303E-01
 3.20151495E-01 -0.00000000E+00 -6.79665747E-01 -3.36065777E+00  1.04223253E+00
 1.49975069E+00 -3.51235105E-01 -0.00000000E+00 
 0.00000000E+00  0.00000000E+00  0.00000000E+00  0.00000000E+00 -3.17710734E-02
 0.00000000E+00  0.00000000E+00  0.00000000E+00  7.29360549E-02  0.00000000E+00
 0.00000000E+00  0.00000000E+00 -9.43566566E-03  0.00000000E+00  0.00000000E+00
 0.00000000E+00  2.91901496E-03  0.00000000E+00  0.00000000E+00  0.00000000E+00
 0.00000000E+00  1.13614097E+00  8.86759780E-02  0.00000000E+00  0.00000000E+00
 0.00000000E+00  0.00000000E+00 -1.09199288E-01 -1.80020523E-02  0.00000000E+00
 0.00000000E+00  0.00000000E+00  0.00000000E+00  0.00000000E+00  3.55506309E-02
 0.00000000E+00  0.00000000E+00  0.00000000E+00  0.00000000E+00  0.00000000E+00
-2.85973060E-02  0.00000000E+00  0.00000000E+00  0.00000000E+00  0.00000000E+00
 0.00000000E+00  3.27652415E-01  0.00000000E+00  0.00000000E+00  0.00000000E+00
 0.00000000E+00  0.00000000E+00 -4.20763515E-01 
 1.00836980E-02 -1.02365166E-02  8.73290374E-03 -1.17482838E+00  0.00000000E+00
-2.79675224E+00  5.06692651E-01  4.49146695E+00  0.00000000E+00  1.23650886E+00
-1.17730626E-01 -1.68970910E-01  0.00000000E+00  1.41033815E-01 -4.69305218E-02
-1.90039920E-01  0.00000000E+00  6.83970747E-02 -5.95170616E-02 -2.65191342E-01
 2.68839378E-02  0.00000000E+00  0.00000000E+00 -1.42965186E-01 -2.70607229E+00
-2.87526933E-01  1.61608425E-01  0.00000000E+00  0.00000000E+00  1.10855863E+00
 5.53225893E+00 -1.75716104E+00 -1.52061969E-01  2.76913824E-01  0.00000000E+00
-4.82731843E-01  5.53126459E-01  1.42756430E-01 -1.03798893E-01  5.88740898E-01
 0.00000000E+00  1.71168244E-01 -5.83279691E-02  8.47845428E-02  1.82055102E-01
-3.07324604E-01  0.00000000E+00  3.74807619E-02 -1.02767601E+00  6.16949511E-01
 3.35790268E-01 -4.84552927E-01  0.00000000E+00 
 0.00000000E+00  0.00000000E+00  0.00000000E+00  0.00000000E+00  2.07676034E-02
 0.00000000E+00  0.00000000E+00  0.00000000E+00 -6.61838659E-01  0.00000000E+00
 0.00000000E+00  0.00000000E+00  6.10090218E-02  0.00000000E+00  0.00000000E+00
 0.00000000E+00 -1.38895093E-02  0.00000000E+00  0.00000000E+00  0.00000000E+00
 0.00000000E+00 -1.11021293E-01  1.25508337E+00  0.00000000E+00  0.00000000E+00
 0.00000000E+00  0.00000000E+00 -3.29429681E-04  1.91023024E-01  0.00000000E+00
 0.00000000E+00  0.00000000E+00  0.00000000E+00  0.00000000E+00  1.07095009E+00
 0.00000000E+00  0.00000000E+00  0.00000000E+00  0.00000000E+00  0.00000000E+00
-3.34004121E-01  0.00000000E+00  0.00000000E+00  0.00000000E+00  0.00000000E+00
 0.00000000E+00  8.44898051E-02  0.00000000E+00  0.00000000E+00  0.00000000E+00
 0.00000000E+00  0.00000000E+00  8.18864897E-02 
 3.59596495E-02 -2.60596407E-03  1.65941625E-01 -7.27420819E-01  0.00000000E+00
 1.20084504E+00 -4.61653778E-01 -1.87956013E+00  0.00000000E+00  5.09594569E+00
 1.02389369E-01 -1.64857601E+00  0.00000000E+00  1.29027322E-01  2.67912562E-02
-4.12585914E-02  0.00000000E+00 -1.50742511E-01 -7.43976222E-01  5.96458518E-01
 1.82512010E-02  0.00000000E+00  0.00000000E+00 -5.78076812E-01 -1.55081914E+00
-1.27417916E+00 -3.36901449E-02  0.00000000E+00  0.00000000E+00 -5.35447578E-01
-3.29473238E+00 -1.31158003E+00 -4.13005461E-02 -1.87529558E+00  0.00000000E+00
 2.52060263E-01  1.88367599E+00  5.01294287E-02  2.67227250E-02 -1.07414436E+00
 0.00000000E+00 -8.74409607E-02 -5.49425665E-01 -2.50250584E-01 -1.33062950E-01
-1.09390476E-01  0.00000000E+00  2.47602355E-01  1.14158596E-01 -4.92625551E-01
-2.98604636E-01 -1.31400815E-01  0.00000000E+00 
 1.84143180E-02  6.58021134E-03 -3.90911633E-01  1.21593248E-02 -0.00000000E+00
-1.06965898E+00  3.53148378E+00  1.41317178E-01 -0.00000000E+00  1.15653150E+00
-1.42453484E-01  3.04444720E-03 -0.00000000E+00  7.69103109E-02 -1.38689784E-01
-5.29154605E-03 -0.00000000E+00 -2.27820082E-01 -1.32554757E-01  2.19161981E-01
-1.21859902E+00 -0.00000000E+00 -0.00000000E+00 -6.07196841E-01 -5.69964624E-01
-3.66622783E-01 -5.65127263E-01 -0.00000000E+00 -0.00000000E+00  7.49920576E-02
 4.27409972E-01 -2.16386578E-01 -7.36539794E-01  2.92589158E-02 -0.00000000E+00
 2.05976903E-02  3.73066004E-01 -1.73085329E-01  1.25613147E-01 -1.64591226E-01
-0.00000000E+00  8.90054971E-01  1.99090476E+00 -6.99249747E-01  1.27157403E+00
 8.42828623E-02 -0.00000000E+00 -7.09940862E-01 -1.20921130E+00  4.79881333E-01
 7.96990332E-01  4.90433100E-02 -0.00000000E+00 
-7.13572240E-02 -3.11742159E-02  6.56639234E-02 -1.27197484E-01 -0.00000000E+00
 4.16145731E+00  1.14783170E+00 -1.62945523E+00 -0.00000000E+00 -2.33058962E+00
-1.02670973E-02 -3.34991778E-02 -0.00000000E+00 -2.30541762E-01 -4.90282744E-02
 1.08606170E-01 -0.00000000E+00  1.56098709E+00 -2.89129539E-01 -6.90167247E-01
-2.73307964E-01 -0.00000000E+00 -0.00000000E+00  2.43180338E+00 -2.05728490E-01
 6.38411228E-01 -6.89312537E-02 -0.00000000E+00 -0.00000000E+00 -5.68463589E-01
-1.03885296E-01  5.43657860E-01 -6.24248717E-02 -5.61929154E-01 -0.00000000E+00
 2.31055987E-01  9.27495846E-01 -1.11996053E-01 -2.82581456E-02 -3.86057737E-01
-0.00000000E+00 -5.83339270E-01 -1.97418568E+00  3.82890581E-01 -8.72499733E-01
-4.09858053E-01 -0.00000000E+00 -1.21990780E+00 -3.29597281E+00  7.43921097E-01
 1.53121500E+00 -5.46984014E-01 -0.00000000E+00 
 5.73934063E-02  1.03259143E-01 -3.85116244E-02  7.97630338E-01  0.00000000E+00
-7.85801164E+00 -5.10866140E-01  3.22547995E+00  0.00000000E+00  2.71982449E-01
-9.63988844E-02  1.04308837E+00  0.00000000E+00  2.76173483E-01  2.21355546E-02
-1.26533332E-02  0.00000000E+00  7.43230000E-01 -1.63483857E+00  6.84649735E-01
 2.08287576E-01  0.00000000E+00  0.00000000E+00 -1.73059795E-01 -2.95092313E+00
-2.86333246E-01  1.84030312E-01  0.00000000E+00  0.00000000E+00  3.05672001E+00
 8.10654685E+00 -5.12799756E-01 -2.95784826E-01  2.37696739E+00  0.00000000E+00
 2.90558420E-01  1.86198832E+00 -8.06999893E-01 -5.90369781E-02 -7.31812448E-01
 0.00000000E+00 -7.98040381E-02 -2.01949355E-01  1.61708223E-01 -9.20706922E-02
-9.53155325E-02  0.00000000E+00  3.38703542E-02 -1.46659773E-01  1.46367009E-01
 1.83153108E-03 -6.41653398E-02  0.00000000E+00 
-1.18120414E-01 -1.88146325E+00 -9.22992284E-03  1.26584257E-01 -0.00000000E+00
 4.88623387E+00 -2.47304113E-01  8.52079720E-01 -0.00000000E+00  6.56139785E+00
-2.52854808E-02  9.70113516E-02 -0.00000000E+00  5.64446410E-02  8.35478426E-03
-5.04516911E-02 -0.00000000E+00 -3.21113679E+00 -3.45129289E+00 -3.16225618E+00
 4.76121195E-02 -0.00000000E+00 -0.00000000E+00 -2.94513450E+00 -2.85248365E+00
-2.58357051E+00  3.66258377E-02 -0.00000000E+00 -0.00000000E+00  5.14479869E-01
 1.59691478E+00 -7.47255070E-01 -5.12736251E-02  5.65943722E-01 -0.00000000E+00
-9.72775955E-02  2.94518622E-01 -4.38625946E-01  1.20658913E-03 -1.14066702E-02
-0.00000000E+00 -5.29527146E-02  4.70420557E-01 -4.18066500E-01  4.22666514E-02
 3.86457498E-02 -0.00000000E+00  2.39410372E-02  6.89735138E-01 -4.35320755E-01
-1.56086972E-01  7.09413363E-02 -0.00000000E+00 
 2.53069434E+00 -4.42021262E+00  1.80255529E-03  3.40470835E-02  0.00000000E+00
 6.11290012E+00 -4.71990691E-02  2.14375769E-01  0.00000000E+00  6.90730339E+00
 5.81896102E-02 -4.23429477E-01  0.00000000E+00 -9.01138768E-02 -8.09557645E-05
-1.17138751E-01  0.00000000E+00 -2.47471716E+00 -2.58316396E+00 -2.66344568E+00
 2.12291340E-02  0.00000000E+00  0.00000000E+00 -2.18754995E+00 -1.66100176E+00
-2.48775285E+00 -2.75685385E-02  0.00000000E+00  0.00000000E+00 -1.46481453E-02
-3.88291672E-01 -1.14834521E+00  2.18901343E-02  2.93763662E-01  0.00000000E+00
-1.26055637E-01 -6.72407016E-01 -4.45382805E-04  1.75456928E-02  3.20596739E-01
 0.00000000E+00 -1.14142004E-01 -3.08696485E-01 -2.93245772E-01 -2.33850290E-01
-4.74410179E-02  0.00000000E+00 -1.41369407E-01 -2.90911639E-01 -2.98988942E-01
 1.85779551E-01 -3.12893358E-02  0.00000000E+00
