
 1.0000001268389151E+00 

 1.0000007040758223E+00 

 9.9999981794888149E-01 

 9.9999981794888149E-01 

 9.9999981794888149E-01 

 1.0000000000000002E+00 

 1.0000000000000000E+00 

 1.0000000000000000E+00 

 1.0000000000000000E+00 

 1.0000000000000000E+00 

 1.0000000000000000E+00 

 1.0000000000000000E+00 

 1.0000000000000000E+00 

 1.0000000000000000E+00 

 1.0000000000000000E+00 

 1.0000000000000000E+00 

 1.0000000000000000E+00 

 9.9999999999999978E-01 

 9.9999999999999978E-01 

 9.9999999999999978E-01 

 9.9999999999999978E-01 

 9.9999999999999978E-01 

 9.9999999999999978E-01 

 9.9999999999999978E-01 

 9.9999999999999978E-01 

 9.9999999999999978E-01 

 9.9999999999999978E-01 

 9.9999999999999978E-01 

 9.9999999999999978E-01 

 1.0000005703656010E+00 

 1.0000000000000000E+00 

 1.0000000000000002E+00 

 1.0000000000000002E+00 

 1.0000000000000002E+00 

 1.0000000000000002E+00 

 1.0000005703656010E+00 

 1.0000000000000000E+00 

 1.0000000000000002E+00 

 1.0000000000000002E+00 

 1.0000000000000002E+00 

 1.0000000000000002E+00 

 1.0000005703656010E+00 

 1.0000000000000000E+00 

 1.0000000000000002E+00 

 1.0000000000000002E+00 

 1.0000000000000002E+00 

 1.0000000000000002E+00 

 1.0000005703656010E+00 

 1.0000000000000000E+00 

 1.0000000000000002E+00 

 1.0000000000000002E+00 

 1.0000000000000002E+00 

 1.0000000000000002E+00 
