
 4563.2399999999997817  
 
 682.0240000000000009  
 
 154.9730000000000132  
 
 44.4553000000000011  
 
 13.0289999999999999  
 
 1.8277300000000001  
 
 20.9642000000000017  
 
 4.8033099999999997  
 
 1.4593300000000000  
 
 20.9642000000000017  
 
 4.8033099999999997  
 
 1.4593300000000000  
 
 20.9642000000000017  
 
 4.8033099999999997  
 
 1.4593300000000000  
 
 20.9642000000000017  
 
 4.8033099999999997  
 
 1.4593300000000000  
 
 0.4834560000000000  
 
 0.4834560000000000  
 
 0.4834560000000000  
 
 0.4834560000000000  
 
 0.1455850000000000  
 
 0.1455850000000000  
 
 0.1455850000000000  
 
 0.1455850000000000  
 
 0.0438000000000000  
 
 0.0438000000000000  
 
 0.0438000000000000  
 
 0.0438000000000000  
 
 1.2520000000000000  
 
 1.2520000000000000  
 
 1.2520000000000000  
 
 1.2520000000000000  
 
 1.2520000000000000  
 
 1.2520000000000000  
 
 0.3130000000000000  
 
 0.3130000000000000  
 
 0.3130000000000000  
 
 0.3130000000000000  
 
 0.3130000000000000  
 
 0.3130000000000000  
 
 33.8650000000000020  
 
 5.0947899999999997  
 
 1.1587900000000000  
 
 0.3258400000000000  
 
 0.1027410000000000  
 
 0.7500000000000000  
 
 0.7500000000000000  
 
 0.7500000000000000  
 
 33.8650000000000020  
 
 5.0947899999999997  
 
 1.1587900000000000  
 
 0.3258400000000000  
 
 0.1027410000000000  
 
 0.7500000000000000  
 
 0.7500000000000000  
 
 0.7500000000000000  
 
 33.8650000000000020  
 
 5.0947899999999997  
 
 1.1587900000000000  
 
 0.3258400000000000  
 
 0.1027410000000000  
 
 0.7500000000000000  
 
 0.7500000000000000  
 
 0.7500000000000000  
 
 33.8650000000000020  
 
 5.0947899999999997  
 
 1.1587900000000000  
 
 0.3258400000000000  
 
 0.1027410000000000  
 
 0.7500000000000000  
 
 0.7500000000000000  
 
 0.7500000000000000  
 