
 0.0019666500000000  
 
 0.0152306000000000  
 
 0.0761269000000000  
 
 0.2608010000000000  
 
 0.6164620000000000  
 
 0.2210060000000000  
 
 0.1146600000000000  
 
 0.9199990000000000  
 
 -0.0030306800000000  
 
 0.0402487000000000  
 
 0.2375940000000000  
 
 0.8158540000000000  
 
 0.0402487000000000  
 
 0.2375940000000000  
 
 0.8158540000000000  
 
 0.0402487000000000  
 
 0.2375940000000000  
 
 0.8158540000000000  
 
 1.0000000000000000  
 
 1.0000000000000000  
 
 1.0000000000000000  
 
 1.0000000000000000  
 
 1.0000000000000000  
 
 1.0000000000000000  
 
 1.0000000000000000  
 
 1.0000000000000000  
 
 1.0000000000000000  
 
 1.0000000000000000  
 
 1.0000000000000000  
 
 1.0000000000000000  
 
 1.0000000000000000  
 
 1.0000000000000000  
 
 1.0000000000000000  
 
 1.0000000000000000  
 
 1.0000000000000000  
 
 1.0000000000000000  
 
 0.0254938000000000  
 
 0.1903730000000000  
 
 0.8521609999999999  
 
 1.0000000000000000  
 
 1.0000000000000000  
 
 0.0254938000000000  
 
 0.1903730000000000  
 
 0.8521609999999999  
 
 1.0000000000000000  
 
 1.0000000000000000  
 
 0.0254938000000000  
 
 0.1903730000000000  
 
 0.8521609999999999  
 
 1.0000000000000000  
 
 1.0000000000000000  
 
 0.0254938000000000  
 
 0.1903730000000000  
 
 0.8521609999999999  
 
 1.0000000000000000  
 
 1.0000000000000000  
 