
 9.9999999295670983E-01 

 9.9999999634365211E-01 

 9.9999999757697422E-01 

 9.9999999400629358E-01 

 1.0000000031665246E+00 

 1.0000000005805190E+00 

 9.9999999937097583E-01 

 9.9999999925549599E-01 

 9.9999999968262965E-01 

 1.0000000001785425E+00 

 1.0000000001785425E+00 

 1.0000000001785425E+00 

 9.9999999357894698E-01 

 9.9999999357894698E-01 

 9.9999999357894698E-01 

 9.9999999902853243E-01 

 9.9999999902853243E-01 

 9.9999999902853243E-01 

 1.0000000020472832E+00 

 1.0000000020472832E+00 

 1.0000000020472832E+00 

 9.9999999935659734E-01 

 9.9999999935659734E-01 

 9.9999999935659734E-01 

 9.9999999935849027E-01 

 9.9999999935849027E-01 

 9.9999999935849027E-01 

 1.0000000013045010E+00 

 1.0000000013045010E+00 

 1.0000000013045010E+00 

 9.9999999920982674E-01 

 9.9999999920982674E-01 

 9.9999999920982674E-01 

 9.9999999508180770E-01 

 9.9999999508180770E-01 

 9.9999999508180770E-01 

 9.9999999508180748E-01 

 9.9999999508180748E-01 

 9.9999999508180748E-01 

 9.9999999563606123E-01 

 9.9999999563606123E-01 

 9.9999999563606123E-01 

 9.9999999563606101E-01 

 9.9999999563606101E-01 

 9.9999999563606101E-01 

 9.9999999707158649E-01 

 9.9999999707158649E-01 

 9.9999999707158649E-01 

 9.9999999707158649E-01 

 9.9999999707158649E-01 

 9.9999999707158649E-01 

 9.9999999909105308E-01 

 9.9999999909105308E-01 

 9.9999999909105308E-01 

 9.9999999909105330E-01 

 9.9999999909105330E-01 

 9.9999999909105330E-01 

 1.0000000000000000E+00 

 1.0000000000000000E+00 

 1.0000000000000000E+00 

 1.0000000000000000E+00 

 1.0000000000000000E+00 

 1.0000000000000000E+00 

 9.9999999580826482E-01 

 9.9999999580826482E-01 

 9.9999999580826482E-01 

 9.9999999580826482E-01 

 9.9999999580826482E-01 

 9.9999999580826482E-01 

 9.9999999580826482E-01 

 9.9999999580826482E-01 

 9.9999999580826482E-01 

 9.9999999580826460E-01 

 1.0000000047796715E+00 

 1.0000000047796715E+00 

 1.0000000047796715E+00 

 1.0000000047796715E+00 

 1.0000000047796715E+00 

 1.0000000047796715E+00 

 1.0000000047796715E+00 

 1.0000000047796715E+00 

 1.0000000047796715E+00 

 1.0000000047796718E+00 

 1.0000000000000002E+00 

 1.0000000000000002E+00 

 1.0000000000000002E+00 

 1.0000000000000002E+00 

 1.0000000000000002E+00 

 1.0000000000000004E+00 

 1.0000000000000002E+00 

 1.0000000000000004E+00 

 1.0000000000000004E+00 

 1.0000000000000004E+00 

 1.0000000000000004E+00 

 1.0000000000000004E+00 

 1.0000000000000002E+00 

 1.0000000000000002E+00 

 1.0000000000000002E+00 
