
 22628.5989999999983411  
 
 3372.3180999999999585  
 
 760.3504000000000360  
 
 211.7404799999999909  
 
 67.2234679999999969  
 
 23.3721770000000006  
 
 8.7213729999999998  
 
 3.4680909999999998  
 
 1.4521440000000001  
 
 0.6086150000000000  
 
 0.2576860000000000  
 
 0.1041760000000000  
 
 0.0424270000000000  
 
 0.0148490000000000  
 
 22628.5989999999983411  
 
 3372.3180999999999585  
 
 760.3504000000000360  
 
 211.7404799999999909  
 
 67.2234679999999969  
 
 23.3721770000000006  
 
 8.7213729999999998  
 
 3.4680909999999998  
 
 1.4521440000000001  
 
 0.6086150000000000  
 
 0.2576860000000000  
 
 0.1041760000000000  
 
 0.0424270000000000  
 
 0.0148490000000000  
 
 22628.5989999999983411  
 
 3372.3180999999999585  
 
 760.3504000000000360  
 
 211.7404799999999909  
 
 67.2234679999999969  
 
 23.3721770000000006  
 
 8.7213729999999998  
 
 3.4680909999999998  
 
 1.4521440000000001  
 
 0.6086150000000000  
 
 0.2576860000000000  
 
 0.1041760000000000  
 
 0.0424270000000000  
 
 0.0148490000000000  
 
 22628.5989999999983411  
 
 3372.3180999999999585  
 
 760.3504000000000360  
 
 211.7404799999999909  
 
 67.2234679999999969  
 
 23.3721770000000006  
 
 8.7213729999999998  
 
 3.4680909999999998  
 
 1.4521440000000001  
 
 0.6086150000000000  
 
 0.2576860000000000  
 
 0.1041760000000000  
 
 0.0424270000000000  
 
 0.0148490000000000  
 
 22628.5989999999983411  
 
 3372.3180999999999585  
 
 760.3504000000000360  
 
 211.7404799999999909  
 
 67.2234679999999969  
 
 23.3721770000000006  
 
 8.7213729999999998  
 
 3.4680909999999998  
 
 1.4521440000000001  
 
 0.6086150000000000  
 
 0.2576860000000000  
 
 0.1041760000000000  
 
 0.0424270000000000  
 
 0.0148490000000000  
 
 22628.5989999999983411  
 
 3372.3180999999999585  
 
 760.3504000000000360  
 
 211.7404799999999909  
 
 67.2234679999999969  
 
 23.3721770000000006  
 
 8.7213729999999998  
 
 3.4680909999999998  
 
 1.4521440000000001  
 
 0.6086150000000000  
 
 0.2576860000000000  
 
 0.1041760000000000  
 
 0.0424270000000000  
 
 0.0148490000000000  
 
 22628.5989999999983411  
 
 3372.3180999999999585  
 
 760.3504000000000360  
 
 211.7404799999999909  
 
 67.2234679999999969  
 
 23.3721770000000006  
 
 8.7213729999999998  
 
 3.4680909999999998  
 
 1.4521440000000001  
 
 0.6086150000000000  
 
 0.2576860000000000  
 
 0.1041760000000000  
 
 0.0424270000000000  
 
 0.0148490000000000  
 
 22628.5989999999983411  
 
 3372.3180999999999585  
 
 760.3504000000000360  
 
 211.7404799999999909  
 
 67.2234679999999969  
 
 23.3721770000000006  
 
 8.7213729999999998  
 
 3.4680909999999998  
 
 1.4521440000000001  
 
 0.6086150000000000  
 
 0.2576860000000000  
 
 0.1041760000000000  
 
 0.0424270000000000  
 
 0.0148490000000000  
 
 22628.5989999999983411  
 
 3372.3180999999999585  
 
 760.3504000000000360  
 
 211.7404799999999909  
 
 67.2234679999999969  
 
 23.3721770000000006  
 
 8.7213729999999998  
 
 3.4680909999999998  
 
 1.4521440000000001  
 
 0.6086150000000000  
 
 0.2576860000000000  
 
 0.1041760000000000  
 
 0.0424270000000000  
 
 0.0148490000000000  
 
 33.7101839999999982  
 
 8.0576495000000001  
 
 2.8364714000000002  
 
 1.0999657000000000  
 
 0.4433964000000000  
 
 0.1822264000000000  
 
 0.0757241000000000  
 
 0.0316854000000000  
 
 0.0110899000000000  
 
 33.7101839999999982  
 
 8.0576495000000001  
 
 2.8364714000000002  
 
 1.0999657000000000  
 
 0.4433964000000000  
 
 0.1822264000000000  
 
 0.0757241000000000  
 
 0.0316854000000000  
 
 0.0110899000000000  
 
 33.7101839999999982  
 
 8.0576495000000001  
 
 2.8364714000000002  
 
 1.0999657000000000  
 
 0.4433964000000000  
 
 0.1822264000000000  
 
 0.0757241000000000  
 
 0.0316854000000000  
 
 0.0110899000000000  
 
 33.7101839999999982  
 
 8.0576495000000001  
 
 2.8364714000000002  
 
 1.0999657000000000  
 
 0.4433964000000000  
 
 0.1822264000000000  
 
 0.0757241000000000  
 
 0.0316854000000000  
 
 0.0110899000000000  
 
 33.7101839999999982  
 
 8.0576495000000001  
 
 2.8364714000000002  
 
 1.0999657000000000  
 
 0.4433964000000000  
 
 0.1822264000000000  
 
 0.0757241000000000  
 
 0.0316854000000000  
 
 0.0110899000000000  
 
 33.7101839999999982  
 
 8.0576495000000001  
 
 2.8364714000000002  
 
 1.0999657000000000  
 
 0.4433964000000000  
 
 0.1822264000000000  
 
 0.0757241000000000  
 
 0.0316854000000000  
 
 0.0110899000000000  
 
 33.7101839999999982  
 
 8.0576495000000001  
 
 2.8364714000000002  
 
 1.0999657000000000  
 
 0.4433964000000000  
 
 0.1822264000000000  
 
 0.0757241000000000  
 
 0.0316854000000000  
 
 0.0110899000000000  
 
 33.7101839999999982  
 
 8.0576495000000001  
 
 2.8364714000000002  
 
 1.0999657000000000  
 
 0.4433964000000000  
 
 0.1822264000000000  
 
 0.0757241000000000  
 
 0.0316854000000000  
 
 0.0110899000000000  
 
 33.7101839999999982  
 
 8.0576495000000001  
 
 2.8364714000000002  
 
 1.0999657000000000  
 
 0.4433964000000000  
 
 0.1822264000000000  
 
 0.0757241000000000  
 
 0.0316854000000000  
 
 0.0110899000000000  
 
 33.7101839999999982  
 
 8.0576495000000001  
 
 2.8364714000000002  
 
 1.0999657000000000  
 
 0.4433964000000000  
 
 0.1822264000000000  
 
 0.0757241000000000  
 
 0.0316854000000000  
 
 0.0110899000000000  
 
 33.7101839999999982  
 
 8.0576495000000001  
 
 2.8364714000000002  
 
 1.0999657000000000  
 
 0.4433964000000000  
 
 0.1822264000000000  
 
 0.0757241000000000  
 
 0.0316854000000000  
 
 0.0110899000000000  
 
 33.7101839999999982  
 
 8.0576495000000001  
 
 2.8364714000000002  
 
 1.0999657000000000  
 
 0.4433964000000000  
 
 0.1822264000000000  
 
 0.0757241000000000  
 
 0.0316854000000000  
 
 0.0110899000000000  
 
 33.7101839999999982  
 
 8.0576495000000001  
 
 2.8364714000000002  
 
 1.0999657000000000  
 
 0.4433964000000000  
 
 0.1822264000000000  
 
 0.0757241000000000  
 
 0.0316854000000000  
 
 0.0110899000000000  
 
 33.7101839999999982  
 
 8.0576495000000001  
 
 2.8364714000000002  
 
 1.0999657000000000  
 
 0.4433964000000000  
 
 0.1822264000000000  
 
 0.0757241000000000  
 
 0.0316854000000000  
 
 0.0110899000000000  
 
 33.7101839999999982  
 
 8.0576495000000001  
 
 2.8364714000000002  
 
 1.0999657000000000  
 
 0.4433964000000000  
 
 0.1822264000000000  
 
 0.0757241000000000  
 
 0.0316854000000000  
 
 0.0110899000000000  
 
 33.7101839999999982  
 
 8.0576495000000001  
 
 2.8364714000000002  
 
 1.0999657000000000  
 
 0.4433964000000000  
 
 0.1822264000000000  
 
 0.0757241000000000  
 
 0.0316854000000000  
 
 0.0110899000000000  
 
 33.7101839999999982  
 
 8.0576495000000001  
 
 2.8364714000000002  
 
 1.0999657000000000  
 
 0.4433964000000000  
 
 0.1822264000000000  
 
 0.0757241000000000  
 
 0.0316854000000000  
 
 0.0110899000000000  
 
 33.7101839999999982  
 
 8.0576495000000001  
 
 2.8364714000000002  
 
 1.0999657000000000  
 
 0.4433964000000000  
 
 0.1822264000000000  
 
 0.0757241000000000  
 
 0.0316854000000000  
 
 0.0110899000000000  
 
 33.7101839999999982  
 
 8.0576495000000001  
 
 2.8364714000000002  
 
 1.0999657000000000  
 
 0.4433964000000000  
 
 0.1822264000000000  
 
 0.0757241000000000  
 
 0.0316854000000000  
 
 0.0110899000000000  
 
 33.7101839999999982  
 
 8.0576495000000001  
 
 2.8364714000000002  
 
 1.0999657000000000  
 
 0.4433964000000000  
 
 0.1822264000000000  
 
 0.0757241000000000  
 
 0.0316854000000000  
 
 0.0110899000000000  
 
 33.7101839999999982  
 
 8.0576495000000001  
 
 2.8364714000000002  
 
 1.0999657000000000  
 
 0.4433964000000000  
 
 0.1822264000000000  
 
 0.0757241000000000  
 
 0.0316854000000000  
 
 0.0110899000000000  
 
 33.7101839999999982  
 
 8.0576495000000001  
 
 2.8364714000000002  
 
 1.0999657000000000  
 
 0.4433964000000000  
 
 0.1822264000000000  
 
 0.0757241000000000  
 
 0.0316854000000000  
 
 0.0110899000000000  
 
 33.7101839999999982  
 
 8.0576495000000001  
 
 2.8364714000000002  
 
 1.0999657000000000  
 
 0.4433964000000000  
 
 0.1822264000000000  
 
 0.0757241000000000  
 
 0.0316854000000000  
 
 0.0110899000000000  
 
 33.7101839999999982  
 
 8.0576495000000001  
 
 2.8364714000000002  
 
 1.0999657000000000  
 
 0.4433964000000000  
 
 0.1822264000000000  
 
 0.0757241000000000  
 
 0.0316854000000000  
 
 0.0110899000000000  
 
 16.8185199999999995  
 
 4.8222300000000002  
 
 0.6012990000000000  
 
 0.1584490000000000  
 
 16.8185199999999995  
 
 4.8222300000000002  
 
 0.6012990000000000  
 
 0.1584490000000000  
 
 16.8185199999999995  
 
 4.8222300000000002  
 
 0.6012990000000000  
 
 0.1584490000000000  
 
 16.8185199999999995  
 
 4.8222300000000002  
 
 0.6012990000000000  
 
 0.1584490000000000  
 
 16.8185199999999995  
 
 4.8222300000000002  
 
 0.6012990000000000  
 
 0.1584490000000000  
 
 16.8185199999999995  
 
 4.8222300000000002  
 
 0.6012990000000000  
 
 0.1584490000000000  
 
 16.8185199999999995  
 
 4.8222300000000002  
 
 0.6012990000000000  
 
 0.1584490000000000  
 
 16.8185199999999995  
 
 4.8222300000000002  
 
 0.6012990000000000  
 
 0.1584490000000000  
 
 16.8185199999999995  
 
 4.8222300000000002  
 
 0.6012990000000000  
 
 0.1584490000000000  
 
 16.8185199999999995  
 
 4.8222300000000002  
 
 0.6012990000000000  
 
 0.1584490000000000  
 
 16.8185199999999995  
 
 4.8222300000000002  
 
 0.6012990000000000  
 
 0.1584490000000000  
 
 16.8185199999999995  
 
 4.8222300000000002  
 
 0.6012990000000000  
 
 0.1584490000000000  
 
 16.8185199999999995  
 
 4.8222300000000002  
 
 0.6012990000000000  
 
 0.1584490000000000  
 
 16.8185199999999995  
 
 4.8222300000000002  
 
 0.6012990000000000  
 
 0.1584490000000000  
 
 16.8185199999999995  
 
 4.8222300000000002  
 
 0.6012990000000000  
 
 0.1584490000000000  
 
 16.8185199999999995  
 
 4.8222300000000002  
 
 0.6012990000000000  
 
 0.1584490000000000  
 
 16.8185199999999995  
 
 4.8222300000000002  
 
 0.6012990000000000  
 
 0.1584490000000000  
 
 16.8185199999999995  
 
 4.8222300000000002  
 
 0.6012990000000000  
 
 0.1584490000000000  
 
 16.8185199999999995  
 
 4.8222300000000002  
 
 0.6012990000000000  
 
 0.1584490000000000  
 
 16.8185199999999995  
 
 4.8222300000000002  
 
 0.6012990000000000  
 
 0.1584490000000000  
 
 16.8185199999999995  
 
 4.8222300000000002  
 
 0.6012990000000000  
 
 0.1584490000000000  
 
 16.8185199999999995  
 
 4.8222300000000002  
 
 0.6012990000000000  
 
 0.1584490000000000  
 
 16.8185199999999995  
 
 4.8222300000000002  
 
 0.6012990000000000  
 
 0.1584490000000000  
 
 16.8185199999999995  
 
 4.8222300000000002  
 
 0.6012990000000000  
 
 0.1584490000000000  
 
 0.0633790000000000  
 
 0.0633790000000000  
 
 0.0633790000000000  
 
 0.0633790000000000  
 
 0.0633790000000000  
 
 0.0633790000000000  
 
 12.0076090000000004  
 
 0.4115559000000000  
 
 12.0076090000000004  
 
 0.4115559000000000  
 
 12.0076090000000004  
 
 0.4115559000000000  
 
 12.0076090000000004  
 
 0.4115559000000000  
 
 12.0076090000000004  
 
 0.4115559000000000  
 
 12.0076090000000004  
 
 0.4115559000000000  
 
 12.0076090000000004  
 
 0.4115559000000000  
 
 12.0076090000000004  
 
 0.4115559000000000  
 
 12.0076090000000004  
 
 0.4115559000000000  
 
 12.0076090000000004  
 
 0.4115559000000000  
 
 12.0076090000000004  
 
 0.4115559000000000  
 
 12.0076090000000004  
 
 0.4115559000000000  
 
 12.0076090000000004  
 
 0.4115559000000000  
 
 12.0076090000000004  
 
 0.4115559000000000  
 
 12.0076090000000004  
 
 0.4115559000000000  
 
 12.0076090000000004  
 
 0.4115559000000000  
 
 12.0076090000000004  
 
 0.4115559000000000  
 
 12.0076090000000004  
 
 0.4115559000000000  
 
 12.0076090000000004  
 
 0.4115559000000000  
 
 12.0076090000000004  
 
 0.4115559000000000  
 
 0.5144440000000000  
 
 0.5144440000000000  
 
 0.5144440000000000  
 
 0.5144440000000000  
 
 0.5144440000000000  
 
 0.5144440000000000  
 
 0.5144440000000000  
 
 0.5144440000000000  
 
 0.5144440000000000  
 
 0.5144440000000000  
 
 0.5144440000000000  
 
 0.5144440000000000  
 
 0.5144440000000000  
 
 0.5144440000000000  
 
 0.5144440000000000  
 