
 0.0000844400000000  
 
 0.0004601500000000  
 
 0.0022853900000000  
 
 0.0096481300000000  
 
 0.0349447000000000  
 
 0.1061099900000000  
 
 0.2458240400000000  
 
 0.3862428800000000  
 
 0.3105526100000000  
 
 0.0641593400000000  
 
 -0.0022650500000000  
 
 -0.0005217500000000  
 
 -0.0008757500000000  
 
 0.0001242200000000  
 
 -0.0000158700000000  
 
 -0.0000865700000000  
 
 -0.0004302200000000  
 
 -0.0018250800000000  
 
 -0.0066827500000000  
 
 -0.0209512000000000  
 
 -0.0520030900000000  
 
 -0.0984917700000000  
 
 -0.1355800700000000  
 
 -0.0642987600000000  
 
 0.3125415000000000  
 
 0.6270468600000000  
 
 0.2110231500000000  
 
 -0.0041046700000000  
 
 0.0000316000000000  
 
 0.0001745200000000  
 
 0.0008537400000000  
 
 0.0037788200000000  
 
 0.0143617200000000  
 
 0.0555724000000000  
 
 0.1339768900000000  
 
 0.1243995200000000  
 
 0.0950146300000000  
 
 0.0332949900000000  
 
 -1.2477413200000000  
 
 0.0379368800000000  
 
 1.1209255700000000  
 
 -0.0422478300000000  
 
 -0.0001297800000000  
 
 -0.0007275000000000  
 
 -0.0035056500000000  
 
 -0.0164092100000000  
 
 -0.0677271700000000  
 
 -0.3279168600000000  
 
 -0.7101764400000000  
 
 0.1578103400000000  
 
 0.9204684900000000  
 
 0.3619962900000000  
 
 -0.7267175000000000  
 
 -0.3371290400000000  
 
 0.5750301200000000  
 
 -0.0250369300000000  
 
 0.0000980400000000  
 
 0.0005942000000000  
 
 0.0025486200000000  
 
 0.0151109500000000  
 
 0.0712725600000000  
 
 0.4588460400000000  
 
 0.1538735800000000  
 
 -0.8404224400000000  
 
 -0.6087749900000000  
 
 1.5316768999999999  
 
 0.6681229100000000  
 
 -2.6756861999999999  
 
 1.7257790700000000  
 
 -0.0499308700000000  
 
 -0.0001768600000000  
 
 -0.0009547800000000  
 
 -0.0050452500000000  
 
 -0.0253777200000000  
 
 -0.1824070300000000  
 
 -0.9703155200000000  
 
 0.8020193400000000  
 
 1.4895941100000001  
 
 -2.3122338800000000  
 
 0.1495052500000000  
 
 2.3469518900000002  
 
 -2.7226397499999999  
 
 1.1587696599999999  
 
 0.1263133000000000  
 
 0.0001229500000000  
 
 0.0003524100000000  
 
 0.0045822900000000  
 
 0.0085838000000000  
 
 0.1892851400000000  
 
 0.4814491100000000  
 
 -1.1395369799999999  
 
 0.2498653100000000  
 
 1.8270147999999999  
 
 -3.1362898299999999  
 
 2.1928710599999999  
 
 0.3240280900000000  
 
 -2.2307752800000000  
 
 1.7771901500000000  
 
 -0.0002230100000000  
 
 -0.0002145200000000  
 
 -0.0098574100000000  
 
 -0.0038301100000000  
 
 -0.4499674300000000  
 
 -0.5395988400000000  
 
 2.3466359500000000  
 
 -2.4742307100000001  
 
 0.0155607900000000  
 
 3.3939968999999999  
 
 -5.3280254400000002  
 
 5.3591422000000000  
 
 -3.8644037700000000  
 
 1.5782107900000000  
 
 0.0003869300000000  
 
 -0.0003792300000000  
 
 0.0201082600000000  
 
 -0.0151846500000000  
 
 1.0049001500000001  
 
 -0.6654545800000000  
 
 -1.9227703500000000  
 
 5.3910486700000000  
 
 -7.8902985599999997  
 
 8.4053563100000002  
 
 -7.0130973100000000  
 
 4.7680903600000004  
 
 -2.5266219599999999  
 
 0.7658208200000000  
 
 0.0010699600000000  
 
 0.0068285500000000  
 
 0.0211906500000000  
 
 0.0584369600000000  
 
 0.2020920800000000  
 
 0.4582953100000000  
 
 0.3691239600000000  
 
 0.0661147100000000  
 
 0.0014051600000000  
 
 0.0010699600000000  
 
 0.0068285500000000  
 
 0.0211906500000000  
 
 0.0584369600000000  
 
 0.2020920800000000  
 
 0.4582953100000000  
 
 0.3691239600000000  
 
 0.0661147100000000  
 
 0.0014051600000000  
 
 0.0010699600000000  
 
 0.0068285500000000  
 
 0.0211906500000000  
 
 0.0584369600000000  
 
 0.2020920800000000  
 
 0.4582953100000000  
 
 0.3691239600000000  
 
 0.0661147100000000  
 
 0.0014051600000000  
 
 -0.0165960000000000  
 
 -0.1199711400000000  
 
 -0.1310962300000000  
 
 0.0107163200000000  
 
 -0.2331304400000000  
 
 -0.7131138299999999  
 
 0.6472505500000000  
 
 0.5785638600000000  
 
 -0.0171280200000000  
 
 -0.0165960000000000  
 
 -0.1199711400000000  
 
 -0.1310962300000000  
 
 0.0107163200000000  
 
 -0.2331304400000000  
 
 -0.7131138299999999  
 
 0.6472505500000000  
 
 0.5785638600000000  
 
 -0.0171280200000000  
 
 -0.0165960000000000  
 
 -0.1199711400000000  
 
 -0.1310962300000000  
 
 0.0107163200000000  
 
 -0.2331304400000000  
 
 -0.7131138299999999  
 
 0.6472505500000000  
 
 0.5785638600000000  
 
 -0.0171280200000000  
 
 0.0648661500000000  
 
 0.4661161700000000  
 
 0.4892121600000000  
 
 0.1374201600000000  
 
 -0.1558999000000000  
 
 -0.4094297500000000  
 
 0.1754620300000000  
 
 0.2218408000000000  
 
 -0.0072918900000000  
 
 0.0648661500000000  
 
 0.4661161700000000  
 
 0.4892121600000000  
 
 0.1374201600000000  
 
 -0.1558999000000000  
 
 -0.4094297500000000  
 
 0.1754620300000000  
 
 0.2218408000000000  
 
 -0.0072918900000000  
 
 0.0648661500000000  
 
 0.4661161700000000  
 
 0.4892121600000000  
 
 0.1374201600000000  
 
 -0.1558999000000000  
 
 -0.4094297500000000  
 
 0.1754620300000000  
 
 0.2218408000000000  
 
 -0.0072918900000000  
 
 -0.1527821900000000  
 
 -0.6644278300000001  
 
 0.1894801300000000  
 
 0.7212946900000000  
 
 0.3457457400000000  
 
 -0.8085724200000000  
 
 -0.0358061500000000  
 
 0.3735508100000000  
 
 -0.0416492900000000  
 
 -0.1527821900000000  
 
 -0.6644278300000001  
 
 0.1894801300000000  
 
 0.7212946900000000  
 
 0.3457457400000000  
 
 -0.8085724200000000  
 
 -0.0358061500000000  
 
 0.3735508100000000  
 
 -0.0416492900000000  
 
 -0.1527821900000000  
 
 -0.6644278300000001  
 
 0.1894801300000000  
 
 0.7212946900000000  
 
 0.3457457400000000  
 
 -0.8085724200000000  
 
 -0.0358061500000000  
 
 0.3735508100000000  
 
 -0.0416492900000000  
 
 0.3206866200000000  
 
 0.6680262100000000  
 
 -1.1819420000000000  
 
 0.0849890700000000  
 
 1.3212909600000000  
 
 -0.9294877300000000  
 
 -0.4589595100000000  
 
 0.8188023400000000  
 
 -0.1805828700000000  
 
 0.3206866200000000  
 
 0.6680262100000000  
 
 -1.1819420000000000  
 
 0.0849890700000000  
 
 1.3212909600000000  
 
 -0.9294877300000000  
 
 -0.4589595100000000  
 
 0.8188023400000000  
 
 -0.1805828700000000  
 
 0.3206866200000000  
 
 0.6680262100000000  
 
 -1.1819420000000000  
 
 0.0849890700000000  
 
 1.3212909600000000  
 
 -0.9294877300000000  
 
 -0.4589595100000000  
 
 0.8188023400000000  
 
 -0.1805828700000000  
 
 -0.6016191100000000  
 
 0.0246330400000000  
 
 1.2455337399999999  
 
 -2.1849997600000002  
 
 1.6285227700000000  
 
 0.0785173200000000  
 
 -1.4988257899999999  
 
 1.4388982699999999  
 
 -0.4331138500000000  
 
 -0.6016191100000000  
 
 0.0246330400000000  
 
 1.2455337399999999  
 
 -2.1849997600000002  
 
 1.6285227700000000  
 
 0.0785173200000000  
 
 -1.4988257899999999  
 
 1.4388982699999999  
 
 -0.4331138500000000  
 
 -0.6016191100000000  
 
 0.0246330400000000  
 
 1.2455337399999999  
 
 -2.1849997600000002  
 
 1.6285227700000000  
 
 0.0785173200000000  
 
 -1.4988257899999999  
 
 1.4388982699999999  
 
 -0.4331138500000000  
 
 0.8400451799999999  
 
 -1.1753388499999999  
 
 0.9545097500000000  
 
 0.1286744300000000  
 
 -1.6534503500000000  
 
 2.8569515600000002  
 
 -3.0994833399999999  
 
 2.0723873500000001  
 
 -0.6302484000000000  
 
 0.8400451799999999  
 
 -1.1753388499999999  
 
 0.9545097500000000  
 
 0.1286744300000000  
 
 -1.6534503500000000  
 
 2.8569515600000002  
 
 -3.0994833399999999  
 
 2.0723873500000001  
 
 -0.6302484000000000  
 
 0.8400451799999999  
 
 -1.1753388499999999  
 
 0.9545097500000000  
 
 0.1286744300000000  
 
 -1.6534503500000000  
 
 2.8569515600000002  
 
 -3.0994833399999999  
 
 2.0723873500000001  
 
 -0.6302484000000000  
 
 -0.7216286900000000  
 
 1.5459317100000001  
 
 -2.6248339399999998  
 
 3.5010913399999999  
 
 -3.8776345000000001  
 
 3.6853532699999998  
 
 -2.9407299800000000  
 
 1.6778417400000001  
 
 -0.4920217800000000  
 
 -0.7216286900000000  
 
 1.5459317100000001  
 
 -2.6248339399999998  
 
 3.5010913399999999  
 
 -3.8776345000000001  
 
 3.6853532699999998  
 
 -2.9407299800000000  
 
 1.6778417400000001  
 
 -0.4920217800000000  
 
 -0.7216286900000000  
 
 1.5459317100000001  
 
 -2.6248339399999998  
 
 3.5010913399999999  
 
 -3.8776345000000001  
 
 3.6853532699999998  
 
 -2.9407299800000000  
 
 1.6778417400000001  
 
 -0.4920217800000000  
 
 0.0006684200000000  
 
 0.0124952300000000  
 
 0.2026941700000000  
 
 0.8852318100000000  
 
 0.0006684200000000  
 
 0.0124952300000000  
 
 0.2026941700000000  
 
 0.8852318100000000  
 
 0.0006684200000000  
 
 0.0124952300000000  
 
 0.2026941700000000  
 
 0.8852318100000000  
 
 0.0006684200000000  
 
 0.0124952300000000  
 
 0.2026941700000000  
 
 0.8852318100000000  
 
 0.0006684200000000  
 
 0.0124952300000000  
 
 0.2026941700000000  
 
 0.8852318100000000  
 
 0.0006684200000000  
 
 0.0124952300000000  
 
 0.2026941700000000  
 
 0.8852318100000000  
 
 -0.2631885400000000  
 
 -0.7549382800000000  
 
 -0.2836919600000000  
 
 0.2447139200000000  
 
 -0.2631885400000000  
 
 -0.7549382800000000  
 
 -0.2836919600000000  
 
 0.2447139200000000  
 
 -0.2631885400000000  
 
 -0.7549382800000000  
 
 -0.2836919600000000  
 
 0.2447139200000000  
 
 -0.2631885400000000  
 
 -0.7549382800000000  
 
 -0.2836919600000000  
 
 0.2447139200000000  
 
 -0.2631885400000000  
 
 -0.7549382800000000  
 
 -0.2836919600000000  
 
 0.2447139200000000  
 
 -0.2631885400000000  
 
 -0.7549382800000000  
 
 -0.2836919600000000  
 
 0.2447139200000000  
 
 0.2848470700000000  
 
 0.2257336200000000  
 
 -1.0728581300000000  
 
 0.6688334500000001  
 
 0.2848470700000000  
 
 0.2257336200000000  
 
 -1.0728581300000000  
 
 0.6688334500000001  
 
 0.2848470700000000  
 
 0.2257336200000000  
 
 -1.0728581300000000  
 
 0.6688334500000001  
 
 0.2848470700000000  
 
 0.2257336200000000  
 
 -1.0728581300000000  
 
 0.6688334500000001  
 
 0.2848470700000000  
 
 0.2257336200000000  
 
 -1.0728581300000000  
 
 0.6688334500000001  
 
 0.2848470700000000  
 
 0.2257336200000000  
 
 -1.0728581300000000  
 
 0.6688334500000001  
 
 -1.1156755100000000  
 
 0.9154048100000000  
 
 -0.3244003500000000  
 
 0.1568874000000000  
 
 -1.1156755100000000  
 
 0.9154048100000000  
 
 -0.3244003500000000  
 
 0.1568874000000000  
 
 -1.1156755100000000  
 
 0.9154048100000000  
 
 -0.3244003500000000  
 
 0.1568874000000000  
 
 -1.1156755100000000  
 
 0.9154048100000000  
 
 -0.3244003500000000  
 
 0.1568874000000000  
 
 -1.1156755100000000  
 
 0.9154048100000000  
 
 -0.3244003500000000  
 
 0.1568874000000000  
 
 -1.1156755100000000  
 
 0.9154048100000000  
 
 -0.3244003500000000  
 
 0.1568874000000000  
 
 1.0000000000000000  
 
 1.0000000000000000  
 
 1.0000000000000000  
 
 1.0000000000000000  
 
 1.0000000000000000  
 
 1.0000000000000000  
 
 0.0063566400000000  
 
 0.9999173300000000  
 
 0.0063566400000000  
 
 0.9999173300000000  
 
 0.0063566400000000  
 
 0.9999173300000000  
 
 0.0063566400000000  
 
 0.9999173300000000  
 
 0.0063566400000000  
 
 0.9999173300000000  
 
 0.0063566400000000  
 
 0.9999173300000000  
 
 0.0063566400000000  
 
 0.9999173300000000  
 
 0.0063566400000000  
 
 0.9999173300000000  
 
 0.0063566400000000  
 
 0.9999173300000000  
 
 0.0063566400000000  
 
 0.9999173300000000  
 
 -1.0000280900000000  
 
 0.0161845200000000  
 
 -1.0000280900000000  
 
 0.0161845200000000  
 
 -1.0000280900000000  
 
 0.0161845200000000  
 
 -1.0000280900000000  
 
 0.0161845200000000  
 
 -1.0000280900000000  
 
 0.0161845200000000  
 
 -1.0000280900000000  
 
 0.0161845200000000  
 
 -1.0000280900000000  
 
 0.0161845200000000  
 
 -1.0000280900000000  
 
 0.0161845200000000  
 
 -1.0000280900000000  
 
 0.0161845200000000  
 
 -1.0000280900000000  
 
 0.0161845200000000  
 
 1.0000000000000000  
 
 1.0000000000000000  
 
 1.0000000000000000  
 
 1.0000000000000000  
 
 1.0000000000000000  
 
 1.0000000000000000  
 
 1.0000000000000000  
 
 1.0000000000000000  
 
 1.0000000000000000  
 
 1.0000000000000000  
 
 1.0000000000000000  
 
 1.0000000000000000  
 
 1.0000000000000000  
 
 1.0000000000000000  
 
 1.0000000000000000  
 