  0.2720680E+00  0.4647970E+00  0.4158620E+00 -0.0000000E+00 -0.0000000E+00
 -0.0000000E+00
 -0.1661260E+00 -0.1128127E+01  0.1411486E+01 -0.0000000E+00 -0.0000000E+00
 -0.0000000E+00
 -0.0000000E+00 -0.0000000E+00 -0.0000000E+00 -0.9650000E-03 -0.2436900E-01
  0.9997030E+00
  0.0000000E+00  0.0000000E+00  0.0000000E+00  0.9992170E+00 -0.3956900E-01
  0.0000000E+00
  0.0000000E+00  0.0000000E+00  0.0000000E+00  0.3955800E-01  0.9989200E+00
  0.2438800E-01
 -0.1439317E+01  0.1722335E+01 -0.7187210E+00 -0.0000000E+00 -0.0000000E+00
 -0.0000000E+00
