0.0254938145410000
0.1903731085820000
0.8521614860430000
1.0000000000000000
1.0000000000000000
1.0000000000000000
1.0000000000000000
1.0000000000000000
1.0000000000000000
0.0007380002470000
0.0057180019100000
0.0294950098530000
0.1172860391810000
0.3629491212470000
0.5841491951410001
0.1341769733880000
0.6242498761870000
0.2917559421340000
1.0000000000000000
1.0000000000000000
1.0000000000000000
1.0000000000000000
0.0023909996850000
0.0185039975630000
0.0813769892840000
0.2215519708250000
0.7725688982640000
0.0023909996850000
0.0185039975630000
0.0813769892840000
0.2215519708250000
0.7725688982640000
0.0023909996850000
0.0185039975630000
0.0813769892840000
0.2215519708250000
0.7725688982640000
-1.5722438125889999
0.9923888817080000
-1.5722438125889999
0.9923888817080000
-1.5722438125889999
0.9923888817080000
1.0000000000000000
1.0000000000000000
1.0000000000000000
1.0000000000000000
1.0000000000000000
1.0000000000000000
1.0000000000000000
1.0000000000000000
1.0000000000000000
1.0000000000000000
1.0000000000000000
1.0000000000000000
1.0000000000000000
1.0000000000000000
1.0000000000000000
1.0000000000000000
1.0000000000000000
1.0000000000000000
1.0000000000000000
