
 1.0000000011243959E+00 

 1.0000000083805807E+00 

 9.9999999744559220E-01 

 9.9999999682505414E-01 

 1.0000000005584841E+00 

 9.9999999722961652E-01 

 1.0000000005450691E+00 

 9.9999999700850251E-01 

 1.0000000030625882E+00 

 1.0000000030625882E+00 

 1.0000000030625882E+00 

 1.0000000016000972E+00 

 1.0000000016000972E+00 

 1.0000000016000972E+00 

 9.9999999963284614E-01 

 9.9999999963284614E-01 

 9.9999999963284614E-01 

 1.0000000018115411E+00 

 1.0000000018115411E+00 

 1.0000000018115411E+00 

 1.0000000015911217E+00 

 1.0000000015911217E+00 

 1.0000000015911217E+00 

 9.9999999874989176E-01 

 9.9999999874989176E-01 

 9.9999999874989176E-01 

 9.9999999721692157E-01 

 9.9999999721692157E-01 

 9.9999999721692157E-01 

 9.9999999833085940E-01 

 9.9999999833085940E-01 

 9.9999999833085940E-01 

 1.0000000015672850E+00 

 1.0000000015672850E+00 

 1.0000000015672850E+00 

 1.0000000015672852E+00 

 1.0000000015672852E+00 

 1.0000000015672852E+00 

 1.0000000015575596E+00 

 1.0000000015575596E+00 

 1.0000000015575596E+00 

 1.0000000015575596E+00 

 1.0000000015575596E+00 

 1.0000000015575596E+00 

 1.0000000009800327E+00 

 1.0000000009800327E+00 

 1.0000000009800327E+00 

 1.0000000009800327E+00 

 1.0000000009800327E+00 

 1.0000000009800327E+00 

 1.0000000021057676E+00 

 1.0000000021057676E+00 

 1.0000000021057676E+00 

 1.0000000021057684E+00 

 1.0000000021057684E+00 

 1.0000000021057684E+00 

 1.0000000010823211E+00 

 1.0000000010823211E+00 

 1.0000000010823211E+00 

 1.0000000010823211E+00 

 1.0000000010823211E+00 

 1.0000000010823211E+00 

 1.0000000010823211E+00 

 1.0000000010823211E+00 

 1.0000000010823211E+00 

 1.0000000010823211E+00 

 9.9999999935144013E-01 

 9.9999999935144013E-01 

 9.9999999935144013E-01 

 9.9999999935144013E-01 

 9.9999999935144013E-01 

 9.9999999935144013E-01 

 9.9999999935144013E-01 

 9.9999999935144013E-01 

 9.9999999935144013E-01 

 9.9999999935144013E-01 

 9.9999999842801457E-01 

 9.9999999842801457E-01 

 9.9999999842801457E-01 

 9.9999999842801435E-01 

 9.9999999842801435E-01 

 9.9999999842801435E-01 

 9.9999999842801435E-01 

 9.9999999842801435E-01 

 9.9999999842801435E-01 

 9.9999999842801479E-01 

 1.0000000028073244E+00 

 9.9999999570344156E-01 

 9.9999999769040926E-01 

 1.0000000538597380E+00 

 9.9999997199852009E-01 

 9.9999997117357486E-01 

 9.9999999608421608E-01 

 9.9999999608421608E-01 

 9.9999999608421608E-01 

 9.9999998474067731E-01 

 9.9999998474067731E-01 

 9.9999998474067731E-01 

 9.9999995144983200E-01 

 9.9999995144983200E-01 

 9.9999995144983200E-01 

 1.0000000662183275E+00 

 1.0000000662183275E+00 

 1.0000000662183275E+00 

 9.9999999645276860E-01 

 9.9999999645276860E-01 

 9.9999999645276860E-01 

 9.9999999645276860E-01 

 9.9999999645276860E-01 

 9.9999999645276860E-01 

 1.0000000118680916E+00 

 1.0000000118680916E+00 

 1.0000000118680916E+00 

 1.0000000118680918E+00 

 1.0000000118680918E+00 

 1.0000000118680918E+00 

 9.9999997412398400E-01 

 9.9999997412398400E-01 

 9.9999997412398400E-01 

 9.9999997412398312E-01 

 9.9999997412398312E-01 

 9.9999997412398312E-01 

 9.9999999999999978E-01 

 9.9999999999999978E-01 

 9.9999999999999978E-01 

 9.9999999999999978E-01 

 9.9999999999999978E-01 

 9.9999999999999978E-01 

 9.9999999999999978E-01 

 9.9999999999999978E-01 

 9.9999999999999978E-01 

 9.9999999999999978E-01 

 1.0000000028073244E+00 

 9.9999999570344156E-01 

 9.9999999769040926E-01 

 1.0000000538597380E+00 

 9.9999997199852009E-01 

 9.9999997117357486E-01 

 9.9999999608421608E-01 

 9.9999999608421608E-01 

 9.9999999608421608E-01 

 9.9999998474067731E-01 

 9.9999998474067731E-01 

 9.9999998474067731E-01 

 9.9999995144983200E-01 

 9.9999995144983200E-01 

 9.9999995144983200E-01 

 1.0000000662183275E+00 

 1.0000000662183275E+00 

 1.0000000662183275E+00 

 9.9999999645276860E-01 

 9.9999999645276860E-01 

 9.9999999645276860E-01 

 9.9999999645276860E-01 

 9.9999999645276860E-01 

 9.9999999645276860E-01 

 1.0000000118680916E+00 

 1.0000000118680916E+00 

 1.0000000118680916E+00 

 1.0000000118680918E+00 

 1.0000000118680918E+00 

 1.0000000118680918E+00 

 9.9999997412398400E-01 

 9.9999997412398400E-01 

 9.9999997412398400E-01 

 9.9999997412398312E-01 

 9.9999997412398312E-01 

 9.9999997412398312E-01 

 9.9999999999999978E-01 

 9.9999999999999978E-01 

 9.9999999999999978E-01 

 9.9999999999999978E-01 

 9.9999999999999978E-01 

 9.9999999999999978E-01 

 9.9999999999999978E-01 

 9.9999999999999978E-01 

 9.9999999999999978E-01 

 9.9999999999999978E-01 

 1.0000000028073244E+00 

 9.9999999570344156E-01 

 9.9999999769040926E-01 

 1.0000000538597380E+00 

 9.9999997199852009E-01 

 9.9999997117357486E-01 

 9.9999999608421608E-01 

 9.9999999608421608E-01 

 9.9999999608421608E-01 

 9.9999998474067731E-01 

 9.9999998474067731E-01 

 9.9999998474067731E-01 

 9.9999995144983200E-01 

 9.9999995144983200E-01 

 9.9999995144983200E-01 

 1.0000000662183275E+00 

 1.0000000662183275E+00 

 1.0000000662183275E+00 

 9.9999999645276860E-01 

 9.9999999645276860E-01 

 9.9999999645276860E-01 

 9.9999999645276860E-01 

 9.9999999645276860E-01 

 9.9999999645276860E-01 

 1.0000000118680916E+00 

 1.0000000118680916E+00 

 1.0000000118680916E+00 

 1.0000000118680918E+00 

 1.0000000118680918E+00 

 1.0000000118680918E+00 

 9.9999997412398400E-01 

 9.9999997412398400E-01 

 9.9999997412398400E-01 

 9.9999997412398312E-01 

 9.9999997412398312E-01 

 9.9999997412398312E-01 

 9.9999999999999978E-01 

 9.9999999999999978E-01 

 9.9999999999999978E-01 

 9.9999999999999978E-01 

 9.9999999999999978E-01 

 9.9999999999999978E-01 

 9.9999999999999978E-01 

 9.9999999999999978E-01 

 9.9999999999999978E-01 

 9.9999999999999978E-01 

 1.0000000028073244E+00 

 9.9999999570344156E-01 

 9.9999999769040926E-01 

 1.0000000538597380E+00 

 9.9999997199852009E-01 

 9.9999997117357486E-01 

 9.9999999608421608E-01 

 9.9999999608421608E-01 

 9.9999999608421608E-01 

 9.9999998474067731E-01 

 9.9999998474067731E-01 

 9.9999998474067731E-01 

 9.9999995144983200E-01 

 9.9999995144983200E-01 

 9.9999995144983200E-01 

 1.0000000662183275E+00 

 1.0000000662183275E+00 

 1.0000000662183275E+00 

 9.9999999645276860E-01 

 9.9999999645276860E-01 

 9.9999999645276860E-01 

 9.9999999645276860E-01 

 9.9999999645276860E-01 

 9.9999999645276860E-01 

 1.0000000118680916E+00 

 1.0000000118680916E+00 

 1.0000000118680916E+00 

 1.0000000118680918E+00 

 1.0000000118680918E+00 

 1.0000000118680918E+00 

 9.9999997412398400E-01 

 9.9999997412398400E-01 

 9.9999997412398400E-01 

 9.9999997412398312E-01 

 9.9999997412398312E-01 

 9.9999997412398312E-01 

 9.9999999999999978E-01 

 9.9999999999999978E-01 

 9.9999999999999978E-01 

 9.9999999999999978E-01 

 9.9999999999999978E-01 

 9.9999999999999978E-01 

 9.9999999999999978E-01 

 9.9999999999999978E-01 

 9.9999999999999978E-01 

 9.9999999999999978E-01 
