
 50557.5009999999965657  
 
 7524.7856000000001586  
 
 1694.3276000000000749  
 
 472.8227899999999977  
 
 151.7107499999999902  
 
 53.9187459999999987  
 
 20.6593109999999989  
 
 8.3839760000000005  
 
 3.5770149999999998  
 
 1.5471180000000000  
 
 0.6130130000000000  
 
 0.2460680000000000  
 
 0.0990870000000000  
 
 0.0346800000000000  
 
 50557.5009999999965657  
 
 7524.7856000000001586  
 
 1694.3276000000000749  
 
 472.8227899999999977  
 
 151.7107499999999902  
 
 53.9187459999999987  
 
 20.6593109999999989  
 
 8.3839760000000005  
 
 3.5770149999999998  
 
 1.5471180000000000  
 
 0.6130130000000000  
 
 0.2460680000000000  
 
 0.0990870000000000  
 
 0.0346800000000000  
 
 50557.5009999999965657  
 
 7524.7856000000001586  
 
 1694.3276000000000749  
 
 472.8227899999999977  
 
 151.7107499999999902  
 
 53.9187459999999987  
 
 20.6593109999999989  
 
 8.3839760000000005  
 
 3.5770149999999998  
 
 1.5471180000000000  
 
 0.6130130000000000  
 
 0.2460680000000000  
 
 0.0990870000000000  
 
 0.0346800000000000  
 
 50557.5009999999965657  
 
 7524.7856000000001586  
 
 1694.3276000000000749  
 
 472.8227899999999977  
 
 151.7107499999999902  
 
 53.9187459999999987  
 
 20.6593109999999989  
 
 8.3839760000000005  
 
 3.5770149999999998  
 
 1.5471180000000000  
 
 0.6130130000000000  
 
 0.2460680000000000  
 
 0.0990870000000000  
 
 0.0346800000000000  
 
 50557.5009999999965657  
 
 7524.7856000000001586  
 
 1694.3276000000000749  
 
 472.8227899999999977  
 
 151.7107499999999902  
 
 53.9187459999999987  
 
 20.6593109999999989  
 
 8.3839760000000005  
 
 3.5770149999999998  
 
 1.5471180000000000  
 
 0.6130130000000000  
 
 0.2460680000000000  
 
 0.0990870000000000  
 
 0.0346800000000000  
 
 50557.5009999999965657  
 
 7524.7856000000001586  
 
 1694.3276000000000749  
 
 472.8227899999999977  
 
 151.7107499999999902  
 
 53.9187459999999987  
 
 20.6593109999999989  
 
 8.3839760000000005  
 
 3.5770149999999998  
 
 1.5471180000000000  
 
 0.6130130000000000  
 
 0.2460680000000000  
 
 0.0990870000000000  
 
 0.0346800000000000  
 
 50557.5009999999965657  
 
 7524.7856000000001586  
 
 1694.3276000000000749  
 
 472.8227899999999977  
 
 151.7107499999999902  
 
 53.9187459999999987  
 
 20.6593109999999989  
 
 8.3839760000000005  
 
 3.5770149999999998  
 
 1.5471180000000000  
 
 0.6130130000000000  
 
 0.2460680000000000  
 
 0.0990870000000000  
 
 0.0346800000000000  
 
 50557.5009999999965657  
 
 7524.7856000000001586  
 
 1694.3276000000000749  
 
 472.8227899999999977  
 
 151.7107499999999902  
 
 53.9187459999999987  
 
 20.6593109999999989  
 
 8.3839760000000005  
 
 3.5770149999999998  
 
 1.5471180000000000  
 
 0.6130130000000000  
 
 0.2460680000000000  
 
 0.0990870000000000  
 
 0.0346800000000000  
 
 83.3331550000000050  
 
 19.5576110000000014  
 
 6.0803649999999996  
 
 2.1793170000000002  
 
 0.8651500000000000  
 
 0.3619440000000000  
 
 0.1547400000000000  
 
 0.0654290000000000  
 
 0.0229000000000000  
 
 83.3331550000000050  
 
 19.5576110000000014  
 
 6.0803649999999996  
 
 2.1793170000000002  
 
 0.8651500000000000  
 
 0.3619440000000000  
 
 0.1547400000000000  
 
 0.0654290000000000  
 
 0.0229000000000000  
 
 83.3331550000000050  
 
 19.5576110000000014  
 
 6.0803649999999996  
 
 2.1793170000000002  
 
 0.8651500000000000  
 
 0.3619440000000000  
 
 0.1547400000000000  
 
 0.0654290000000000  
 
 0.0229000000000000  
 
 83.3331550000000050  
 
 19.5576110000000014  
 
 6.0803649999999996  
 
 2.1793170000000002  
 
 0.8651500000000000  
 
 0.3619440000000000  
 
 0.1547400000000000  
 
 0.0654290000000000  
 
 0.0229000000000000  
 
 83.3331550000000050  
 
 19.5576110000000014  
 
 6.0803649999999996  
 
 2.1793170000000002  
 
 0.8651500000000000  
 
 0.3619440000000000  
 
 0.1547400000000000  
 
 0.0654290000000000  
 
 0.0229000000000000  
 
 83.3331550000000050  
 
 19.5576110000000014  
 
 6.0803649999999996  
 
 2.1793170000000002  
 
 0.8651500000000000  
 
 0.3619440000000000  
 
 0.1547400000000000  
 
 0.0654290000000000  
 
 0.0229000000000000  
 
 83.3331550000000050  
 
 19.5576110000000014  
 
 6.0803649999999996  
 
 2.1793170000000002  
 
 0.8651500000000000  
 
 0.3619440000000000  
 
 0.1547400000000000  
 
 0.0654290000000000  
 
 0.0229000000000000  
 
 83.3331550000000050  
 
 19.5576110000000014  
 
 6.0803649999999996  
 
 2.1793170000000002  
 
 0.8651500000000000  
 
 0.3619440000000000  
 
 0.1547400000000000  
 
 0.0654290000000000  
 
 0.0229000000000000  
 
 83.3331550000000050  
 
 19.5576110000000014  
 
 6.0803649999999996  
 
 2.1793170000000002  
 
 0.8651500000000000  
 
 0.3619440000000000  
 
 0.1547400000000000  
 
 0.0654290000000000  
 
 0.0229000000000000  
 
 83.3331550000000050  
 
 19.5576110000000014  
 
 6.0803649999999996  
 
 2.1793170000000002  
 
 0.8651500000000000  
 
 0.3619440000000000  
 
 0.1547400000000000  
 
 0.0654290000000000  
 
 0.0229000000000000  
 
 83.3331550000000050  
 
 19.5576110000000014  
 
 6.0803649999999996  
 
 2.1793170000000002  
 
 0.8651500000000000  
 
 0.3619440000000000  
 
 0.1547400000000000  
 
 0.0654290000000000  
 
 0.0229000000000000  
 
 83.3331550000000050  
 
 19.5576110000000014  
 
 6.0803649999999996  
 
 2.1793170000000002  
 
 0.8651500000000000  
 
 0.3619440000000000  
 
 0.1547400000000000  
 
 0.0654290000000000  
 
 0.0229000000000000  
 
 83.3331550000000050  
 
 19.5576110000000014  
 
 6.0803649999999996  
 
 2.1793170000000002  
 
 0.8651500000000000  
 
 0.3619440000000000  
 
 0.1547400000000000  
 
 0.0654290000000000  
 
 0.0229000000000000  
 
 83.3331550000000050  
 
 19.5576110000000014  
 
 6.0803649999999996  
 
 2.1793170000000002  
 
 0.8651500000000000  
 
 0.3619440000000000  
 
 0.1547400000000000  
 
 0.0654290000000000  
 
 0.0229000000000000  
 
 83.3331550000000050  
 
 19.5576110000000014  
 
 6.0803649999999996  
 
 2.1793170000000002  
 
 0.8651500000000000  
 
 0.3619440000000000  
 
 0.1547400000000000  
 
 0.0654290000000000  
 
 0.0229000000000000  
 
 83.3331550000000050  
 
 19.5576110000000014  
 
 6.0803649999999996  
 
 2.1793170000000002  
 
 0.8651500000000000  
 
 0.3619440000000000  
 
 0.1547400000000000  
 
 0.0654290000000000  
 
 0.0229000000000000  
 
 83.3331550000000050  
 
 19.5576110000000014  
 
 6.0803649999999996  
 
 2.1793170000000002  
 
 0.8651500000000000  
 
 0.3619440000000000  
 
 0.1547400000000000  
 
 0.0654290000000000  
 
 0.0229000000000000  
 
 83.3331550000000050  
 
 19.5576110000000014  
 
 6.0803649999999996  
 
 2.1793170000000002  
 
 0.8651500000000000  
 
 0.3619440000000000  
 
 0.1547400000000000  
 
 0.0654290000000000  
 
 0.0229000000000000  
 
 83.3331550000000050  
 
 19.5576110000000014  
 
 6.0803649999999996  
 
 2.1793170000000002  
 
 0.8651500000000000  
 
 0.3619440000000000  
 
 0.1547400000000000  
 
 0.0654290000000000  
 
 0.0229000000000000  
 
 83.3331550000000050  
 
 19.5576110000000014  
 
 6.0803649999999996  
 
 2.1793170000000002  
 
 0.8651500000000000  
 
 0.3619440000000000  
 
 0.1547400000000000  
 
 0.0654290000000000  
 
 0.0229000000000000  
 
 83.3331550000000050  
 
 19.5576110000000014  
 
 6.0803649999999996  
 
 2.1793170000000002  
 
 0.8651500000000000  
 
 0.3619440000000000  
 
 0.1547400000000000  
 
 0.0654290000000000  
 
 0.0229000000000000  
 
 83.3331550000000050  
 
 19.5576110000000014  
 
 6.0803649999999996  
 
 2.1793170000000002  
 
 0.8651500000000000  
 
 0.3619440000000000  
 
 0.1547400000000000  
 
 0.0654290000000000  
 
 0.0229000000000000  
 
 83.3331550000000050  
 
 19.5576110000000014  
 
 6.0803649999999996  
 
 2.1793170000000002  
 
 0.8651500000000000  
 
 0.3619440000000000  
 
 0.1547400000000000  
 
 0.0654290000000000  
 
 0.0229000000000000  
 
 83.3331550000000050  
 
 19.5576110000000014  
 
 6.0803649999999996  
 
 2.1793170000000002  
 
 0.8651500000000000  
 
 0.3619440000000000  
 
 0.1547400000000000  
 
 0.0654290000000000  
 
 0.0229000000000000  
 
 1.8999999999999999  
 
 0.6650000000000000  
 
 0.2327500000000000  
 
 0.0814630000000000  
 
 1.8999999999999999  
 
 0.6650000000000000  
 
 0.2327500000000000  
 
 0.0814630000000000  
 
 1.8999999999999999  
 
 0.6650000000000000  
 
 0.2327500000000000  
 
 0.0814630000000000  
 
 1.8999999999999999  
 
 0.6650000000000000  
 
 0.2327500000000000  
 
 0.0814630000000000  
 
 1.8999999999999999  
 
 0.6650000000000000  
 
 0.2327500000000000  
 
 0.0814630000000000  
 
 1.8999999999999999  
 
 0.6650000000000000  
 
 0.2327500000000000  
 
 0.0814630000000000  
 
 1.8999999999999999  
 
 0.6650000000000000  
 
 0.2327500000000000  
 
 0.0814630000000000  
 
 1.8999999999999999  
 
 0.6650000000000000  
 
 0.2327500000000000  
 
 0.0814630000000000  
 
 1.8999999999999999  
 
 0.6650000000000000  
 
 0.2327500000000000  
 
 0.0814630000000000  
 
 1.8999999999999999  
 
 0.6650000000000000  
 
 0.2327500000000000  
 
 0.0814630000000000  
 
 1.8999999999999999  
 
 0.6650000000000000  
 
 0.2327500000000000  
 
 0.0814630000000000  
 
 1.8999999999999999  
 
 0.6650000000000000  
 
 0.2327500000000000  
 
 0.0814630000000000  
 
 1.8999999999999999  
 
 0.6650000000000000  
 
 0.2327500000000000  
 
 0.0814630000000000  
 
 1.8999999999999999  
 
 0.6650000000000000  
 
 0.2327500000000000  
 
 0.0814630000000000  
 
 1.8999999999999999  
 
 0.6650000000000000  
 
 0.2327500000000000  
 
 0.0814630000000000  
 
 1.8999999999999999  
 
 0.6650000000000000  
 
 0.2327500000000000  
 
 0.0814630000000000  
 
 1.8999999999999999  
 
 0.6650000000000000  
 
 0.2327500000000000  
 
 0.0814630000000000  
 
 1.8999999999999999  
 
 0.6650000000000000  
 
 0.2327500000000000  
 
 0.0814630000000000  
 
 1.8999999999999999  
 
 0.6650000000000000  
 
 0.2327500000000000  
 
 0.0814630000000000  
 
 1.8999999999999999  
 
 0.6650000000000000  
 
 0.2327500000000000  
 
 0.0814630000000000  
 
 1.8999999999999999  
 
 0.6650000000000000  
 
 0.2327500000000000  
 
 0.0814630000000000  
 
 1.8999999999999999  
 
 0.6650000000000000  
 
 0.2327500000000000  
 
 0.0814630000000000  
 
 1.8999999999999999  
 
 0.6650000000000000  
 
 0.2327500000000000  
 
 0.0814630000000000  
 
 1.8999999999999999  
 
 0.6650000000000000  
 
 0.2327500000000000  
 
 0.0814630000000000  
 
 1.2500000000000000  
 
 0.5000000000000000  
 
 0.2000000000000000  
 
 1.2500000000000000  
 
 0.5000000000000000  
 
 0.2000000000000000  
 
 1.2500000000000000  
 
 0.5000000000000000  
 
 0.2000000000000000  
 
 1.2500000000000000  
 
 0.5000000000000000  
 
 0.2000000000000000  
 
 1.2500000000000000  
 
 0.5000000000000000  
 
 0.2000000000000000  
 
 1.2500000000000000  
 
 0.5000000000000000  
 
 0.2000000000000000  
 
 1.2500000000000000  
 
 0.5000000000000000  
 
 0.2000000000000000  
 
 1.2500000000000000  
 
 0.5000000000000000  
 
 0.2000000000000000  
 
 1.2500000000000000  
 
 0.5000000000000000  
 
 0.2000000000000000  
 
 1.2500000000000000  
 
 0.5000000000000000  
 
 0.2000000000000000  
 
 1.2500000000000000  
 
 0.5000000000000000  
 
 0.2000000000000000  
 
 1.2500000000000000  
 
 0.5000000000000000  
 
 0.2000000000000000  
 
 1.2500000000000000  
 
 0.5000000000000000  
 
 0.2000000000000000  
 
 1.2500000000000000  
 
 0.5000000000000000  
 
 0.2000000000000000  
 
 1.2500000000000000  
 
 0.5000000000000000  
 
 0.2000000000000000  
 
 1.2500000000000000  
 
 0.5000000000000000  
 
 0.2000000000000000  
 
 1.2500000000000000  
 
 0.5000000000000000  
 
 0.2000000000000000  
 
 1.2500000000000000  
 
 0.5000000000000000  
 
 0.2000000000000000  
 
 1.2500000000000000  
 
 0.5000000000000000  
 
 0.2000000000000000  
 
 1.2500000000000000  
 
 0.5000000000000000  
 
 0.2000000000000000  
 
 1.2500000000000000  
 
 0.5000000000000000  
 
 0.2000000000000000  
 
 1.2500000000000000  
 
 0.5000000000000000  
 
 0.2000000000000000  
 
 1.2500000000000000  
 
 0.5000000000000000  
 
 0.2000000000000000  
 
 1.2500000000000000  
 
 0.5000000000000000  
 
 0.2000000000000000  
 
 1.2500000000000000  
 
 0.5000000000000000  
 
 0.2000000000000000  
 
 1.2500000000000000  
 
 0.5000000000000000  
 
 0.2000000000000000  
 
 1.2500000000000000  
 
 0.5000000000000000  
 
 0.2000000000000000  
 
 1.2500000000000000  
 
 0.5000000000000000  
 
 0.2000000000000000  
 
 1.2500000000000000  
 
 0.5000000000000000  
 
 0.2000000000000000  
 
 1.2500000000000000  
 
 0.5000000000000000  
 
 0.2000000000000000  
 
 188.6144500000000050  
 
 28.2765960000000014  
 
 6.4248300000000000  
 
 1.8150409999999999  
 
 0.5910630000000000  
 
 0.2121490000000000  
 
 0.0798910000000000  
 
 0.0279620000000000  
 
 188.6144500000000050  
 
 28.2765960000000014  
 
 6.4248300000000000  
 
 1.8150409999999999  
 
 0.5910630000000000  
 
 0.2121490000000000  
 
 0.0798910000000000  
 
 0.0279620000000000  
 
 188.6144500000000050  
 
 28.2765960000000014  
 
 6.4248300000000000  
 
 1.8150409999999999  
 
 0.5910630000000000  
 
 0.2121490000000000  
 
 0.0798910000000000  
 
 0.0279620000000000  
 
 188.6144500000000050  
 
 28.2765960000000014  
 
 6.4248300000000000  
 
 1.8150409999999999  
 
 0.5910630000000000  
 
 0.2121490000000000  
 
 0.0798910000000000  
 
 0.0279620000000000  
 
 188.6144500000000050  
 
 28.2765960000000014  
 
 6.4248300000000000  
 
 1.8150409999999999  
 
 0.5910630000000000  
 
 0.2121490000000000  
 
 0.0798910000000000  
 
 0.0279620000000000  
 
 188.6144500000000050  
 
 28.2765960000000014  
 
 6.4248300000000000  
 
 1.8150409999999999  
 
 0.5910630000000000  
 
 0.2121490000000000  
 
 0.0798910000000000  
 
 0.0279620000000000  
 
 2.3050000000000002  
 
 0.8067500000000000  
 
 0.2823620000000000  
 
 0.0988270000000000  
 
 2.3050000000000002  
 
 0.8067500000000000  
 
 0.2823620000000000  
 
 0.0988270000000000  
 
 2.3050000000000002  
 
 0.8067500000000000  
 
 0.2823620000000000  
 
 0.0988270000000000  
 
 2.3050000000000002  
 
 0.8067500000000000  
 
 0.2823620000000000  
 
 0.0988270000000000  
 
 2.3050000000000002  
 
 0.8067500000000000  
 
 0.2823620000000000  
 
 0.0988270000000000  
 
 2.3050000000000002  
 
 0.8067500000000000  
 
 0.2823620000000000  
 
 0.0988270000000000  
 
 2.3050000000000002  
 
 0.8067500000000000  
 
 0.2823620000000000  
 
 0.0988270000000000  
 
 2.3050000000000002  
 
 0.8067500000000000  
 
 0.2823620000000000  
 
 0.0988270000000000  
 
 2.3050000000000002  
 
 0.8067500000000000  
 
 0.2823620000000000  
 
 0.0988270000000000  
 
 2.3050000000000002  
 
 0.8067500000000000  
 
 0.2823620000000000  
 
 0.0988270000000000  
 
 2.3050000000000002  
 
 0.8067500000000000  
 
 0.2823620000000000  
 
 0.0988270000000000  
 
 2.3050000000000002  
 
 0.8067500000000000  
 
 0.2823620000000000  
 
 0.0988270000000000  
 
 1.8190000000000000  
 
 0.7276000000000000  
 
 0.2910400000000000  
 
 1.8190000000000000  
 
 0.7276000000000000  
 
 0.2910400000000000  
 
 1.8190000000000000  
 
 0.7276000000000000  
 
 0.2910400000000000  
 
 1.8190000000000000  
 
 0.7276000000000000  
 
 0.2910400000000000  
 
 1.8190000000000000  
 
 0.7276000000000000  
 
 0.2910400000000000  
 
 1.8190000000000000  
 
 0.7276000000000000  
 
 0.2910400000000000  
 
 1.8190000000000000  
 
 0.7276000000000000  
 
 0.2910400000000000  
 
 1.8190000000000000  
 
 0.7276000000000000  
 
 0.2910400000000000  
 
 1.8190000000000000  
 
 0.7276000000000000  
 
 0.2910400000000000  
 
 1.8190000000000000  
 
 0.7276000000000000  
 
 0.2910400000000000  
 
 1.8190000000000000  
 
 0.7276000000000000  
 
 0.2910400000000000  
 
 1.8190000000000000  
 
 0.7276000000000000  
 
 0.2910400000000000  
 
 1.8190000000000000  
 
 0.7276000000000000  
 
 0.2910400000000000  
 
 1.8190000000000000  
 
 0.7276000000000000  
 
 0.2910400000000000  
 
 1.8190000000000000  
 
 0.7276000000000000  
 
 0.2910400000000000  
 
 1.8190000000000000  
 
 0.7276000000000000  
 
 0.2910400000000000  
 
 1.8190000000000000  
 
 0.7276000000000000  
 
 0.2910400000000000  
 
 1.8190000000000000  
 
 0.7276000000000000  
 
 0.2910400000000000  
 
 0.9701090000000000  
 
 0.9701090000000000  
 
 0.9701090000000000  
 
 0.9701090000000000  
 
 0.9701090000000000  
 
 0.9701090000000000  
 
 0.9701090000000000  
 
 0.9701090000000000  
 
 0.9701090000000000  
 
 0.9701090000000000  
 
 188.6144500000000050  
 
 28.2765960000000014  
 
 6.4248300000000000  
 
 1.8150409999999999  
 
 0.5910630000000000  
 
 0.2121490000000000  
 
 0.0798910000000000  
 
 0.0279620000000000  
 
 188.6144500000000050  
 
 28.2765960000000014  
 
 6.4248300000000000  
 
 1.8150409999999999  
 
 0.5910630000000000  
 
 0.2121490000000000  
 
 0.0798910000000000  
 
 0.0279620000000000  
 
 188.6144500000000050  
 
 28.2765960000000014  
 
 6.4248300000000000  
 
 1.8150409999999999  
 
 0.5910630000000000  
 
 0.2121490000000000  
 
 0.0798910000000000  
 
 0.0279620000000000  
 
 188.6144500000000050  
 
 28.2765960000000014  
 
 6.4248300000000000  
 
 1.8150409999999999  
 
 0.5910630000000000  
 
 0.2121490000000000  
 
 0.0798910000000000  
 
 0.0279620000000000  
 
 188.6144500000000050  
 
 28.2765960000000014  
 
 6.4248300000000000  
 
 1.8150409999999999  
 
 0.5910630000000000  
 
 0.2121490000000000  
 
 0.0798910000000000  
 
 0.0279620000000000  
 
 188.6144500000000050  
 
 28.2765960000000014  
 
 6.4248300000000000  
 
 1.8150409999999999  
 
 0.5910630000000000  
 
 0.2121490000000000  
 
 0.0798910000000000  
 
 0.0279620000000000  
 
 2.3050000000000002  
 
 0.8067500000000000  
 
 0.2823620000000000  
 
 0.0988270000000000  
 
 2.3050000000000002  
 
 0.8067500000000000  
 
 0.2823620000000000  
 
 0.0988270000000000  
 
 2.3050000000000002  
 
 0.8067500000000000  
 
 0.2823620000000000  
 
 0.0988270000000000  
 
 2.3050000000000002  
 
 0.8067500000000000  
 
 0.2823620000000000  
 
 0.0988270000000000  
 
 2.3050000000000002  
 
 0.8067500000000000  
 
 0.2823620000000000  
 
 0.0988270000000000  
 
 2.3050000000000002  
 
 0.8067500000000000  
 
 0.2823620000000000  
 
 0.0988270000000000  
 
 2.3050000000000002  
 
 0.8067500000000000  
 
 0.2823620000000000  
 
 0.0988270000000000  
 
 2.3050000000000002  
 
 0.8067500000000000  
 
 0.2823620000000000  
 
 0.0988270000000000  
 
 2.3050000000000002  
 
 0.8067500000000000  
 
 0.2823620000000000  
 
 0.0988270000000000  
 
 2.3050000000000002  
 
 0.8067500000000000  
 
 0.2823620000000000  
 
 0.0988270000000000  
 
 2.3050000000000002  
 
 0.8067500000000000  
 
 0.2823620000000000  
 
 0.0988270000000000  
 
 2.3050000000000002  
 
 0.8067500000000000  
 
 0.2823620000000000  
 
 0.0988270000000000  
 
 1.8190000000000000  
 
 0.7276000000000000  
 
 0.2910400000000000  
 
 1.8190000000000000  
 
 0.7276000000000000  
 
 0.2910400000000000  
 
 1.8190000000000000  
 
 0.7276000000000000  
 
 0.2910400000000000  
 
 1.8190000000000000  
 
 0.7276000000000000  
 
 0.2910400000000000  
 
 1.8190000000000000  
 
 0.7276000000000000  
 
 0.2910400000000000  
 
 1.8190000000000000  
 
 0.7276000000000000  
 
 0.2910400000000000  
 
 1.8190000000000000  
 
 0.7276000000000000  
 
 0.2910400000000000  
 
 1.8190000000000000  
 
 0.7276000000000000  
 
 0.2910400000000000  
 
 1.8190000000000000  
 
 0.7276000000000000  
 
 0.2910400000000000  
 
 1.8190000000000000  
 
 0.7276000000000000  
 
 0.2910400000000000  
 
 1.8190000000000000  
 
 0.7276000000000000  
 
 0.2910400000000000  
 
 1.8190000000000000  
 
 0.7276000000000000  
 
 0.2910400000000000  
 
 1.8190000000000000  
 
 0.7276000000000000  
 
 0.2910400000000000  
 
 1.8190000000000000  
 
 0.7276000000000000  
 
 0.2910400000000000  
 
 1.8190000000000000  
 
 0.7276000000000000  
 
 0.2910400000000000  
 
 1.8190000000000000  
 
 0.7276000000000000  
 
 0.2910400000000000  
 
 1.8190000000000000  
 
 0.7276000000000000  
 
 0.2910400000000000  
 
 1.8190000000000000  
 
 0.7276000000000000  
 
 0.2910400000000000  
 
 0.9701090000000000  
 
 0.9701090000000000  
 
 0.9701090000000000  
 
 0.9701090000000000  
 
 0.9701090000000000  
 
 0.9701090000000000  
 
 0.9701090000000000  
 
 0.9701090000000000  
 
 0.9701090000000000  
 
 0.9701090000000000  
 
 188.6144500000000050  
 
 28.2765960000000014  
 
 6.4248300000000000  
 
 1.8150409999999999  
 
 0.5910630000000000  
 
 0.2121490000000000  
 
 0.0798910000000000  
 
 0.0279620000000000  
 
 188.6144500000000050  
 
 28.2765960000000014  
 
 6.4248300000000000  
 
 1.8150409999999999  
 
 0.5910630000000000  
 
 0.2121490000000000  
 
 0.0798910000000000  
 
 0.0279620000000000  
 
 188.6144500000000050  
 
 28.2765960000000014  
 
 6.4248300000000000  
 
 1.8150409999999999  
 
 0.5910630000000000  
 
 0.2121490000000000  
 
 0.0798910000000000  
 
 0.0279620000000000  
 
 188.6144500000000050  
 
 28.2765960000000014  
 
 6.4248300000000000  
 
 1.8150409999999999  
 
 0.5910630000000000  
 
 0.2121490000000000  
 
 0.0798910000000000  
 
 0.0279620000000000  
 
 188.6144500000000050  
 
 28.2765960000000014  
 
 6.4248300000000000  
 
 1.8150409999999999  
 
 0.5910630000000000  
 
 0.2121490000000000  
 
 0.0798910000000000  
 
 0.0279620000000000  
 
 188.6144500000000050  
 
 28.2765960000000014  
 
 6.4248300000000000  
 
 1.8150409999999999  
 
 0.5910630000000000  
 
 0.2121490000000000  
 
 0.0798910000000000  
 
 0.0279620000000000  
 
 2.3050000000000002  
 
 0.8067500000000000  
 
 0.2823620000000000  
 
 0.0988270000000000  
 
 2.3050000000000002  
 
 0.8067500000000000  
 
 0.2823620000000000  
 
 0.0988270000000000  
 
 2.3050000000000002  
 
 0.8067500000000000  
 
 0.2823620000000000  
 
 0.0988270000000000  
 
 2.3050000000000002  
 
 0.8067500000000000  
 
 0.2823620000000000  
 
 0.0988270000000000  
 
 2.3050000000000002  
 
 0.8067500000000000  
 
 0.2823620000000000  
 
 0.0988270000000000  
 
 2.3050000000000002  
 
 0.8067500000000000  
 
 0.2823620000000000  
 
 0.0988270000000000  
 
 2.3050000000000002  
 
 0.8067500000000000  
 
 0.2823620000000000  
 
 0.0988270000000000  
 
 2.3050000000000002  
 
 0.8067500000000000  
 
 0.2823620000000000  
 
 0.0988270000000000  
 
 2.3050000000000002  
 
 0.8067500000000000  
 
 0.2823620000000000  
 
 0.0988270000000000  
 
 2.3050000000000002  
 
 0.8067500000000000  
 
 0.2823620000000000  
 
 0.0988270000000000  
 
 2.3050000000000002  
 
 0.8067500000000000  
 
 0.2823620000000000  
 
 0.0988270000000000  
 
 2.3050000000000002  
 
 0.8067500000000000  
 
 0.2823620000000000  
 
 0.0988270000000000  
 
 1.8190000000000000  
 
 0.7276000000000000  
 
 0.2910400000000000  
 
 1.8190000000000000  
 
 0.7276000000000000  
 
 0.2910400000000000  
 
 1.8190000000000000  
 
 0.7276000000000000  
 
 0.2910400000000000  
 
 1.8190000000000000  
 
 0.7276000000000000  
 
 0.2910400000000000  
 
 1.8190000000000000  
 
 0.7276000000000000  
 
 0.2910400000000000  
 
 1.8190000000000000  
 
 0.7276000000000000  
 
 0.2910400000000000  
 
 1.8190000000000000  
 
 0.7276000000000000  
 
 0.2910400000000000  
 
 1.8190000000000000  
 
 0.7276000000000000  
 
 0.2910400000000000  
 
 1.8190000000000000  
 
 0.7276000000000000  
 
 0.2910400000000000  
 
 1.8190000000000000  
 
 0.7276000000000000  
 
 0.2910400000000000  
 
 1.8190000000000000  
 
 0.7276000000000000  
 
 0.2910400000000000  
 
 1.8190000000000000  
 
 0.7276000000000000  
 
 0.2910400000000000  
 
 1.8190000000000000  
 
 0.7276000000000000  
 
 0.2910400000000000  
 
 1.8190000000000000  
 
 0.7276000000000000  
 
 0.2910400000000000  
 
 1.8190000000000000  
 
 0.7276000000000000  
 
 0.2910400000000000  
 
 1.8190000000000000  
 
 0.7276000000000000  
 
 0.2910400000000000  
 
 1.8190000000000000  
 
 0.7276000000000000  
 
 0.2910400000000000  
 
 1.8190000000000000  
 
 0.7276000000000000  
 
 0.2910400000000000  
 
 0.9701090000000000  
 
 0.9701090000000000  
 
 0.9701090000000000  
 
 0.9701090000000000  
 
 0.9701090000000000  
 
 0.9701090000000000  
 
 0.9701090000000000  
 
 0.9701090000000000  
 
 0.9701090000000000  
 
 0.9701090000000000  
 
 188.6144500000000050  
 
 28.2765960000000014  
 
 6.4248300000000000  
 
 1.8150409999999999  
 
 0.5910630000000000  
 
 0.2121490000000000  
 
 0.0798910000000000  
 
 0.0279620000000000  
 
 188.6144500000000050  
 
 28.2765960000000014  
 
 6.4248300000000000  
 
 1.8150409999999999  
 
 0.5910630000000000  
 
 0.2121490000000000  
 
 0.0798910000000000  
 
 0.0279620000000000  
 
 188.6144500000000050  
 
 28.2765960000000014  
 
 6.4248300000000000  
 
 1.8150409999999999  
 
 0.5910630000000000  
 
 0.2121490000000000  
 
 0.0798910000000000  
 
 0.0279620000000000  
 
 188.6144500000000050  
 
 28.2765960000000014  
 
 6.4248300000000000  
 
 1.8150409999999999  
 
 0.5910630000000000  
 
 0.2121490000000000  
 
 0.0798910000000000  
 
 0.0279620000000000  
 
 188.6144500000000050  
 
 28.2765960000000014  
 
 6.4248300000000000  
 
 1.8150409999999999  
 
 0.5910630000000000  
 
 0.2121490000000000  
 
 0.0798910000000000  
 
 0.0279620000000000  
 
 188.6144500000000050  
 
 28.2765960000000014  
 
 6.4248300000000000  
 
 1.8150409999999999  
 
 0.5910630000000000  
 
 0.2121490000000000  
 
 0.0798910000000000  
 
 0.0279620000000000  
 
 2.3050000000000002  
 
 0.8067500000000000  
 
 0.2823620000000000  
 
 0.0988270000000000  
 
 2.3050000000000002  
 
 0.8067500000000000  
 
 0.2823620000000000  
 
 0.0988270000000000  
 
 2.3050000000000002  
 
 0.8067500000000000  
 
 0.2823620000000000  
 
 0.0988270000000000  
 
 2.3050000000000002  
 
 0.8067500000000000  
 
 0.2823620000000000  
 
 0.0988270000000000  
 
 2.3050000000000002  
 
 0.8067500000000000  
 
 0.2823620000000000  
 
 0.0988270000000000  
 
 2.3050000000000002  
 
 0.8067500000000000  
 
 0.2823620000000000  
 
 0.0988270000000000  
 
 2.3050000000000002  
 
 0.8067500000000000  
 
 0.2823620000000000  
 
 0.0988270000000000  
 
 2.3050000000000002  
 
 0.8067500000000000  
 
 0.2823620000000000  
 
 0.0988270000000000  
 
 2.3050000000000002  
 
 0.8067500000000000  
 
 0.2823620000000000  
 
 0.0988270000000000  
 
 2.3050000000000002  
 
 0.8067500000000000  
 
 0.2823620000000000  
 
 0.0988270000000000  
 
 2.3050000000000002  
 
 0.8067500000000000  
 
 0.2823620000000000  
 
 0.0988270000000000  
 
 2.3050000000000002  
 
 0.8067500000000000  
 
 0.2823620000000000  
 
 0.0988270000000000  
 
 1.8190000000000000  
 
 0.7276000000000000  
 
 0.2910400000000000  
 
 1.8190000000000000  
 
 0.7276000000000000  
 
 0.2910400000000000  
 
 1.8190000000000000  
 
 0.7276000000000000  
 
 0.2910400000000000  
 
 1.8190000000000000  
 
 0.7276000000000000  
 
 0.2910400000000000  
 
 1.8190000000000000  
 
 0.7276000000000000  
 
 0.2910400000000000  
 
 1.8190000000000000  
 
 0.7276000000000000  
 
 0.2910400000000000  
 
 1.8190000000000000  
 
 0.7276000000000000  
 
 0.2910400000000000  
 
 1.8190000000000000  
 
 0.7276000000000000  
 
 0.2910400000000000  
 
 1.8190000000000000  
 
 0.7276000000000000  
 
 0.2910400000000000  
 
 1.8190000000000000  
 
 0.7276000000000000  
 
 0.2910400000000000  
 
 1.8190000000000000  
 
 0.7276000000000000  
 
 0.2910400000000000  
 
 1.8190000000000000  
 
 0.7276000000000000  
 
 0.2910400000000000  
 
 1.8190000000000000  
 
 0.7276000000000000  
 
 0.2910400000000000  
 
 1.8190000000000000  
 
 0.7276000000000000  
 
 0.2910400000000000  
 
 1.8190000000000000  
 
 0.7276000000000000  
 
 0.2910400000000000  
 
 1.8190000000000000  
 
 0.7276000000000000  
 
 0.2910400000000000  
 
 1.8190000000000000  
 
 0.7276000000000000  
 
 0.2910400000000000  
 
 1.8190000000000000  
 
 0.7276000000000000  
 
 0.2910400000000000  
 
 0.9701090000000000  
 
 0.9701090000000000  
 
 0.9701090000000000  
 
 0.9701090000000000  
 
 0.9701090000000000  
 
 0.9701090000000000  
 
 0.9701090000000000  
 
 0.9701090000000000  
 
 0.9701090000000000  
 
 0.9701090000000000  
 