
 0.0001128900000000  
 
 0.0005295400000000  
 
 0.0024500400000000  
 
 0.0100539800000000  
 
 0.0354539800000000  
 
 0.1044071100000000  
 
 0.2412894900000000  
 
 0.3834225500000000  
 
 0.3078514400000000  
 
 0.0687244300000000  
 
 0.0002224400000000  
 
 0.0019767500000000  
 
 0.0020578600000000  
 
 0.0004182000000000  
 
 -0.0000250700000000  
 
 -0.0001175900000000  
 
 -0.0005456300000000  
 
 -0.0022450800000000  
 
 -0.0080434700000000  
 
 -0.0244258900000000  
 
 -0.0613679100000000  
 
 -0.1177767800000000  
 
 -0.1550487800000000  
 
 -0.0193331700000000  
 
 0.3996930700000000  
 
 0.5589420899999999  
 
 0.1711195000000000  
 
 0.0074562400000000  
 
 0.0000161800000000  
 
 0.0000749700000000  
 
 0.0003573500000000  
 
 0.0014349300000000  
 
 0.0055086800000000  
 
 0.0169149700000000  
 
 0.0514166500000000  
 
 0.1137343700000000  
 
 0.2337183900000000  
 
 -0.0718378300000000  
 
 -1.0490908699999999  
 
 -0.0666273400000000  
 
 1.0119993800000000  
 
 0.1656046400000000  
 
 -0.0000455400000000  
 
 -0.0002046500000000  
 
 -0.0010264600000000  
 
 -0.0037764400000000  
 
 -0.0156602200000000  
 
 -0.0398609500000000  
 
 -0.1297300900000000  
 
 -0.1592693000000000  
 
 -0.4821720800000000  
 
 1.0854256600000001  
 
 1.0468687000000001  
 
 -2.5679529699999999  
 
 1.0616688000000001  
 
 0.4583312900000000  
 
 0.0001059800000000  
 
 0.0005000100000000  
 
 0.0022900300000000  
 
 0.0095150400000000  
 
 0.0330270800000000  
 
 0.1002478800000000  
 
 0.2221842200000000  
 
 0.3220864600000000  
 
 0.2408948800000000  
 
 -2.8745692200000001  
 
 3.7177783199999999  
 
 -1.7961600700000000  
 
 -0.5562529000000001  
 
 0.9636896200000000  
 
 -0.0002337200000000  
 
 -0.0011546500000000  
 
 -0.0048180300000000  
 
 -0.0225496700000000  
 
 -0.0639828300000000  
 
 -0.2286084600000000  
 
 -0.2557490800000000  
 
 -0.5242019400000000  
 
 2.0689771299999999  
 
 -1.1259055400000000  
 
 -1.5234592000000000  
 
 3.6308337800000001  
 
 -3.6682141900000000  
 
 1.7535197800000000  
 
 0.0003415600000000  
 
 0.0015697400000000  
 
 0.0074831100000000  
 
 0.0290165900000000  
 
 0.1056576300000000  
 
 0.2681028300000000  
 
 0.5135966900000000  
 
 -0.1021184500000000  
 
 -3.0729237899999999  
 
 5.6454932500000004  
 
 -6.1962604399999996  
 
 5.4968144299999997  
 
 -3.5909939700000000  
 
 1.3356713099999999  
 
 -0.0006400200000000  
 
 -0.0024479000000000  
 
 -0.0159523500000000  
 
 -0.0372786000000000  
 
 -0.2506201000000000  
 
 -0.1791819200000000  
 
 -1.5772268000000000  
 
 5.7184285600000004  
 
 -8.2164445700000002  
 
 7.1132676200000002  
 
 -4.7193061500000004  
 
 2.8900008000000001  
 
 -1.3932172700000001  
 
 0.3911167800000000  
 
 0.0013446600000000  
 
 0.0102355600000000  
 
 0.0452006700000000  
 
 0.1410756200000000  
 
 0.3047388100000000  
 
 0.3995281000000000  
 
 0.2719163400000000  
 
 0.0585766900000000  
 
 -0.0001263800000000  
 
 0.0013446600000000  
 
 0.0102355600000000  
 
 0.0452006700000000  
 
 0.1410756200000000  
 
 0.3047388100000000  
 
 0.3995281000000000  
 
 0.2719163400000000  
 
 0.0585766900000000  
 
 -0.0001263800000000  
 
 0.0013446600000000  
 
 0.0102355600000000  
 
 0.0452006700000000  
 
 0.1410756200000000  
 
 0.3047388100000000  
 
 0.3995281000000000  
 
 0.2719163400000000  
 
 0.0585766900000000  
 
 -0.0001263800000000  
 
 -0.0017715900000000  
 
 -0.0145621800000000  
 
 -0.0574573400000000  
 
 -0.2126582800000000  
 
 -0.5271712900000000  
 
 -0.0929697700000000  
 
 0.6630031700000000  
 
 0.3360877800000000  
 
 0.0054695200000000  
 
 -0.0017715900000000  
 
 -0.0145621800000000  
 
 -0.0574573400000000  
 
 -0.2126582800000000  
 
 -0.5271712900000000  
 
 -0.0929697700000000  
 
 0.6630031700000000  
 
 0.3360877800000000  
 
 0.0054695200000000  
 
 -0.0017715900000000  
 
 -0.0145621800000000  
 
 -0.0574573400000000  
 
 -0.2126582800000000  
 
 -0.5271712900000000  
 
 -0.0929697700000000  
 
 0.6630031700000000  
 
 0.3360877800000000  
 
 0.0054695200000000  
 
 0.0037861900000000  
 
 0.0363883500000000  
 
 0.1506435700000000  
 
 0.6668914600000000  
 
 0.1737240300000000  
 
 -1.2802244000000000  
 
 0.3963864400000000  
 
 0.5244641799999999  
 
 0.0062295100000000  
 
 0.0037861900000000  
 
 0.0363883500000000  
 
 0.1506435700000000  
 
 0.6668914600000000  
 
 0.1737240300000000  
 
 -1.2802244000000000  
 
 0.3963864400000000  
 
 0.5244641799999999  
 
 0.0062295100000000  
 
 0.0037861900000000  
 
 0.0363883500000000  
 
 0.1506435700000000  
 
 0.6668914600000000  
 
 0.1737240300000000  
 
 -1.2802244000000000  
 
 0.3963864400000000  
 
 0.5244641799999999  
 
 0.0062295100000000  
 
 -0.0067097000000000  
 
 -0.0438742600000000  
 
 -0.3529508600000000  
 
 -0.8475388400000000  
 
 1.8580484700000000  
 
 -0.9137409200000000  
 
 -0.7767580400000000  
 
 0.9862380400000000  
 
 0.0139706700000000  
 
 -0.0067097000000000  
 
 -0.0438742600000000  
 
 -0.3529508600000000  
 
 -0.8475388400000000  
 
 1.8580484700000000  
 
 -0.9137409200000000  
 
 -0.7767580400000000  
 
 0.9862380400000000  
 
 0.0139706700000000  
 
 -0.0067097000000000  
 
 -0.0438742600000000  
 
 -0.3529508600000000  
 
 -0.8475388400000000  
 
 1.8580484700000000  
 
 -0.9137409200000000  
 
 -0.7767580400000000  
 
 0.9862380400000000  
 
 0.0139706700000000  
 
 0.0160326000000000  
 
 0.0186258700000000  
 
 0.9038907200000000  
 
 -0.6624490200000001  
 
 -0.9421602200000000  
 
 2.6278069500000001  
 
 -2.9682073000000000  
 
 1.5756402000000000  
 
 -0.0250513300000000  
 
 0.0160326000000000  
 
 0.0186258700000000  
 
 0.9038907200000000  
 
 -0.6624490200000001  
 
 -0.9421602200000000  
 
 2.6278069500000001  
 
 -2.9682073000000000  
 
 1.5756402000000000  
 
 -0.0250513300000000  
 
 0.0160326000000000  
 
 0.0186258700000000  
 
 0.9038907200000000  
 
 -0.6624490200000001  
 
 -0.9421602200000000  
 
 2.6278069500000001  
 
 -2.9682073000000000  
 
 1.5756402000000000  
 
 -0.0250513300000000  
 
 -0.0256777100000000  
 
 -0.0576281800000000  
 
 -1.3169923200000000  
 
 2.7769648400000002  
 
 -3.4573972400000001  
 
 3.1734295600000002  
 
 -1.9856313500000000  
 
 0.4403392300000000  
 
 0.3974795500000000  
 
 -0.0256777100000000  
 
 -0.0576281800000000  
 
 -1.3169923200000000  
 
 2.7769648400000002  
 
 -3.4573972400000001  
 
 3.1734295600000002  
 
 -1.9856313500000000  
 
 0.4403392300000000  
 
 0.3974795500000000  
 
 -0.0256777100000000  
 
 -0.0576281800000000  
 
 -1.3169923200000000  
 
 2.7769648400000002  
 
 -3.4573972400000001  
 
 3.1734295600000002  
 
 -1.9856313500000000  
 
 0.4403392300000000  
 
 0.3974795500000000  
 
 0.0011923600000000  
 
 0.0331246900000000  
 
 0.4053865500000000  
 
 -1.0231532600000000  
 
 1.7008746900000000  
 
 -2.4415135000000001  
 
 3.0465039799999998  
 
 -2.8927459700000000  
 
 1.7535665899999999  
 
 0.0011923600000000  
 
 0.0331246900000000  
 
 0.4053865500000000  
 
 -1.0231532600000000  
 
 1.7008746900000000  
 
 -2.4415135000000001  
 
 3.0465039799999998  
 
 -2.8927459700000000  
 
 1.7535665899999999  
 
 0.0011923600000000  
 
 0.0331246900000000  
 
 0.4053865500000000  
 
 -1.0231532600000000  
 
 1.7008746900000000  
 
 -2.4415135000000001  
 
 3.0465039799999998  
 
 -2.8927459700000000  
 
 1.7535665899999999  
 
 -0.1271056400000000  
 
 -1.4204789700000000  
 
 1.8981106299999999  
 
 -1.6939507000000000  
 
 1.3520106199999999  
 
 -0.9820831000000000  
 
 0.6117405299999999  
 
 -0.2806072600000000  
 
 0.0702228800000000  
 
 -0.1271056400000000  
 
 -1.4204789700000000  
 
 1.8981106299999999  
 
 -1.6939507000000000  
 
 1.3520106199999999  
 
 -0.9820831000000000  
 
 0.6117405299999999  
 
 -0.2806072600000000  
 
 0.0702228800000000  
 
 -0.1271056400000000  
 
 -1.4204789700000000  
 
 1.8981106299999999  
 
 -1.6939507000000000  
 
 1.3520106199999999  
 
 -0.9820831000000000  
 
 0.6117405299999999  
 
 -0.2806072600000000  
 
 0.0702228800000000  
 
 0.1424518000000000  
 
 0.5591973000000000  
 
 0.4430004400000000  
 
 0.0410665400000000  
 
 0.1424518000000000  
 
 0.5591973000000000  
 
 0.4430004400000000  
 
 0.0410665400000000  
 
 0.1424518000000000  
 
 0.5591973000000000  
 
 0.4430004400000000  
 
 0.0410665400000000  
 
 0.1424518000000000  
 
 0.5591973000000000  
 
 0.4430004400000000  
 
 0.0410665400000000  
 
 0.1424518000000000  
 
 0.5591973000000000  
 
 0.4430004400000000  
 
 0.0410665400000000  
 
 0.1424518000000000  
 
 0.5591973000000000  
 
 0.4430004400000000  
 
 0.0410665400000000  
 
 -0.4383799700000000  
 
 -0.5926781400000000  
 
 0.8672435800000000  
 
 0.1701714900000000  
 
 -0.4383799700000000  
 
 -0.5926781400000000  
 
 0.8672435800000000  
 
 0.1701714900000000  
 
 -0.4383799700000000  
 
 -0.5926781400000000  
 
 0.8672435800000000  
 
 0.1701714900000000  
 
 -0.4383799700000000  
 
 -0.5926781400000000  
 
 0.8672435800000000  
 
 0.1701714900000000  
 
 -0.4383799700000000  
 
 -0.5926781400000000  
 
 0.8672435800000000  
 
 0.1701714900000000  
 
 -0.4383799700000000  
 
 -0.5926781400000000  
 
 0.8672435800000000  
 
 0.1701714900000000  
 
 1.1665506100000000  
 
 -1.1805431600000000  
 
 0.2758232100000000  
 
 0.4452547200000000  
 
 1.1665506100000000  
 
 -1.1805431600000000  
 
 0.2758232100000000  
 
 0.4452547200000000  
 
 1.1665506100000000  
 
 -1.1805431600000000  
 
 0.2758232100000000  
 
 0.4452547200000000  
 
 1.1665506100000000  
 
 -1.1805431600000000  
 
 0.2758232100000000  
 
 0.4452547200000000  
 
 1.1665506100000000  
 
 -1.1805431600000000  
 
 0.2758232100000000  
 
 0.4452547200000000  
 
 1.1665506100000000  
 
 -1.1805431600000000  
 
 0.2758232100000000  
 
 0.4452547200000000  
 
 -0.6029804700000000  
 
 1.1860981600000000  
 
 -1.5620697900000000  
 
 1.3069103900000001  
 
 -0.6029804700000000  
 
 1.1860981600000000  
 
 -1.5620697900000000  
 
 1.3069103900000001  
 
 -0.6029804700000000  
 
 1.1860981600000000  
 
 -1.5620697900000000  
 
 1.3069103900000001  
 
 -0.6029804700000000  
 
 1.1860981600000000  
 
 -1.5620697900000000  
 
 1.3069103900000001  
 
 -0.6029804700000000  
 
 1.1860981600000000  
 
 -1.5620697900000000  
 
 1.3069103900000001  
 
 -0.6029804700000000  
 
 1.1860981600000000  
 
 -1.5620697900000000  
 
 1.3069103900000001  
 
 0.3217598900000000  
 
 0.5894204500000000  
 
 0.2711660100000000  
 
 0.3217598900000000  
 
 0.5894204500000000  
 
 0.2711660100000000  
 
 0.3217598900000000  
 
 0.5894204500000000  
 
 0.2711660100000000  
 
 0.3217598900000000  
 
 0.5894204500000000  
 
 0.2711660100000000  
 
 0.3217598900000000  
 
 0.5894204500000000  
 
 0.2711660100000000  
 
 0.3217598900000000  
 
 0.5894204500000000  
 
 0.2711660100000000  
 
 0.3217598900000000  
 
 0.5894204500000000  
 
 0.2711660100000000  
 
 0.3217598900000000  
 
 0.5894204500000000  
 
 0.2711660100000000  
 
 0.3217598900000000  
 
 0.5894204500000000  
 
 0.2711660100000000  
 
 0.3217598900000000  
 
 0.5894204500000000  
 
 0.2711660100000000  
 
 -0.7955719800000000  
 
 0.0506528700000000  
 
 0.7726058300000000  
 
 -0.7955719800000000  
 
 0.0506528700000000  
 
 0.7726058300000000  
 
 -0.7955719800000000  
 
 0.0506528700000000  
 
 0.7726058300000000  
 
 -0.7955719800000000  
 
 0.0506528700000000  
 
 0.7726058300000000  
 
 -0.7955719800000000  
 
 0.0506528700000000  
 
 0.7726058300000000  
 
 -0.7955719800000000  
 
 0.0506528700000000  
 
 0.7726058300000000  
 
 -0.7955719800000000  
 
 0.0506528700000000  
 
 0.7726058300000000  
 
 -0.7955719800000000  
 
 0.0506528700000000  
 
 0.7726058300000000  
 
 -0.7955719800000000  
 
 0.0506528700000000  
 
 0.7726058300000000  
 
 -0.7955719800000000  
 
 0.0506528700000000  
 
 0.7726058300000000  
 
 1.0846656800000001  
 
 -1.6528938200000001  
 
 1.1146807000000001  
 
 1.0846656800000001  
 
 -1.6528938200000001  
 
 1.1146807000000001  
 
 1.0846656800000001  
 
 -1.6528938200000001  
 
 1.1146807000000001  
 
 1.0846656800000001  
 
 -1.6528938200000001  
 
 1.1146807000000001  
 
 1.0846656800000001  
 
 -1.6528938200000001  
 
 1.1146807000000001  
 
 1.0846656800000001  
 
 -1.6528938200000001  
 
 1.1146807000000001  
 
 1.0846656800000001  
 
 -1.6528938200000001  
 
 1.1146807000000001  
 
 1.0846656800000001  
 
 -1.6528938200000001  
 
 1.1146807000000001  
 
 1.0846656800000001  
 
 -1.6528938200000001  
 
 1.1146807000000001  
 
 1.0846656800000001  
 
 -1.6528938200000001  
 
 1.1146807000000001  
 
 0.0009638500000000  
 
 0.0074919600000000  
 
 0.0375954100000000  
 
 0.1433949800000000  
 
 0.3486363000000000  
 
 0.4382973600000000  
 
 0.1651066100000000  
 
 0.0210228700000000  
 
 -0.0013119000000000  
 
 -0.0103451000000000  
 
 -0.0504953000000000  
 
 -0.2073855000000000  
 
 -0.4350885000000000  
 
 -0.0247297000000000  
 
 0.3225259900000000  
 
 0.7072753800000000  
 
 0.0024224000000000  
 
 0.0203381700000000  
 
 0.0896393500000000  
 
 0.4422907100000000  
 
 0.5757143900000000  
 
 -0.9802890000000000  
 
 -0.6721538000000000  
 
 1.1417685000000000  
 
 -0.0115701000000000  
 
 -0.0837154000000000  
 
 -0.4451663000000000  
 
 -1.1462710000000000  
 
 2.5031870999999999  
 
 -1.5828490000000000  
 
 0.0309656900000000  
 
 0.3086286400000000  
 
 0.0147809900000000  
 
 0.0940318700000000  
 
 0.5361801600000000  
 
 -0.6089639000000000  
 
 -1.1148890000000000  
 
 3.4820812000000001  
 
 -3.7625389999999999  
 
 1.6766932000000001  
 
 -0.0212892000000000  
 
 -0.1095596000000000  
 
 -1.4818260000000001  
 
 3.0272963000000002  
 
 -3.7630859999999999  
 
 3.6574130999999999  
 
 -2.5012370000000002  
 
 0.8940539400000000  
 
 0.1127901900000000  
 
 0.4185075300000000  
 
 0.4700077300000000  
 
 0.1826260300000000  
 
 0.1127901900000000  
 
 0.4185075300000000  
 
 0.4700077300000000  
 
 0.1826260300000000  
 
 0.1127901900000000  
 
 0.4185075300000000  
 
 0.4700077300000000  
 
 0.1826260300000000  
 
 -0.2108688000000000  
 
 -0.5943796000000000  
 
 0.0896888800000000  
 
 0.8611634000000000  
 
 -0.2108688000000000  
 
 -0.5943796000000000  
 
 0.0896888800000000  
 
 0.8611634000000000  
 
 -0.2108688000000000  
 
 -0.5943796000000000  
 
 0.0896888800000000  
 
 0.8611634000000000  
 
 0.7599501100000000  
 
 0.1646159000000000  
 
 -1.3710140000000000  
 
 1.0593155000000001  
 
 0.7599501100000000  
 
 0.1646159000000000  
 
 -1.3710140000000000  
 
 1.0593155000000001  
 
 0.7599501100000000  
 
 0.1646159000000000  
 
 -1.3710140000000000  
 
 1.0593155000000001  
 
 -1.4427420000000000  
 
 2.3489914000000001  
 
 -1.9911520000000000  
 
 0.9050560100000000  
 
 -1.4427420000000000  
 
 2.3489914000000001  
 
 -1.9911520000000000  
 
 0.9050560100000000  
 
 -1.4427420000000000  
 
 2.3489914000000001  
 
 -1.9911520000000000  
 
 0.9050560100000000  
 
 0.2705134100000000  
 
 0.5510125000000000  
 
 0.3310866400000000  
 
 0.2705134100000000  
 
 0.5510125000000000  
 
 0.3310866400000000  
 
 0.2705134100000000  
 
 0.5510125000000000  
 
 0.3310866400000000  
 
 0.2705134100000000  
 
 0.5510125000000000  
 
 0.3310866400000000  
 
 0.2705134100000000  
 
 0.5510125000000000  
 
 0.3310866400000000  
 
 0.2705134100000000  
 
 0.5510125000000000  
 
 0.3310866400000000  
 
 -0.7938035000000000  
 
 -0.0914252000000000  
 
 0.8620033400000000  
 
 -0.7938035000000000  
 
 -0.0914252000000000  
 
 0.8620033400000000  
 
 -0.7938035000000000  
 
 -0.0914252000000000  
 
 0.8620033400000000  
 
 -0.7938035000000000  
 
 -0.0914252000000000  
 
 0.8620033400000000  
 
 -0.7938035000000000  
 
 -0.0914252000000000  
 
 0.8620033400000000  
 
 -0.7938035000000000  
 
 -0.0914252000000000  
 
 0.8620033400000000  
 
 1.3082769999999999  
 
 -2.0210590000000002  
 
 1.2498887999999999  
 
 1.3082769999999999  
 
 -2.0210590000000002  
 
 1.2498887999999999  
 
 1.3082769999999999  
 
 -2.0210590000000002  
 
 1.2498887999999999  
 
 1.3082769999999999  
 
 -2.0210590000000002  
 
 1.2498887999999999  
 
 1.3082769999999999  
 
 -2.0210590000000002  
 
 1.2498887999999999  
 
 1.3082769999999999  
 
 -2.0210590000000002  
 
 1.2498887999999999  
 
 1.0000000000000000  
 
 1.0000000000000000  
 
 1.0000000000000000  
 
 1.0000000000000000  
 
 1.0000000000000000  
 
 1.0000000000000000  
 
 1.0000000000000000  
 
 1.0000000000000000  
 
 1.0000000000000000  
 
 1.0000000000000000  
 
 0.0009638500000000  
 
 0.0074919600000000  
 
 0.0375954100000000  
 
 0.1433949800000000  
 
 0.3486363000000000  
 
 0.4382973600000000  
 
 0.1651066100000000  
 
 0.0210228700000000  
 
 -0.0013119000000000  
 
 -0.0103451000000000  
 
 -0.0504953000000000  
 
 -0.2073855000000000  
 
 -0.4350885000000000  
 
 -0.0247297000000000  
 
 0.3225259900000000  
 
 0.7072753800000000  
 
 0.0024224000000000  
 
 0.0203381700000000  
 
 0.0896393500000000  
 
 0.4422907100000000  
 
 0.5757143900000000  
 
 -0.9802890000000000  
 
 -0.6721538000000000  
 
 1.1417685000000000  
 
 -0.0115701000000000  
 
 -0.0837154000000000  
 
 -0.4451663000000000  
 
 -1.1462710000000000  
 
 2.5031870999999999  
 
 -1.5828490000000000  
 
 0.0309656900000000  
 
 0.3086286400000000  
 
 0.0147809900000000  
 
 0.0940318700000000  
 
 0.5361801600000000  
 
 -0.6089639000000000  
 
 -1.1148890000000000  
 
 3.4820812000000001  
 
 -3.7625389999999999  
 
 1.6766932000000001  
 
 -0.0212892000000000  
 
 -0.1095596000000000  
 
 -1.4818260000000001  
 
 3.0272963000000002  
 
 -3.7630859999999999  
 
 3.6574130999999999  
 
 -2.5012370000000002  
 
 0.8940539400000000  
 
 0.1127901900000000  
 
 0.4185075300000000  
 
 0.4700077300000000  
 
 0.1826260300000000  
 
 0.1127901900000000  
 
 0.4185075300000000  
 
 0.4700077300000000  
 
 0.1826260300000000  
 
 0.1127901900000000  
 
 0.4185075300000000  
 
 0.4700077300000000  
 
 0.1826260300000000  
 
 -0.2108688000000000  
 
 -0.5943796000000000  
 
 0.0896888800000000  
 
 0.8611634000000000  
 
 -0.2108688000000000  
 
 -0.5943796000000000  
 
 0.0896888800000000  
 
 0.8611634000000000  
 
 -0.2108688000000000  
 
 -0.5943796000000000  
 
 0.0896888800000000  
 
 0.8611634000000000  
 
 0.7599501100000000  
 
 0.1646159000000000  
 
 -1.3710140000000000  
 
 1.0593155000000001  
 
 0.7599501100000000  
 
 0.1646159000000000  
 
 -1.3710140000000000  
 
 1.0593155000000001  
 
 0.7599501100000000  
 
 0.1646159000000000  
 
 -1.3710140000000000  
 
 1.0593155000000001  
 
 -1.4427420000000000  
 
 2.3489914000000001  
 
 -1.9911520000000000  
 
 0.9050560100000000  
 
 -1.4427420000000000  
 
 2.3489914000000001  
 
 -1.9911520000000000  
 
 0.9050560100000000  
 
 -1.4427420000000000  
 
 2.3489914000000001  
 
 -1.9911520000000000  
 
 0.9050560100000000  
 
 0.2705134100000000  
 
 0.5510125000000000  
 
 0.3310866400000000  
 
 0.2705134100000000  
 
 0.5510125000000000  
 
 0.3310866400000000  
 
 0.2705134100000000  
 
 0.5510125000000000  
 
 0.3310866400000000  
 
 0.2705134100000000  
 
 0.5510125000000000  
 
 0.3310866400000000  
 
 0.2705134100000000  
 
 0.5510125000000000  
 
 0.3310866400000000  
 
 0.2705134100000000  
 
 0.5510125000000000  
 
 0.3310866400000000  
 
 -0.7938035000000000  
 
 -0.0914252000000000  
 
 0.8620033400000000  
 
 -0.7938035000000000  
 
 -0.0914252000000000  
 
 0.8620033400000000  
 
 -0.7938035000000000  
 
 -0.0914252000000000  
 
 0.8620033400000000  
 
 -0.7938035000000000  
 
 -0.0914252000000000  
 
 0.8620033400000000  
 
 -0.7938035000000000  
 
 -0.0914252000000000  
 
 0.8620033400000000  
 
 -0.7938035000000000  
 
 -0.0914252000000000  
 
 0.8620033400000000  
 
 1.3082769999999999  
 
 -2.0210590000000002  
 
 1.2498887999999999  
 
 1.3082769999999999  
 
 -2.0210590000000002  
 
 1.2498887999999999  
 
 1.3082769999999999  
 
 -2.0210590000000002  
 
 1.2498887999999999  
 
 1.3082769999999999  
 
 -2.0210590000000002  
 
 1.2498887999999999  
 
 1.3082769999999999  
 
 -2.0210590000000002  
 
 1.2498887999999999  
 
 1.3082769999999999  
 
 -2.0210590000000002  
 
 1.2498887999999999  
 
 1.0000000000000000  
 
 1.0000000000000000  
 
 1.0000000000000000  
 
 1.0000000000000000  
 
 1.0000000000000000  
 
 1.0000000000000000  
 
 1.0000000000000000  
 
 1.0000000000000000  
 
 1.0000000000000000  
 
 1.0000000000000000  
 
 0.0009638500000000  
 
 0.0074919600000000  
 
 0.0375954100000000  
 
 0.1433949800000000  
 
 0.3486363000000000  
 
 0.4382973600000000  
 
 0.1651066100000000  
 
 0.0210228700000000  
 
 -0.0013119000000000  
 
 -0.0103451000000000  
 
 -0.0504953000000000  
 
 -0.2073855000000000  
 
 -0.4350885000000000  
 
 -0.0247297000000000  
 
 0.3225259900000000  
 
 0.7072753800000000  
 
 0.0024224000000000  
 
 0.0203381700000000  
 
 0.0896393500000000  
 
 0.4422907100000000  
 
 0.5757143900000000  
 
 -0.9802890000000000  
 
 -0.6721538000000000  
 
 1.1417685000000000  
 
 -0.0115701000000000  
 
 -0.0837154000000000  
 
 -0.4451663000000000  
 
 -1.1462710000000000  
 
 2.5031870999999999  
 
 -1.5828490000000000  
 
 0.0309656900000000  
 
 0.3086286400000000  
 
 0.0147809900000000  
 
 0.0940318700000000  
 
 0.5361801600000000  
 
 -0.6089639000000000  
 
 -1.1148890000000000  
 
 3.4820812000000001  
 
 -3.7625389999999999  
 
 1.6766932000000001  
 
 -0.0212892000000000  
 
 -0.1095596000000000  
 
 -1.4818260000000001  
 
 3.0272963000000002  
 
 -3.7630859999999999  
 
 3.6574130999999999  
 
 -2.5012370000000002  
 
 0.8940539400000000  
 
 0.1127901900000000  
 
 0.4185075300000000  
 
 0.4700077300000000  
 
 0.1826260300000000  
 
 0.1127901900000000  
 
 0.4185075300000000  
 
 0.4700077300000000  
 
 0.1826260300000000  
 
 0.1127901900000000  
 
 0.4185075300000000  
 
 0.4700077300000000  
 
 0.1826260300000000  
 
 -0.2108688000000000  
 
 -0.5943796000000000  
 
 0.0896888800000000  
 
 0.8611634000000000  
 
 -0.2108688000000000  
 
 -0.5943796000000000  
 
 0.0896888800000000  
 
 0.8611634000000000  
 
 -0.2108688000000000  
 
 -0.5943796000000000  
 
 0.0896888800000000  
 
 0.8611634000000000  
 
 0.7599501100000000  
 
 0.1646159000000000  
 
 -1.3710140000000000  
 
 1.0593155000000001  
 
 0.7599501100000000  
 
 0.1646159000000000  
 
 -1.3710140000000000  
 
 1.0593155000000001  
 
 0.7599501100000000  
 
 0.1646159000000000  
 
 -1.3710140000000000  
 
 1.0593155000000001  
 
 -1.4427420000000000  
 
 2.3489914000000001  
 
 -1.9911520000000000  
 
 0.9050560100000000  
 
 -1.4427420000000000  
 
 2.3489914000000001  
 
 -1.9911520000000000  
 
 0.9050560100000000  
 
 -1.4427420000000000  
 
 2.3489914000000001  
 
 -1.9911520000000000  
 
 0.9050560100000000  
 
 0.2705134100000000  
 
 0.5510125000000000  
 
 0.3310866400000000  
 
 0.2705134100000000  
 
 0.5510125000000000  
 
 0.3310866400000000  
 
 0.2705134100000000  
 
 0.5510125000000000  
 
 0.3310866400000000  
 
 0.2705134100000000  
 
 0.5510125000000000  
 
 0.3310866400000000  
 
 0.2705134100000000  
 
 0.5510125000000000  
 
 0.3310866400000000  
 
 0.2705134100000000  
 
 0.5510125000000000  
 
 0.3310866400000000  
 
 -0.7938035000000000  
 
 -0.0914252000000000  
 
 0.8620033400000000  
 
 -0.7938035000000000  
 
 -0.0914252000000000  
 
 0.8620033400000000  
 
 -0.7938035000000000  
 
 -0.0914252000000000  
 
 0.8620033400000000  
 
 -0.7938035000000000  
 
 -0.0914252000000000  
 
 0.8620033400000000  
 
 -0.7938035000000000  
 
 -0.0914252000000000  
 
 0.8620033400000000  
 
 -0.7938035000000000  
 
 -0.0914252000000000  
 
 0.8620033400000000  
 
 1.3082769999999999  
 
 -2.0210590000000002  
 
 1.2498887999999999  
 
 1.3082769999999999  
 
 -2.0210590000000002  
 
 1.2498887999999999  
 
 1.3082769999999999  
 
 -2.0210590000000002  
 
 1.2498887999999999  
 
 1.3082769999999999  
 
 -2.0210590000000002  
 
 1.2498887999999999  
 
 1.3082769999999999  
 
 -2.0210590000000002  
 
 1.2498887999999999  
 
 1.3082769999999999  
 
 -2.0210590000000002  
 
 1.2498887999999999  
 
 1.0000000000000000  
 
 1.0000000000000000  
 
 1.0000000000000000  
 
 1.0000000000000000  
 
 1.0000000000000000  
 
 1.0000000000000000  
 
 1.0000000000000000  
 
 1.0000000000000000  
 
 1.0000000000000000  
 
 1.0000000000000000  
 
 0.0009638500000000  
 
 0.0074919600000000  
 
 0.0375954100000000  
 
 0.1433949800000000  
 
 0.3486363000000000  
 
 0.4382973600000000  
 
 0.1651066100000000  
 
 0.0210228700000000  
 
 -0.0013119000000000  
 
 -0.0103451000000000  
 
 -0.0504953000000000  
 
 -0.2073855000000000  
 
 -0.4350885000000000  
 
 -0.0247297000000000  
 
 0.3225259900000000  
 
 0.7072753800000000  
 
 0.0024224000000000  
 
 0.0203381700000000  
 
 0.0896393500000000  
 
 0.4422907100000000  
 
 0.5757143900000000  
 
 -0.9802890000000000  
 
 -0.6721538000000000  
 
 1.1417685000000000  
 
 -0.0115701000000000  
 
 -0.0837154000000000  
 
 -0.4451663000000000  
 
 -1.1462710000000000  
 
 2.5031870999999999  
 
 -1.5828490000000000  
 
 0.0309656900000000  
 
 0.3086286400000000  
 
 0.0147809900000000  
 
 0.0940318700000000  
 
 0.5361801600000000  
 
 -0.6089639000000000  
 
 -1.1148890000000000  
 
 3.4820812000000001  
 
 -3.7625389999999999  
 
 1.6766932000000001  
 
 -0.0212892000000000  
 
 -0.1095596000000000  
 
 -1.4818260000000001  
 
 3.0272963000000002  
 
 -3.7630859999999999  
 
 3.6574130999999999  
 
 -2.5012370000000002  
 
 0.8940539400000000  
 
 0.1127901900000000  
 
 0.4185075300000000  
 
 0.4700077300000000  
 
 0.1826260300000000  
 
 0.1127901900000000  
 
 0.4185075300000000  
 
 0.4700077300000000  
 
 0.1826260300000000  
 
 0.1127901900000000  
 
 0.4185075300000000  
 
 0.4700077300000000  
 
 0.1826260300000000  
 
 -0.2108688000000000  
 
 -0.5943796000000000  
 
 0.0896888800000000  
 
 0.8611634000000000  
 
 -0.2108688000000000  
 
 -0.5943796000000000  
 
 0.0896888800000000  
 
 0.8611634000000000  
 
 -0.2108688000000000  
 
 -0.5943796000000000  
 
 0.0896888800000000  
 
 0.8611634000000000  
 
 0.7599501100000000  
 
 0.1646159000000000  
 
 -1.3710140000000000  
 
 1.0593155000000001  
 
 0.7599501100000000  
 
 0.1646159000000000  
 
 -1.3710140000000000  
 
 1.0593155000000001  
 
 0.7599501100000000  
 
 0.1646159000000000  
 
 -1.3710140000000000  
 
 1.0593155000000001  
 
 -1.4427420000000000  
 
 2.3489914000000001  
 
 -1.9911520000000000  
 
 0.9050560100000000  
 
 -1.4427420000000000  
 
 2.3489914000000001  
 
 -1.9911520000000000  
 
 0.9050560100000000  
 
 -1.4427420000000000  
 
 2.3489914000000001  
 
 -1.9911520000000000  
 
 0.9050560100000000  
 
 0.2705134100000000  
 
 0.5510125000000000  
 
 0.3310866400000000  
 
 0.2705134100000000  
 
 0.5510125000000000  
 
 0.3310866400000000  
 
 0.2705134100000000  
 
 0.5510125000000000  
 
 0.3310866400000000  
 
 0.2705134100000000  
 
 0.5510125000000000  
 
 0.3310866400000000  
 
 0.2705134100000000  
 
 0.5510125000000000  
 
 0.3310866400000000  
 
 0.2705134100000000  
 
 0.5510125000000000  
 
 0.3310866400000000  
 
 -0.7938035000000000  
 
 -0.0914252000000000  
 
 0.8620033400000000  
 
 -0.7938035000000000  
 
 -0.0914252000000000  
 
 0.8620033400000000  
 
 -0.7938035000000000  
 
 -0.0914252000000000  
 
 0.8620033400000000  
 
 -0.7938035000000000  
 
 -0.0914252000000000  
 
 0.8620033400000000  
 
 -0.7938035000000000  
 
 -0.0914252000000000  
 
 0.8620033400000000  
 
 -0.7938035000000000  
 
 -0.0914252000000000  
 
 0.8620033400000000  
 
 1.3082769999999999  
 
 -2.0210590000000002  
 
 1.2498887999999999  
 
 1.3082769999999999  
 
 -2.0210590000000002  
 
 1.2498887999999999  
 
 1.3082769999999999  
 
 -2.0210590000000002  
 
 1.2498887999999999  
 
 1.3082769999999999  
 
 -2.0210590000000002  
 
 1.2498887999999999  
 
 1.3082769999999999  
 
 -2.0210590000000002  
 
 1.2498887999999999  
 
 1.3082769999999999  
 
 -2.0210590000000002  
 
 1.2498887999999999  
 
 1.0000000000000000  
 
 1.0000000000000000  
 
 1.0000000000000000  
 
 1.0000000000000000  
 
 1.0000000000000000  
 
 1.0000000000000000  
 
 1.0000000000000000  
 
 1.0000000000000000  
 
 1.0000000000000000  
 
 1.0000000000000000  
 