S   6
1     11427.1000000    0.001800930156
2      1722.3500000    0.013741901192
3       395.7460000    0.068133405910
4       115.1390000    0.233325020240
5        33.6026000    0.589086051102
6         4.9190100    0.299505025981
L   3
1        55.4441000    0.114536015543    0.035460887379 
2        12.6323000    0.920512124917    0.237450915490
3         3.7175600   -0.003378040458    0.820457707996
L   1
1         1.1654500    1.000000000000    1.000000000000
L   1
1         0.3218920    1.000000000000    1.000000000000
L   1
1         0.1076000    1.000000000000    1.000000000000
D   1
1         1.7500000    1.000000000000
S   6
1     11427.1000000    0.001800930156
2      1722.3500000    0.013741901192
3       395.7460000    0.068133405910
4       115.1390000    0.233325020240
5        33.6026000    0.589086051102
6         4.9190100    0.299505025981
L   3
1        55.4441000    0.114536015543    0.035460887379 
2        12.6323000    0.920512124917    0.237450915490
3         3.7175600   -0.003378040458    0.820457707996
L   1
1         1.1654500    1.000000000000    1.000000000000
L   1
1         0.3218920    1.000000000000    1.000000000000
L   1
1         0.1076000    1.000000000000    1.000000000000
D   1
1         1.7500000    1.000000000000


































