11427.1000000000003638
1722.3499999999999091
395.7459999999999809
115.1389999999999958
33.6026000000000025
4.9190100000000001
55.4440999999999988
12.6323000000000008
3.7175600000000002
55.4440999999999988
12.6323000000000008
3.7175600000000002
55.4440999999999988
12.6323000000000008
3.7175600000000002
55.4440999999999988
12.6323000000000008
3.7175600000000002
1.1654500000000001
1.1654500000000001
1.1654500000000001
1.1654500000000001
0.3218920000000000
0.3218920000000000
0.3218920000000000
0.3218920000000000
0.1076000000000000
0.1076000000000000
0.1076000000000000
0.1076000000000000
1.7500000000000000
1.7500000000000000
1.7500000000000000
1.7500000000000000
1.7500000000000000
1.7500000000000000
11427.1000000000003638
1722.3499999999999091
395.7459999999999809
115.1389999999999958
33.6026000000000025
4.9190100000000001
55.4440999999999988
12.6323000000000008
3.7175600000000002
55.4440999999999988
12.6323000000000008
3.7175600000000002
55.4440999999999988
12.6323000000000008
3.7175600000000002
55.4440999999999988
12.6323000000000008
3.7175600000000002
1.1654500000000001
1.1654500000000001
1.1654500000000001
1.1654500000000001
0.3218920000000000
0.3218920000000000
0.3218920000000000
0.3218920000000000
0.1076000000000000
0.1076000000000000
0.1076000000000000
0.1076000000000000
1.7500000000000000
1.7500000000000000
1.7500000000000000
1.7500000000000000
1.7500000000000000
1.7500000000000000
