 6.84352679E-02  1.66982947E-01  3.23848896E-01  4.10494187E-01  1.87542466E-01
-0.00000000E+00 -0.00000000E+00 -0.00000000E+00 -0.00000000E+00 -0.00000000E+00
-0.00000000E+00 -0.00000000E+00  1.69333450E-11 -0.00000000E+00 -0.00000000E+00
-0.00000000E+00 -0.00000000E+00  4.56884205E-04  4.56884205E-04  4.56884205E-04
-0.00000000E+00 -0.00000000E+00 -0.00000000E+00  1.26661473E-03  1.26661473E-03
 1.26661473E-03 -0.00000000E+00 -0.00000000E+00 -0.00000000E+00  3.49273048E-03
 3.49273048E-03  3.49273048E-03 -0.00000000E+00 -0.00000000E+00 -0.00000000E+00
-0.00000000E+00 -0.00000000E+00 -0.00000000E+00 -0.00000000E+00 -0.00000000E+00
-0.00000000E+00 -0.00000000E+00 -0.00000000E+00 -0.00000000E+00 -0.00000000E+00
-0.00000000E+00 -0.00000000E+00 -0.00000000E+00 -0.00000000E+00 -0.00000000E+00
-0.00000000E+00 -0.00000000E+00 -0.00000000E+00 -0.00000000E+00 -0.00000000E+00
 9.80764325E-04  9.80764325E-04  9.80764325E-04 -0.00000000E+00 -0.00000000E+00
-0.00000000E+00 -0.00000000E+00 -0.00000000E+00 -0.00000000E+00  5.74276786E-04
 5.74276786E-04  5.74276786E-04 -0.00000000E+00 -0.00000000E+00 -0.00000000E+00
 1.89441972E-02 -6.52204858E-01 -5.45780777E-02  5.28736316E+00 -2.49746808E+00
-0.00000000E+00 -0.00000000E+00 -0.00000000E+00 -0.00000000E+00 -0.00000000E+00
-0.00000000E+00 -0.00000000E+00 -0.00000000E+00 -0.00000000E+00 -0.00000000E+00
-0.00000000E+00 -0.00000000E+00 -1.99331582E-02 -1.99331582E-02 -1.99331582E-02
-0.00000000E+00 -0.00000000E+00 -0.00000000E+00 -2.53463294E-01 -2.53463294E-01
-2.53463294E-01 -0.00000000E+00 -0.00000000E+00 -0.00000000E+00 -1.08617717E+00
-1.08617717E+00 -1.08617717E+00 -0.00000000E+00 -0.00000000E+00 -0.00000000E+00
-0.00000000E+00 -0.00000000E+00 -0.00000000E+00 -0.00000000E+00 -0.00000000E+00
-0.00000000E+00 -0.00000000E+00 -0.00000000E+00 -0.00000000E+00 -0.00000000E+00
-0.00000000E+00 -0.00000000E+00 -0.00000000E+00 -0.00000000E+00 -0.00000000E+00
-0.00000000E+00 -0.00000000E+00 -0.00000000E+00 -0.00000000E+00 -0.00000000E+00
-5.48303899E-02 -5.48303899E-02 -5.48303899E-02 -0.00000000E+00 -0.00000000E+00
-0.00000000E+00 -0.00000000E+00 -0.00000000E+00 -0.00000000E+00 -3.21053889E-02
-3.21053889E-02 -3.21053889E-02 -0.00000000E+00 -0.00000000E+00 -0.00000000E+00
-0.00000000E+00 -0.00000000E+00 -0.00000000E+00  1.11545658E-11 -0.00000000E+00
-6.56940414E-02  1.36444836E-03 -1.63127046E-02  3.95164249E-02 -8.20745992E-04
 9.81245413E-03  5.74610407E-01 -1.19345105E-02  1.42683410E-01  1.21424700E+00
-2.52195983E-02  3.01513688E-01 -0.00000000E+00 -0.00000000E+00 -0.00000000E+00
-0.00000000E+00 -0.00000000E+00 -0.00000000E+00 -0.00000000E+00 -0.00000000E+00
-0.00000000E+00 -0.00000000E+00 -0.00000000E+00 -0.00000000E+00 -0.00000000E+00
-0.00000000E+00 -0.00000000E+00 -0.00000000E+00 -0.00000000E+00 -0.00000000E+00
-1.47257570E-01  3.05850189E-03 -3.65660141E-02  1.36780363E-03 -1.63528186E-02
-6.58555873E-02 -1.63528186E-02 -6.58555873E-02  1.36780363E-03 -0.00000000E+00
-4.94166503E-01  1.02637113E-02 -1.22708118E-01  4.59007123E-03 -5.48767387E-02
-2.20997978E-01 -5.48767387E-02 -2.20997978E-01  4.59007123E-03 -0.00000000E+00
-0.00000000E+00 -0.00000000E+00 -0.00000000E+00 -0.00000000E+00 -0.00000000E+00
-0.00000000E+00 -0.00000000E+00 -0.00000000E+00 -0.00000000E+00 -0.00000000E+00
-0.00000000E+00 -0.00000000E+00 -0.00000000E+00 -0.00000000E+00 -0.00000000E+00
-0.00000000E+00 -0.00000000E+00 -0.00000000E+00 -1.80103922E-11 -0.00000000E+00
-1.56868122E-03 -6.76814724E-02  6.56245261E-04  9.43596595E-04  4.07119088E-02
-3.94746099E-04  1.37208876E-02  5.91994001E-01 -5.74002373E-03  2.89945090E-02
 1.25098142E+00 -1.21296213E-02 -0.00000000E+00 -0.00000000E+00 -0.00000000E+00
-0.00000000E+00 -0.00000000E+00 -0.00000000E+00 -0.00000000E+00 -0.00000000E+00
-0.00000000E+00 -0.00000000E+00 -0.00000000E+00 -0.00000000E+00 -0.00000000E+00
-0.00000000E+00 -0.00000000E+00 -0.00000000E+00 -0.00000000E+00 -0.00000000E+00
-3.51630345E-03 -1.51712529E-01  1.47101747E-03 -6.78479055E-02  6.57859010E-04
-1.57253871E-03  6.57859010E-04 -1.57253871E-03 -6.78479055E-02 -0.00000000E+00
-1.18000004E-02 -5.09116441E-01  4.93643592E-03 -2.27683794E-01  2.20764125E-03
-5.27712060E-03  2.20764125E-03 -5.27712060E-03 -2.27683794E-01 -0.00000000E+00
-0.00000000E+00 -0.00000000E+00 -0.00000000E+00 -0.00000000E+00 -0.00000000E+00
-0.00000000E+00 -0.00000000E+00 -0.00000000E+00 -0.00000000E+00 -0.00000000E+00
-0.00000000E+00 -0.00000000E+00 -0.00000000E+00 -0.00000000E+00 -0.00000000E+00
 0.00000000E+00  0.00000000E+00  0.00000000E+00  1.56667915E-11  0.00000000E+00
 1.62943331E-02 -1.01474100E-03 -6.57049324E-02 -9.80140324E-03  6.10389247E-04
 3.95229761E-02 -1.42522718E-01  8.87570204E-03  5.74705668E-01 -3.01174120E-01
 1.87558291E-02  1.21444831E+00  0.00000000E+00  0.00000000E+00  0.00000000E+00
 0.00000000E+00  0.00000000E+00  0.00000000E+00  0.00000000E+00  0.00000000E+00
 0.00000000E+00  0.00000000E+00  0.00000000E+00  0.00000000E+00  0.00000000E+00
 0.00000000E+00  0.00000000E+00  0.00000000E+00  0.00000000E+00  0.00000000E+00
 3.65248330E-02 -2.27460954E-03 -1.47281983E-01 -1.01723631E-03 -6.58665051E-02
 1.63344019E-02 -6.58665051E-02  1.63344019E-02 -1.01723631E-03  0.00000000E+00
 1.22569923E-01 -7.63312774E-03 -4.94248427E-01 -3.41363850E-03 -2.21034616E-01
 5.48149359E-02 -2.21034616E-01  5.48149359E-02 -3.41363850E-03  0.00000000E+00
 0.00000000E+00  0.00000000E+00  0.00000000E+00  0.00000000E+00  0.00000000E+00
 0.00000000E+00  0.00000000E+00  0.00000000E+00  0.00000000E+00  0.00000000E+00
 0.00000000E+00  0.00000000E+00  0.00000000E+00  0.00000000E+00  0.00000000E+00
-6.86077142E-02 -2.12907509E+00 -9.69955822E-01  1.22701367E+01 -2.41304628E+00
-0.00000000E+00 -0.00000000E+00 -0.00000000E+00 -0.00000000E+00 -0.00000000E+00
-0.00000000E+00 -0.00000000E+00  1.72233471E-11 -0.00000000E+00 -0.00000000E+00
-0.00000000E+00 -0.00000000E+00 -5.20744687E-02 -5.20744687E-02 -5.20744687E-02
-0.00000000E+00 -0.00000000E+00 -0.00000000E+00 -7.04424688E-01 -7.04424688E-01
-7.04424688E-01 -0.00000000E+00 -0.00000000E+00 -0.00000000E+00 -3.07170843E+00
-3.07170843E+00 -3.07170843E+00 -0.00000000E+00 -0.00000000E+00 -0.00000000E+00
-0.00000000E+00 -0.00000000E+00 -0.00000000E+00 -0.00000000E+00 -0.00000000E+00
-0.00000000E+00 -0.00000000E+00 -0.00000000E+00 -0.00000000E+00 -0.00000000E+00
-0.00000000E+00 -1.16454743E-11 -0.00000000E+00 -0.00000000E+00 -0.00000000E+00
-0.00000000E+00 -0.00000000E+00 -0.00000000E+00 -0.00000000E+00 -0.00000000E+00
-1.47266070E-01 -1.47266070E-01 -1.47266070E-01 -0.00000000E+00 -0.00000000E+00
-0.00000000E+00 -0.00000000E+00 -0.00000000E+00 -0.00000000E+00 -8.62301813E-02
-8.62301813E-02 -8.62301813E-02 -0.00000000E+00 -0.00000000E+00 -0.00000000E+00
-0.00000000E+00 -0.00000000E+00 -0.00000000E+00 -0.00000000E+00 -0.00000000E+00
-0.00000000E+00 -0.00000000E+00 -0.00000000E+00 -0.00000000E+00 -0.00000000E+00
-0.00000000E+00 -0.00000000E+00 -0.00000000E+00 -0.00000000E+00 -0.00000000E+00
-0.00000000E+00 -0.00000000E+00  4.98005242E-03  6.20339929E-02 -6.70140453E-02
-2.62449424E-02  8.71754740E-03  1.21311246E-03 -1.93354789E-02 -2.40852276E-01
 2.60187755E-01  1.01898230E-01 -3.38466224E-02 -4.71001273E-03 -7.23430353E-02
-9.01140582E-01  9.73483617E-01  3.81248756E-01 -1.26635984E-01 -1.76223521E-02
-0.00000000E+00 -0.00000000E+00 -0.00000000E+00 -0.00000000E+00 -0.00000000E+00
-0.00000000E+00 -0.00000000E+00 -0.00000000E+00 -0.00000000E+00 -0.00000000E+00
-0.00000000E+00 -0.00000000E+00 -0.00000000E+00 -0.00000000E+00 -0.00000000E+00
-0.00000000E+00 -0.00000000E+00 -0.00000000E+00 -0.00000000E+00 -0.00000000E+00
 2.40456400E-02  2.99524369E-01 -3.23570009E-01 -8.29582642E-02  2.75555035E-02
-8.29582642E-02  3.83455610E-03  2.75555035E-02  3.83455610E-03  9.47315986E-02
-8.76917560E-02 -7.03984254E-03  1.71486562E-03  1.23231958E-02 -3.71000636E-02
-0.00000000E+00 -0.00000000E+00 -0.00000000E+00 -0.00000000E+00 -0.00000000E+00
-0.00000000E+00 -0.00000000E+00 -0.00000000E+00 -0.00000000E+00 -0.00000000E+00
-0.00000000E+00 -0.00000000E+00 -0.00000000E+00 -0.00000000E+00 -0.00000000E+00
-0.00000000E+00 -0.00000000E+00 -7.08155238E-02  4.56361536E-02  2.51793702E-02
 9.49282099E-03 -2.99316554E-02 -1.42073174E-02  2.74947320E-01 -1.77186265E-01
-9.77610553E-02 -3.68566884E-02  1.16212209E-01  5.51611234E-02  1.02870603E+00
-6.62936369E-01 -3.65769656E-01 -1.37898043E-01  4.34804018E-01  2.06383463E-01
-0.00000000E+00 -0.00000000E+00 -0.00000000E+00 -0.00000000E+00 -0.00000000E+00
-0.00000000E+00 -0.00000000E+00 -0.00000000E+00 -0.00000000E+00 -0.00000000E+00
-0.00000000E+00 -0.00000000E+00 -0.00000000E+00 -0.00000000E+00 -0.00000000E+00
-0.00000000E+00 -0.00000000E+00 -0.00000000E+00 -0.00000000E+00 -0.00000000E+00
-3.41925033E-01  2.20349190E-01  1.21575843E-01  3.00060843E-02 -9.46116834E-02
 3.00060843E-02 -4.49082484E-02 -9.46116834E-02 -4.49082484E-02 -3.55937621E-02
-6.45116373E-02  1.00105399E-01 -2.00835792E-02 -4.23116311E-02  1.34191288E-02
 0.00000000E+00  0.00000000E+00  0.00000000E+00  0.00000000E+00  0.00000000E+00
 0.00000000E+00  0.00000000E+00  0.00000000E+00  0.00000000E+00  0.00000000E+00
 0.00000000E+00  0.00000000E+00  0.00000000E+00  0.00000000E+00  0.00000000E+00
 0.00000000E+00  0.00000000E+00  5.84621610E-03  9.18142185E-03 -1.50276380E-02
 4.89741365E-02  3.18722286E-02 -5.19456879E-02 -2.26984334E-02 -3.56476546E-02
 5.83460880E-02 -1.90146268E-01 -1.23746650E-01  2.01683570E-01 -8.49254147E-02
-1.33374485E-01  2.18299899E-01 -7.11425781E-01 -4.62993872E-01  7.54592203E-01
 0.00000000E+00  0.00000000E+00  0.00000000E+00  0.00000000E+00  0.00000000E+00
 0.00000000E+00  0.00000000E+00  0.00000000E+00  0.00000000E+00  0.00000000E+00
 0.00000000E+00  0.00000000E+00  0.00000000E+00  0.00000000E+00  0.00000000E+00
 0.00000000E+00  0.00000000E+00  0.00000000E+00  0.00000000E+00  0.00000000E+00
 2.82278168E-02  4.43314940E-02 -7.25593108E-02  1.54803516E-01  1.00745687E-01
 1.54803516E-01 -1.64196364E-01  1.00745687E-01 -1.64196364E-01  2.12431910E-02
-1.29789325E-02 -8.26425854E-03 -7.34308461E-02  4.50548411E-02  6.92302370E-02
 0.00000000E+00  0.00000000E+00  0.00000000E+00  0.00000000E+00  0.00000000E+00
 0.00000000E+00  0.00000000E+00  0.00000000E+00  0.00000000E+00  0.00000000E+00
 0.00000000E+00  0.00000000E+00  0.00000000E+00  0.00000000E+00  0.00000000E+00
 0.00000000E+00  0.00000000E+00  4.64481456E-03 -1.69423670E-02  1.22975525E-02
-5.19981796E-02 -6.94243618E-03 -5.73029134E-02 -1.80338893E-02  6.57801872E-02
-4.77462980E-02  2.01887374E-01  2.69546015E-02  2.22483456E-01 -6.74731820E-02
 2.46114328E-01 -1.78641146E-01  7.55354727E-01  1.00849723E-01  8.32414267E-01
 0.00000000E+00  0.00000000E+00  0.00000000E+00  0.00000000E+00  0.00000000E+00
 0.00000000E+00  0.00000000E+00  0.00000000E+00  0.00000000E+00  0.00000000E+00
 0.00000000E+00  0.00000000E+00  0.00000000E+00  0.00000000E+00  0.00000000E+00
 0.00000000E+00  0.00000000E+00  0.00000000E+00  0.00000000E+00  0.00000000E+00
 2.24269805E-02 -8.18043714E-02  5.93773909E-02 -1.64362286E-01 -2.19445121E-02
-1.64362286E-01 -1.81130146E-01 -2.19445121E-02 -1.81130146E-01 -1.73839200E-02
 2.39498676E-02 -6.56594757E-03 -8.10038637E-02 -9.81388415E-03 -7.35050488E-02
 0.00000000E+00  0.00000000E+00  0.00000000E+00  0.00000000E+00  0.00000000E+00
 0.00000000E+00  0.00000000E+00  0.00000000E+00  0.00000000E+00  0.00000000E+00
 0.00000000E+00  0.00000000E+00  0.00000000E+00  0.00000000E+00  0.00000000E+00
 0.00000000E+00  0.00000000E+00  3.53101314E-02 -6.32298592E-03 -2.89871455E-02
 2.14711406E-02 -6.56221095E-02 -1.25259479E-02 -1.37094601E-01  2.45495329E-02
 1.12545068E-01 -8.33635374E-02  2.54783445E-01  4.86330625E-02 -5.12934777E-01
 9.18512406E-02  4.21083536E-01 -3.11901834E-01  9.53263576E-01  1.81958946E-01
 0.00000000E+00  0.00000000E+00  0.00000000E+00  0.00000000E+00  0.00000000E+00
 0.00000000E+00  0.00000000E+00  0.00000000E+00  0.00000000E+00  0.00000000E+00
 0.00000000E+00  0.00000000E+00  0.00000000E+00  0.00000000E+00  0.00000000E+00
 0.00000000E+00  0.00000000E+00  0.00000000E+00  0.00000000E+00  0.00000000E+00
 1.70491118E-01 -3.05298479E-02 -1.39961270E-01  6.78686404E-02 -2.07426491E-01
 6.78686404E-02 -3.95935673E-02 -2.07426491E-01 -3.95935673E-02  4.09764642E-02
 8.93822424E-03 -4.99146884E-02 -1.77067816E-02 -9.27639467E-02  3.03517787E-02
 0.00000000E+00 -1.84349921E-10  2.62159469E-10  4.13914811E-10 -4.33442545E-11
-8.96117163E-02 -2.49845569E-02  2.19312192E-01  1.78513211E-02  4.97710976E-03
-4.36886217E-02  5.67518110E-01  1.58229181E-01 -1.38892152E+00  4.25321107E-01
 1.18583371E-01 -1.04091416E+00  0.00000000E+00  0.00000000E+00  0.00000000E+00
 0.00000000E+00  0.00000000E+00  0.00000000E+00 -6.49881824E-11 -6.49891735E-11
-6.49889505E-11  0.00000000E+00  0.00000000E+00  0.00000000E+00 -1.65642337E-10
-1.65642460E-10 -1.65641602E-10  0.00000000E+00  0.00000000E+00  0.00000000E+00
-1.85949272E-01 -5.18443385E-02  4.55084939E-01 -2.31854930E-02  2.03520172E-01
-8.31590424E-02  2.03520172E-01 -8.31590424E-02 -2.31854930E-02  0.00000000E+00
-6.54712131E-01 -1.82539663E-01  1.60231674E+00 -8.16342189E-02  7.16577829E-01
-2.92796166E-01  7.16577829E-01 -2.92796166E-01 -8.16342189E-02  0.00000000E+00
-1.64146126E-11 -1.64139135E-11 -1.64140187E-11  0.00000000E+00  0.00000000E+00
 0.00000000E+00  0.00000000E+00  0.00000000E+00  0.00000000E+00  0.00000000E+00
 0.00000000E+00  0.00000000E+00  0.00000000E+00  0.00000000E+00  0.00000000E+00
-0.00000000E+00  1.65159582E-10 -2.35201138E-10 -3.54447018E-10  3.50770955E-11
-4.00360286E-02  2.34610180E-01  1.03684803E-02  7.97547499E-03 -4.67360947E-02
-2.06547848E-03  2.53551346E-01 -1.48580489E+00 -6.56644086E-02  1.90021670E-01
-1.11352249E+00 -4.92115732E-02 -0.00000000E+00 -0.00000000E+00 -0.00000000E+00
-0.00000000E+00 -0.00000000E+00 -0.00000000E+00  5.63378107E-11  5.63375960E-11
 5.63373301E-11 -0.00000000E+00 -0.00000000E+00 -0.00000000E+00  1.44777137E-10
 1.44778308E-10  1.44776482E-10 -0.00000000E+00 -0.00000000E+00 -0.00000000E+00
-8.30769755E-02  4.86829110E-01  2.15151706E-02  2.17716597E-01  9.62187681E-03
-3.71531529E-02  9.62187681E-03 -3.71531529E-02  2.17716597E-01 -0.00000000E+00
-2.92507215E-01  1.71408536E+00  7.57531506E-02  7.66562276E-01  3.38778389E-02
-1.30813203E-01  3.38778389E-02 -1.30813203E-01  7.66562276E-01 -0.00000000E+00
 1.44323672E-11  1.44322363E-11  1.44330247E-11 -0.00000000E+00 -0.00000000E+00
-0.00000000E+00 -0.00000000E+00 -0.00000000E+00 -0.00000000E+00 -0.00000000E+00
-0.00000000E+00 -0.00000000E+00 -0.00000000E+00 -0.00000000E+00 -0.00000000E+00
-0.00000000E+00 -4.64790272E-11  6.43126016E-11  1.11455208E-10 -1.20948105E-11
 2.17069533E-01  3.29569551E-02  9.24498913E-02 -4.32418672E-02 -6.56527084E-03
-1.84167067E-02 -1.37471858E+00 -2.08719012E-01 -5.85492497E-01 -1.03026990E+00
-1.56422499E-01 -4.38791843E-01 -0.00000000E+00 -0.00000000E+00 -0.00000000E+00
-0.00000000E+00 -0.00000000E+00 -0.00000000E+00 -1.65359605E-11 -1.65353858E-11
-1.65352530E-11 -0.00000000E+00 -0.00000000E+00 -0.00000000E+00 -4.35972080E-11
-4.35975908E-11 -4.35997737E-11 -0.00000000E+00 -0.00000000E+00 -0.00000000E+00
 4.50431297E-01  6.83875061E-02  1.91838642E-01  3.05838225E-02  8.57928488E-02
 2.01439000E-01  8.57928488E-02  2.01439000E-01  3.05838225E-02 -0.00000000E+00
 1.58593164E+00  2.40786799E-01  6.75448120E-01  1.07683130E-01  3.02069582E-01
 7.09250193E-01  3.02069582E-01  7.09250193E-01  1.07683130E-01 -0.00000000E+00
-0.00000000E+00 -0.00000000E+00 -0.00000000E+00 -0.00000000E+00 -0.00000000E+00
-0.00000000E+00 -0.00000000E+00 -0.00000000E+00 -0.00000000E+00 -0.00000000E+00
-0.00000000E+00 -0.00000000E+00 -0.00000000E+00 -0.00000000E+00 -0.00000000E+00
 2.86046063E-02 -4.26600397E+00  4.27895129E+00  1.44370029E+01 -1.77679055E+00
-0.00000000E+00  1.11076999E-11 -0.00000000E+00 -0.00000000E+00 -0.00000000E+00
-0.00000000E+00 -0.00000000E+00 -1.00890962E-10  6.89054382E-11 -0.00000000E+00
-3.29667291E-11  3.27522557E-11 -1.05991512E-01 -1.05991512E-01 -1.05991512E-01
-0.00000000E+00 -0.00000000E+00 -0.00000000E+00 -1.60091120E+00 -1.60091120E+00
-1.60091120E+00 -0.00000000E+00 -0.00000000E+00 -0.00000000E+00 -5.18715100E+00
-5.18715100E+00 -5.18715100E+00 -0.00000000E+00 -0.00000000E+00 -0.00000000E+00
-0.00000000E+00  2.48809406E-11 -1.84125680E-11  1.12267399E-11 -0.00000000E+00
-0.00000000E+00 -0.00000000E+00 -0.00000000E+00  1.12267399E-11 -0.00000000E+00
-0.00000000E+00  8.31870550E-11 -6.53391964E-11  3.60155874E-11 -2.88429182E-11
-0.00000000E+00 -2.88429182E-11 -0.00000000E+00  3.60155874E-11 -0.00000000E+00
-2.91673408E-01 -2.91673408E-01 -2.91673408E-01 -0.00000000E+00 -0.00000000E+00
-0.00000000E+00 -0.00000000E+00 -0.00000000E+00 -0.00000000E+00 -1.70786460E-01
-1.70786460E-01 -1.70786460E-01 -0.00000000E+00 -0.00000000E+00 -0.00000000E+00
 0.00000000E+00  0.00000000E+00 -1.11894235E-11  0.00000000E+00  0.00000000E+00
 0.00000000E+00  0.00000000E+00  0.00000000E+00  0.00000000E+00  0.00000000E+00
 0.00000000E+00  0.00000000E+00  0.00000000E+00  0.00000000E+00  0.00000000E+00
 0.00000000E+00  0.00000000E+00  0.00000000E+00  0.00000000E+00  0.00000000E+00
 0.00000000E+00  0.00000000E+00  0.00000000E+00  0.00000000E+00  0.00000000E+00
 0.00000000E+00  0.00000000E+00  0.00000000E+00  0.00000000E+00  0.00000000E+00
 0.00000000E+00  0.00000000E+00  0.00000000E+00  0.00000000E+00  0.00000000E+00
-3.66678019E-02  2.29648910E-02  2.16747735E-02  1.79344282E-03 -1.07428083E-01
 3.14011112E-02  7.83483227E-02  1.77939074E-02 -3.26040772E-02 -2.48263010E-02
 3.16523063E-01 -1.98237071E-01 -1.87100544E-01 -1.54813211E-02  9.27338538E-01
-2.71060041E-01 -6.76316817E-01 -1.53600210E-01  2.81444260E-01  2.14305097E-01
 0.00000000E+00  0.00000000E+00  0.00000000E+00  0.00000000E+00  0.00000000E+00
 0.00000000E+00  0.00000000E+00  0.00000000E+00  0.00000000E+00  0.00000000E+00
 0.00000000E+00  0.00000000E+00  0.00000000E+00  0.00000000E+00  0.00000000E+00
 0.00000000E+00 -5.90068205E-11  9.94887477E-11  6.23707671E-11  0.00000000E+00
 0.00000000E+00  0.00000000E+00  0.00000000E+00  0.00000000E+00  0.00000000E+00
 0.00000000E+00  0.00000000E+00  0.00000000E+00  0.00000000E+00  0.00000000E+00
 0.00000000E+00  0.00000000E+00  0.00000000E+00  0.00000000E+00  0.00000000E+00
 0.00000000E+00  0.00000000E+00  0.00000000E+00 -1.98667598E-11 -1.98669709E-11
-1.98670693E-11  0.00000000E+00  0.00000000E+00  0.00000000E+00 -3.04825898E-11
-3.04832002E-11 -3.04836928E-11  0.00000000E+00  0.00000000E+00  0.00000000E+00
-9.16850070E-02 -7.99026085E-03  4.49489061E-02  3.39337587E-02  1.28655562E-02
 8.46847899E-02 -7.31708419E-02  3.83235550E-02 -2.32136988E-02 -1.24734181E-02
 7.91441476E-01  6.89733692E-02 -3.88007044E-01 -2.92922310E-01 -1.11057796E-01
-7.31014342E-01  6.31623871E-01 -3.30815821E-01  2.00384825E-01  1.07672789E-01
 0.00000000E+00  0.00000000E+00  0.00000000E+00  0.00000000E+00  0.00000000E+00
 0.00000000E+00  0.00000000E+00  0.00000000E+00  0.00000000E+00  0.00000000E+00
 0.00000000E+00  0.00000000E+00  0.00000000E+00  0.00000000E+00  0.00000000E+00
 0.00000000E+00  1.01943116E-10 -1.69704599E-10 -1.02004611E-10  0.00000000E+00
 0.00000000E+00  0.00000000E+00  0.00000000E+00  0.00000000E+00  0.00000000E+00
 0.00000000E+00  0.00000000E+00  0.00000000E+00  0.00000000E+00  0.00000000E+00
 0.00000000E+00  0.00000000E+00  0.00000000E+00  0.00000000E+00  0.00000000E+00
 0.00000000E+00  0.00000000E+00  0.00000000E+00  3.31400054E-11  3.31407708E-11
 3.31404020E-11  0.00000000E+00  0.00000000E+00  0.00000000E+00  5.08498692E-11
 5.08507088E-11  5.08502274E-11  0.00000000E+00  0.00000000E+00  0.00000000E+00
 1.46849391E-02  7.07471110E-02 -3.01448547E-02  3.06611382E-02  3.48923602E-02
-2.29973110E-02  5.55120636E-03  3.29539774E-03 -1.25578348E-01  1.16025284E-02
-1.26763036E-01 -6.10701790E-01  2.60215809E-01 -2.64672461E-01 -3.01197130E-01
 1.98516926E-01 -4.79190120E-02 -2.84464662E-02  1.08401489E+00 -1.00155113E-01
 0.00000000E+00  0.00000000E+00  0.00000000E+00  0.00000000E+00  0.00000000E+00
 0.00000000E+00  0.00000000E+00  0.00000000E+00  0.00000000E+00  0.00000000E+00
 0.00000000E+00  0.00000000E+00  0.00000000E+00  0.00000000E+00  0.00000000E+00
-0.00000000E+00  9.71876002E-11 -1.61345720E-10 -9.60777897E-11 -0.00000000E+00
-0.00000000E+00 -0.00000000E+00 -0.00000000E+00 -0.00000000E+00 -0.00000000E+00
-0.00000000E+00 -0.00000000E+00 -0.00000000E+00 -0.00000000E+00 -0.00000000E+00
-0.00000000E+00 -0.00000000E+00 -0.00000000E+00 -0.00000000E+00 -0.00000000E+00
-0.00000000E+00 -0.00000000E+00 -0.00000000E+00  3.13520243E-11  3.13556151E-11
 3.13518877E-11 -0.00000000E+00 -0.00000000E+00 -0.00000000E+00  4.81099251E-11
 4.81104570E-11  4.81090696E-11 -0.00000000E+00 -0.00000000E+00 -0.00000000E+00
-1.22799993E-02  7.92244955E-02 -1.50420109E-02 -1.02810971E-01  1.78061505E-02
 6.73301820E-02  2.37482482E-03 -5.08548342E-02 -3.47984324E-03  1.55149685E-02
 1.06003163E-01 -6.83880099E-01  1.29845344E-01  8.87482800E-01 -1.53705894E-01
-5.81206245E-01 -2.04999151E-02  4.38988078E-01  3.00386329E-02 -1.33927999E-01
-0.00000000E+00 -0.00000000E+00 -0.00000000E+00 -0.00000000E+00 -0.00000000E+00
-0.00000000E+00 -0.00000000E+00 -0.00000000E+00 -0.00000000E+00 -0.00000000E+00
-0.00000000E+00 -0.00000000E+00 -0.00000000E+00 -0.00000000E+00 -0.00000000E+00
 0.00000000E+00 -1.93364109E-11  3.14295203E-11  1.73444026E-11  0.00000000E+00
 0.00000000E+00  0.00000000E+00  0.00000000E+00  0.00000000E+00  0.00000000E+00
 0.00000000E+00  0.00000000E+00  0.00000000E+00  0.00000000E+00  0.00000000E+00
 0.00000000E+00  0.00000000E+00  0.00000000E+00  0.00000000E+00  0.00000000E+00
 0.00000000E+00  0.00000000E+00  0.00000000E+00  0.00000000E+00  0.00000000E+00
 0.00000000E+00  0.00000000E+00  0.00000000E+00  0.00000000E+00  0.00000000E+00
 0.00000000E+00  0.00000000E+00  0.00000000E+00  0.00000000E+00  0.00000000E+00
 4.61374609E-03 -3.62731637E-02 -6.98291025E-02  4.43692018E-02  4.73698947E-02
 5.05077794E-02  4.63156773E-02 -5.66977694E-02  4.29635418E-03 -6.58685839E-02
-3.98266863E-02  3.13116475E-01  6.02777376E-01 -3.83002932E-01 -4.08905454E-01
-4.35992239E-01 -3.99805259E-01  4.89425346E-01 -3.70869022E-02  5.68589467E-01
 0.00000000E+00  0.00000000E+00  0.00000000E+00  0.00000000E+00  0.00000000E+00
 0.00000000E+00  0.00000000E+00  0.00000000E+00  0.00000000E+00  0.00000000E+00
 0.00000000E+00  0.00000000E+00  0.00000000E+00  0.00000000E+00  0.00000000E+00
 0.00000000E+00 -3.05254460E-11  5.05198226E-11  2.97599999E-11  0.00000000E+00
 0.00000000E+00  0.00000000E+00  0.00000000E+00  0.00000000E+00  0.00000000E+00
 0.00000000E+00  0.00000000E+00  0.00000000E+00  0.00000000E+00  0.00000000E+00
 0.00000000E+00  0.00000000E+00  0.00000000E+00  0.00000000E+00  0.00000000E+00
 0.00000000E+00  0.00000000E+00  0.00000000E+00  0.00000000E+00  0.00000000E+00
 0.00000000E+00  0.00000000E+00  0.00000000E+00  0.00000000E+00 -1.49772177E-11
-1.49751113E-11 -1.49768161E-11  0.00000000E+00  0.00000000E+00  0.00000000E+00
 4.99214328E-02 -2.64952032E-02  5.05528712E-02  5.06455436E-02 -4.33971559E-02
 3.02243777E-02 -2.44266380E-02 -9.72010080E-02 -1.50984984E-02  4.68571605E-02
-4.30930789E-01  2.28711360E-01 -4.36381479E-01 -4.37181444E-01  3.74612057E-01
-2.60902266E-01  2.10855134E-01  8.39056589E-01  1.30332954E-01 -4.04479439E-01
 0.00000000E+00  0.00000000E+00  0.00000000E+00  0.00000000E+00  0.00000000E+00
 0.00000000E+00  0.00000000E+00  0.00000000E+00  0.00000000E+00  0.00000000E+00
 0.00000000E+00  0.00000000E+00  0.00000000E+00  0.00000000E+00  0.00000000E+00
-0.00000000E+00  3.63596700E-11 -6.04023624E-11 -3.60540116E-11 -0.00000000E+00
-0.00000000E+00 -0.00000000E+00 -0.00000000E+00 -0.00000000E+00 -0.00000000E+00
-0.00000000E+00 -0.00000000E+00 -0.00000000E+00 -0.00000000E+00 -0.00000000E+00
-0.00000000E+00 -0.00000000E+00 -0.00000000E+00 -0.00000000E+00 -0.00000000E+00
-0.00000000E+00 -0.00000000E+00 -0.00000000E+00  1.17378063E-11  1.17353411E-11
 1.17348921E-11 -0.00000000E+00 -0.00000000E+00 -0.00000000E+00  1.80380454E-11
 1.80367679E-11  1.80368830E-11 -0.00000000E+00 -0.00000000E+00 -0.00000000E+00
 4.78321115E-02  3.20595998E-02  6.21416959E-02 -2.65261845E-02 -2.31102110E-02
-3.48974395E-02 -6.02616227E-02 -2.92760722E-02 -1.64862821E-02 -8.50701646E-02
-4.12895392E-01 -2.76744233E-01 -5.36418299E-01  2.28978797E-01  1.99491500E-01
 3.01240976E-01  5.20189169E-01  2.52716323E-01  1.42312553E-01  7.34340965E-01
-0.00000000E+00 -0.00000000E+00 -0.00000000E+00 -0.00000000E+00 -0.00000000E+00
-0.00000000E+00 -0.00000000E+00 -0.00000000E+00 -0.00000000E+00 -0.00000000E+00
-0.00000000E+00 -0.00000000E+00 -0.00000000E+00 -0.00000000E+00 -0.00000000E+00
-1.72653308E-01 -1.05632012E+01  1.70907319E+01  1.25778205E+01 -1.24322726E+00
 0.00000000E+00  0.00000000E+00 -1.82005127E-11  0.00000000E+00  0.00000000E+00
 0.00000000E+00  3.21779868E-11 -1.88370645E-10  3.09774792E-10  0.00000000E+00
-2.71610116E-11  3.36702041E-11 -1.99393421E-01 -1.99393421E-01 -1.99393421E-01
 0.00000000E+00  0.00000000E+00  0.00000000E+00 -3.61984413E+00 -3.61984413E+00
-3.61984413E+00  0.00000000E+00  0.00000000E+00  0.00000000E+00 -5.85710079E+00
-5.85710079E+00 -5.85710079E+00  0.00000000E+00  0.00000000E+00  0.00000000E+00
 0.00000000E+00  2.18041757E-11 -4.39335288E-11  0.00000000E+00 -1.92647398E-11
 0.00000000E+00 -1.92647398E-11  0.00000000E+00  0.00000000E+00  0.00000000E+00
-2.23130587E-11  1.11970720E-10 -1.90934223E-10  6.67369357E-11 -8.96515052E-11
 0.00000000E+00 -8.96515052E-11  0.00000000E+00  6.67369357E-11  0.00000000E+00
-5.97859749E-01 -5.97859749E-01 -5.97859749E-01  0.00000000E+00  0.00000000E+00
 0.00000000E+00  0.00000000E+00  0.00000000E+00  0.00000000E+00 -3.50070824E-01
-3.50070824E-01 -3.50070824E-01  0.00000000E+00  0.00000000E+00  0.00000000E+00
-0.00000000E+00  4.11605818E-10 -5.62669460E-10 -6.63702411E-10  7.45644571E-11
-2.75584445E-01  2.62883863E-01 -3.23774463E-01 -1.81948583E-02  1.73563302E-02
-2.13764985E-02  4.55957173E+00 -4.34943934E+00  5.35688032E+00  3.49087338E-01
-3.32999302E-01  4.10130425E-01 -0.00000000E+00 -0.00000000E+00 -0.00000000E+00
-0.00000000E+00 -0.00000000E+00 -0.00000000E+00  1.46148030E-10  1.46148101E-10
 1.46148958E-10 -0.00000000E+00 -0.00000000E+00 -0.00000000E+00  2.79053228E-10
 2.79053519E-10  2.79054421E-10 -0.00000000E+00 -0.00000000E+00 -0.00000000E+00
-6.52991616E-01  6.22897849E-01 -7.67176862E-01  2.78568387E-01 -3.43091923E-01
-2.92026729E-01 -3.43091923E-01 -2.92026729E-01  2.78568387E-01 -0.00000000E+00
-2.69404580E+00  2.56988803E+00 -3.16513957E+00  1.14928886E+00 -1.41549345E+00
-1.20481391E+00 -1.41549345E+00 -1.20481391E+00  1.14928886E+00 -0.00000000E+00
-0.00000000E+00 -0.00000000E+00 -0.00000000E+00 -0.00000000E+00 -0.00000000E+00
-0.00000000E+00 -0.00000000E+00 -0.00000000E+00 -0.00000000E+00 -0.00000000E+00
-0.00000000E+00 -0.00000000E+00 -0.00000000E+00 -0.00000000E+00 -0.00000000E+00
 0.00000000E+00 -2.17828833E-10  2.82512314E-10  3.87078501E-10 -4.48455195E-11
-4.05910452E-01 -2.58192639E-01  1.35859784E-01 -2.67993470E-02 -1.70466025E-02
 8.96984415E-03  6.71582832E+00  4.27182258E+00 -2.24781348E+00  5.14173429E-01
 3.27056851E-01 -1.72095818E-01  0.00000000E+00  0.00000000E+00  0.00000000E+00
 0.00000000E+00  0.00000000E+00  0.00000000E+00 -8.00546975E-11 -8.00530303E-11
-8.00531723E-11  0.00000000E+00  0.00000000E+00  0.00000000E+00 -1.58706107E-10
-1.58704026E-10 -1.58704156E-10  0.00000000E+00  0.00000000E+00  0.00000000E+00
-9.61796381E-01 -6.11782092E-01  3.21916935E-01 -2.73597269E-01  1.43965630E-01
-4.30128418E-01  1.43965630E-01 -4.30128418E-01 -2.73597269E-01  0.00000000E+00
-3.96808081E+00 -2.52402777E+00  1.32813186E+00 -1.12877954E+00  5.93958623E-01
-1.77457969E+00  5.93958623E-01 -1.77457969E+00 -1.12877954E+00  0.00000000E+00
 0.00000000E+00  0.00000000E+00  0.00000000E+00  0.00000000E+00  0.00000000E+00
 0.00000000E+00  0.00000000E+00  0.00000000E+00  0.00000000E+00  0.00000000E+00
 0.00000000E+00  0.00000000E+00  0.00000000E+00  0.00000000E+00  0.00000000E+00
-0.00000000E+00  8.90002139E-11 -1.35852503E-10 -8.52546673E-11 -0.00000000E+00
 9.57837830E-02 -3.37806529E-01 -3.55804484E-01  6.32391411E-03 -2.23029349E-02
-2.34912104E-02 -1.58475210E+00  5.58904222E+00  5.88682016E+00 -1.21330889E-01
 4.27905072E-01  4.50703377E-01 -0.00000000E+00 -0.00000000E+00 -0.00000000E+00
-0.00000000E+00 -0.00000000E+00 -0.00000000E+00  2.65761045E-11  2.65774047E-11
 2.65760928E-11 -0.00000000E+00 -0.00000000E+00 -0.00000000E+00  4.19025753E-11
 4.19037164E-11  4.19019682E-11 -0.00000000E+00 -0.00000000E+00 -0.00000000E+00
 2.26957683E-01 -8.00425550E-01 -8.43071331E-01 -3.57961188E-01 -3.77032961E-01
 1.01498562E-01 -3.77032961E-01  1.01498562E-01 -3.57961188E-01 -0.00000000E+00
 9.36358720E-01 -3.30231360E+00 -3.47825718E+00 -1.47683954E+00 -1.55552390E+00
 4.18752350E-01 -1.55552390E+00  4.18752350E-01 -1.47683954E+00 -0.00000000E+00
-0.00000000E+00 -0.00000000E+00 -0.00000000E+00 -0.00000000E+00 -0.00000000E+00
-0.00000000E+00 -0.00000000E+00 -0.00000000E+00 -0.00000000E+00 -0.00000000E+00
-0.00000000E+00 -0.00000000E+00 -0.00000000E+00 -0.00000000E+00 -0.00000000E+00
 0.00000000E+00  0.00000000E+00  0.00000000E+00  0.00000000E+00  0.00000000E+00
 0.00000000E+00  0.00000000E+00  0.00000000E+00  0.00000000E+00  0.00000000E+00
 0.00000000E+00  0.00000000E+00  0.00000000E+00  0.00000000E+00  0.00000000E+00
 0.00000000E+00  0.00000000E+00  8.52119134E-03 -4.01504404E-02  3.16292490E-02
 2.43002162E-01  1.34700777E-01  1.52504317E-01 -2.39980020E-02  1.13074606E-01
-8.90766035E-02 -6.84360454E-01 -3.79354176E-01 -4.29493807E-01 -1.95038112E-02
 9.18987237E-02 -7.23949125E-02 -5.56197847E-01 -3.08311176E-01 -3.49060981E-01
 0.00000000E+00  0.00000000E+00  0.00000000E+00  0.00000000E+00  0.00000000E+00
 0.00000000E+00  0.00000000E+00  0.00000000E+00  0.00000000E+00  0.00000000E+00
 0.00000000E+00  0.00000000E+00  0.00000000E+00  0.00000000E+00  0.00000000E+00
 0.00000000E+00  0.00000000E+00  0.00000000E+00  0.00000000E+00  0.00000000E+00
 4.12431390E-02 -1.94330831E-01  1.53087692E-01  7.69968821E-01  4.26808542E-01
 7.69968821E-01  4.83220266E-01  4.26808542E-01  4.83220266E-01 -4.48194869E-02
 5.68942416E-02 -1.20747547E-02  2.16102672E-01  1.90874583E-01  3.44340525E-01
-0.00000000E+00 -0.00000000E+00 -0.00000000E+00 -0.00000000E+00 -0.00000000E+00
-0.00000000E+00 -0.00000000E+00 -0.00000000E+00 -0.00000000E+00 -0.00000000E+00
-0.00000000E+00 -0.00000000E+00 -0.00000000E+00 -0.00000000E+00 -0.00000000E+00
-0.00000000E+00 -0.00000000E+00 -6.18806931E-03  3.70749950E-02 -3.08869257E-02
-8.15269349E-02 -1.45832830E-01  2.69722475E-01  1.74272932E-02 -1.04413311E-01
 8.69860182E-02  2.29602114E-01  4.10705077E-01 -7.59612153E-01  1.41636223E-02
-8.48594608E-02  7.06958385E-02  1.86603713E-01  3.33790883E-01 -6.17356895E-01
-0.00000000E+00 -0.00000000E+00 -0.00000000E+00 -0.00000000E+00 -0.00000000E+00
-0.00000000E+00 -0.00000000E+00 -0.00000000E+00 -0.00000000E+00 -0.00000000E+00
-0.00000000E+00 -0.00000000E+00 -0.00000000E+00 -0.00000000E+00 -0.00000000E+00
-0.00000000E+00 -0.00000000E+00 -0.00000000E+00 -0.00000000E+00 -0.00000000E+00
-2.99506715E-02  1.79445469E-01 -1.49494797E-01 -2.58323619E-01 -4.62081207E-01
-2.58323619E-01  8.54633944E-01 -4.62081207E-01  8.54633944E-01  4.37675950E-02
-5.25362538E-02  8.76865876E-03  3.82203919E-01 -2.06648998E-01 -1.15525835E-01
 0.00000000E+00  0.00000000E+00  0.00000000E+00  0.00000000E+00  0.00000000E+00
 0.00000000E+00  0.00000000E+00  0.00000000E+00  0.00000000E+00  0.00000000E+00
 0.00000000E+00  0.00000000E+00  0.00000000E+00  0.00000000E+00  0.00000000E+00
 0.00000000E+00  0.00000000E+00 -1.84048755E-02 -1.80239249E-01  1.98644124E-01
 1.04629932E-01 -2.02368220E-01 -4.63900877E-02  5.18331560E-02  5.07602949E-01
-5.59436105E-01 -2.94666463E-01  5.69924175E-01  1.30647157E-01  4.21261773E-02
 4.12542347E-01 -4.54668524E-01 -2.39483231E-01  4.63192456E-01  1.06180401E-01
 0.00000000E+00  0.00000000E+00  0.00000000E+00  0.00000000E+00  0.00000000E+00
 0.00000000E+00  0.00000000E+00  0.00000000E+00  0.00000000E+00  0.00000000E+00
 0.00000000E+00  0.00000000E+00  0.00000000E+00  0.00000000E+00  0.00000000E+00
 0.00000000E+00  0.00000000E+00  0.00000000E+00  0.00000000E+00  0.00000000E+00
-8.90808350E-02 -8.72370082E-01  9.61450917E-01  3.31527031E-01 -6.41217421E-01
 3.31527031E-01 -1.46990137E-01 -6.41217421E-01 -1.46990137E-01 -2.81484006E-01
 2.55403808E-01  2.60801980E-02 -6.57359878E-02 -2.86761148E-01  1.48263395E-01
 0.00000000E+00  0.00000000E+00  0.00000000E+00  0.00000000E+00  0.00000000E+00
 0.00000000E+00  0.00000000E+00  0.00000000E+00  0.00000000E+00  0.00000000E+00
 0.00000000E+00  0.00000000E+00  0.00000000E+00  0.00000000E+00  0.00000000E+00
 0.00000000E+00  0.00000000E+00 -1.12329542E-01  2.42529570E-01 -1.30200027E-01
 1.50453718E-01 -1.31027085E-01 -5.92495287E-02  3.16350670E-01 -6.83029505E-01
 3.66678836E-01 -4.23718761E-01  3.69008056E-01  1.66862855E-01  2.57106559E-01
-5.55116151E-01  2.98009591E-01 -3.44367448E-01  2.99902610E-01  1.35613857E-01
 0.00000000E+00  0.00000000E+00  0.00000000E+00  0.00000000E+00  0.00000000E+00
 0.00000000E+00  0.00000000E+00  0.00000000E+00  0.00000000E+00  0.00000000E+00
 0.00000000E+00  0.00000000E+00  0.00000000E+00  0.00000000E+00  0.00000000E+00
 0.00000000E+00  0.00000000E+00  0.00000000E+00  0.00000000E+00  0.00000000E+00
-5.43682538E-01  1.17385942E+00 -6.30176887E-01  4.76722805E-01 -4.15168200E-01
 4.76722805E-01 -1.87736148E-01 -4.15168200E-01 -1.87736148E-01  1.84496901E-01
-3.43670849E-01  1.59173948E-01 -8.39581577E-02 -1.85668864E-01  2.13196920E-01
-0.00000000E+00 -0.00000000E+00 -0.00000000E+00 -0.00000000E+00 -0.00000000E+00
-0.00000000E+00 -0.00000000E+00 -0.00000000E+00 -0.00000000E+00 -0.00000000E+00
-0.00000000E+00 -0.00000000E+00 -0.00000000E+00 -0.00000000E+00 -0.00000000E+00
-0.00000000E+00 -0.00000000E+00  2.98620830E-01 -8.91547902E-02 -2.09466040E-01
 5.44199678E-02 -6.86255179E-02 -2.39090265E-02 -8.40997814E-01  2.51084238E-01
 5.89913576E-01 -1.53261492E-01  1.93268201E-01  6.73343484E-02 -6.83501174E-01
 2.04062803E-01  4.79438371E-01 -1.24559669E-01  1.57074180E-01  5.47244064E-02
-0.00000000E+00 -0.00000000E+00 -0.00000000E+00 -0.00000000E+00 -0.00000000E+00
-0.00000000E+00 -0.00000000E+00 -0.00000000E+00 -0.00000000E+00 -0.00000000E+00
-0.00000000E+00 -0.00000000E+00 -0.00000000E+00 -0.00000000E+00 -0.00000000E+00
-0.00000000E+00 -0.00000000E+00 -0.00000000E+00 -0.00000000E+00 -0.00000000E+00
 1.44534490E+00 -4.31515179E-01 -1.01382972E+00  1.72433357E-01 -2.17444605E-01
 1.72433357E-01 -7.57573710E-02 -2.17444605E-01 -7.57573710E-02  2.96818949E-01
 1.26334708E-01 -4.23153657E-01 -3.38797263E-02 -9.72441837E-02  7.71145415E-02
-3.52150601E-03 -1.14221434E+01  2.37481106E+01  9.36899104E+00 -8.52951894E-01
-0.00000000E+00 -1.13636886E-11  1.87879946E-11 -0.00000000E+00 -2.71316929E-11
 2.09921885E-11 -0.00000000E+00  2.43257729E-10 -2.98237398E-10 -0.00000000E+00
-0.00000000E+00 -0.00000000E+00 -4.36688390E-01 -4.36688390E-01 -4.36688390E-01
-0.00000000E+00 -0.00000000E+00 -0.00000000E+00 -4.78869158E+00 -4.78869158E+00
-4.78869158E+00 -0.00000000E+00 -0.00000000E+00 -0.00000000E+00 -5.00992161E+00
-5.00992161E+00 -5.00992161E+00 -0.00000000E+00 -0.00000000E+00 -0.00000000E+00
-0.00000000E+00 -2.82194420E-11  4.34905910E-11 -1.25750274E-11  1.92762781E-11
-0.00000000E+00  1.92762781E-11 -0.00000000E+00 -1.25750274E-11 -0.00000000E+00
-0.00000000E+00 -1.27836942E-10  1.54446862E-10 -5.64309546E-11  6.88572488E-11
-0.00000000E+00  6.88572488E-11 -0.00000000E+00 -5.64309546E-11 -0.00000000E+00
-1.39310944E+00 -1.39310944E+00 -1.39310944E+00 -0.00000000E+00 -0.00000000E+00
-0.00000000E+00 -0.00000000E+00 -0.00000000E+00 -0.00000000E+00 -8.15721360E-01
-8.15721360E-01 -8.15721360E-01 -0.00000000E+00 -0.00000000E+00 -0.00000000E+00
-0.00000000E+00 -0.00000000E+00 -0.00000000E+00 -0.00000000E+00 -0.00000000E+00
-0.00000000E+00 -0.00000000E+00 -0.00000000E+00 -0.00000000E+00 -0.00000000E+00
-0.00000000E+00 -0.00000000E+00 -0.00000000E+00 -0.00000000E+00 -0.00000000E+00
-0.00000000E+00 -0.00000000E+00 -0.00000000E+00 -0.00000000E+00 -0.00000000E+00
-0.00000000E+00 -0.00000000E+00 -0.00000000E+00 -0.00000000E+00 -0.00000000E+00
-0.00000000E+00 -0.00000000E+00 -0.00000000E+00 -0.00000000E+00 -0.00000000E+00
-0.00000000E+00 -0.00000000E+00 -0.00000000E+00 -0.00000000E+00 -0.00000000E+00
-0.00000000E+00 -0.00000000E+00 -0.00000000E+00 -0.00000000E+00 -0.00000000E+00
-0.00000000E+00 -0.00000000E+00 -0.00000000E+00 -0.00000000E+00 -0.00000000E+00
-0.00000000E+00 -0.00000000E+00 -0.00000000E+00 -0.00000000E+00 -0.00000000E+00
-0.00000000E+00 -0.00000000E+00 -0.00000000E+00 -0.00000000E+00 -0.00000000E+00
-3.99473396E-02  2.29603102E-01 -1.79807648E-01  1.49714628E-01  1.74213001E-01
-2.25129968E-01  1.00338511E+00 -2.05021821E-01 -9.90365698E-01 -3.24503432E-01
 3.94675733E-01 -7.88219985E-02 -1.74673768E-02  4.13343686E-02  1.01180296E-01
-0.00000000E+00 -0.00000000E+00 -0.00000000E+00 -0.00000000E+00 -0.00000000E+00
 1.19548186E-11  1.19300082E-11 -0.00000000E+00 -0.00000000E+00  1.07828248E-11
-0.00000000E+00 -1.34894897E-10 -1.43768910E-10 -7.13751949E-11 -0.00000000E+00
-0.00000000E+00 -0.00000000E+00 -0.00000000E+00 -0.00000000E+00 -0.00000000E+00
-0.00000000E+00 -0.00000000E+00 -0.00000000E+00 -0.00000000E+00 -0.00000000E+00
-0.00000000E+00 -0.00000000E+00 -0.00000000E+00 -0.00000000E+00 -0.00000000E+00
-0.00000000E+00 -0.00000000E+00 -0.00000000E+00 -0.00000000E+00 -0.00000000E+00
 2.61723755E-11  2.65276782E-11  1.41604630E-11  1.18705737E-11 -0.00000000E+00
 1.17037678E-11 -0.00000000E+00  1.17038701E-11  1.18706902E-11 -0.00000000E+00
 6.71914238E-11  7.15640391E-11  3.55504845E-11  3.19903201E-11  1.59013521E-11
 3.00519420E-11  1.59012647E-11  3.00519709E-11  3.19901628E-11 -0.00000000E+00
 7.09160436E-01  7.74792610E-01  7.31081942E-01 -7.77060070E-02 -1.26343670E-01
-1.15017377E-02  5.84616244E-02  2.06871185E-01  5.67256270E-02 -6.61254269E-01
-5.84471229E-01 -6.99762027E-01 -1.54539915E-01 -1.08038999E-01  1.19684749E-01
 0.00000000E+00  0.00000000E+00  0.00000000E+00  0.00000000E+00  0.00000000E+00
 0.00000000E+00  0.00000000E+00  0.00000000E+00  0.00000000E+00  0.00000000E+00
 0.00000000E+00  0.00000000E+00  0.00000000E+00  0.00000000E+00  0.00000000E+00
 0.00000000E+00  0.00000000E+00  0.00000000E+00  0.00000000E+00  0.00000000E+00
 0.00000000E+00  0.00000000E+00  0.00000000E+00  0.00000000E+00  0.00000000E+00
 0.00000000E+00  0.00000000E+00  0.00000000E+00  0.00000000E+00  0.00000000E+00
 0.00000000E+00  0.00000000E+00  0.00000000E+00  0.00000000E+00  0.00000000E+00
 0.00000000E+00  0.00000000E+00  0.00000000E+00  0.00000000E+00  0.00000000E+00
 0.00000000E+00  0.00000000E+00  0.00000000E+00  0.00000000E+00  0.00000000E+00
 0.00000000E+00  0.00000000E+00  0.00000000E+00  0.00000000E+00  0.00000000E+00
 0.00000000E+00  0.00000000E+00  0.00000000E+00  0.00000000E+00  0.00000000E+00
 2.67596584E-02  5.57391969E-02 -2.42717686E-03  7.77198343E-02  1.02220945E+00
-1.99927096E-01 -6.63302640E-02 -8.41566826E-01  4.17383230E-01 -7.45913889E-02
 2.75848342E-02 -2.33212065E-02 -4.70986977E-01 -2.42357512E-01  1.63958246E-01
-0.00000000E+00 -0.00000000E+00 -0.00000000E+00 -0.00000000E+00 -0.00000000E+00
-0.00000000E+00 -0.00000000E+00 -0.00000000E+00 -0.00000000E+00 -0.00000000E+00
-0.00000000E+00 -0.00000000E+00 -0.00000000E+00 -0.00000000E+00 -0.00000000E+00
-0.00000000E+00 -0.00000000E+00 -0.00000000E+00 -0.00000000E+00 -0.00000000E+00
-0.00000000E+00 -0.00000000E+00 -0.00000000E+00 -0.00000000E+00 -0.00000000E+00
-0.00000000E+00 -0.00000000E+00 -0.00000000E+00 -0.00000000E+00 -0.00000000E+00
-0.00000000E+00 -0.00000000E+00 -0.00000000E+00 -0.00000000E+00 -0.00000000E+00
-0.00000000E+00 -0.00000000E+00 -0.00000000E+00 -0.00000000E+00 -0.00000000E+00
-0.00000000E+00 -0.00000000E+00 -0.00000000E+00 -0.00000000E+00 -0.00000000E+00
-0.00000000E+00 -0.00000000E+00 -0.00000000E+00 -0.00000000E+00 -0.00000000E+00
-0.00000000E+00 -0.00000000E+00 -0.00000000E+00 -0.00000000E+00 -0.00000000E+00
-3.94303093E-01  5.17936989E-03  2.37869381E-01 -3.09535720E-01 -3.23023672E-01
 1.70056834E-01  2.69440663E-01 -1.65510344E-01  1.56178854E-01  5.50694355E-01
 1.41946396E-01 -5.59792540E-01 -5.71028503E-01  6.55437163E-01  1.87130563E-01
 0.00000000E+00  0.00000000E+00  0.00000000E+00  0.00000000E+00  0.00000000E+00
 0.00000000E+00  0.00000000E+00  0.00000000E+00  0.00000000E+00  0.00000000E+00
 0.00000000E+00 -1.20216015E-11 -1.27514980E-11  0.00000000E+00  0.00000000E+00
 0.00000000E+00  0.00000000E+00  0.00000000E+00  0.00000000E+00  0.00000000E+00
 0.00000000E+00  0.00000000E+00  0.00000000E+00  0.00000000E+00  0.00000000E+00
 0.00000000E+00  0.00000000E+00  0.00000000E+00  0.00000000E+00  0.00000000E+00
 0.00000000E+00  0.00000000E+00  0.00000000E+00  0.00000000E+00  0.00000000E+00
 0.00000000E+00  0.00000000E+00  0.00000000E+00  0.00000000E+00  0.00000000E+00
 0.00000000E+00  0.00000000E+00  0.00000000E+00  0.00000000E+00  0.00000000E+00
 0.00000000E+00  0.00000000E+00  0.00000000E+00  0.00000000E+00  0.00000000E+00
 0.00000000E+00  0.00000000E+00  0.00000000E+00  0.00000000E+00  0.00000000E+00
 4.24266195E-01  5.30437899E-02 -2.79840985E-01  2.93717988E-02 -1.90405397E-01
-2.23935057E-01 -2.22351860E-01 -3.98974737E-01  1.58381749E-01 -6.65013318E-01
-8.02612213E-02  5.71835529E-01  8.58249103E-02  7.90736427E-01  2.61034003E-01
-0.00000000E+00 -0.00000000E+00 -0.00000000E+00 -0.00000000E+00 -0.00000000E+00
-0.00000000E+00 -0.00000000E+00 -0.00000000E+00 -0.00000000E+00 -0.00000000E+00
-0.00000000E+00 -0.00000000E+00 -0.00000000E+00 -0.00000000E+00 -0.00000000E+00
-0.00000000E+00 -0.00000000E+00 -0.00000000E+00 -0.00000000E+00 -0.00000000E+00
-0.00000000E+00 -0.00000000E+00 -0.00000000E+00 -0.00000000E+00 -0.00000000E+00
-0.00000000E+00 -0.00000000E+00 -0.00000000E+00 -0.00000000E+00 -0.00000000E+00
-0.00000000E+00 -0.00000000E+00 -0.00000000E+00 -0.00000000E+00 -0.00000000E+00
-0.00000000E+00 -0.00000000E+00 -0.00000000E+00 -0.00000000E+00 -0.00000000E+00
-0.00000000E+00 -0.00000000E+00 -0.00000000E+00 -0.00000000E+00 -0.00000000E+00
-0.00000000E+00 -0.00000000E+00 -0.00000000E+00 -0.00000000E+00 -0.00000000E+00
-0.00000000E+00 -0.00000000E+00 -0.00000000E+00 -0.00000000E+00 -0.00000000E+00
-1.10285928E-01 -1.29075065E-02  1.43622728E-01  1.09276879E+00 -2.12742989E-01
-1.01944769E+00 -7.99155199E-02  1.42333166E-01  1.42726955E-01  2.34347321E-01
-4.06168406E-02 -2.11673736E-01 -8.42703837E-02  9.44646904E-02 -9.83705719E-02
 0.00000000E+00  0.00000000E+00  0.00000000E+00  0.00000000E+00  0.00000000E+00
 0.00000000E+00  0.00000000E+00  0.00000000E+00  0.00000000E+00  0.00000000E+00
 0.00000000E+00  0.00000000E+00  0.00000000E+00  0.00000000E+00  0.00000000E+00
 0.00000000E+00  0.00000000E+00  0.00000000E+00  0.00000000E+00  0.00000000E+00
 0.00000000E+00  0.00000000E+00  0.00000000E+00  0.00000000E+00  0.00000000E+00
 0.00000000E+00  0.00000000E+00  0.00000000E+00  0.00000000E+00  0.00000000E+00
 0.00000000E+00  0.00000000E+00  0.00000000E+00  0.00000000E+00  0.00000000E+00
 0.00000000E+00  0.00000000E+00  0.00000000E+00  0.00000000E+00  0.00000000E+00
 0.00000000E+00  0.00000000E+00  0.00000000E+00  0.00000000E+00  0.00000000E+00
 0.00000000E+00  0.00000000E+00  0.00000000E+00  0.00000000E+00  0.00000000E+00
 0.00000000E+00  0.00000000E+00  0.00000000E+00  0.00000000E+00  0.00000000E+00
-1.82538260E-01 -1.61543886E-02  1.69387113E-01 -2.77682131E-01  1.24462839E-01
-3.93971298E-01 -2.64480995E-01 -7.13274438E-02 -1.60284668E-01  3.23288160E-01
-2.63777753E-03 -2.94911036E-01  5.69882938E-01 -7.12886134E-02  9.01117635E-01
-0.00000000E+00 -0.00000000E+00 -0.00000000E+00 -0.00000000E+00 -0.00000000E+00
-0.00000000E+00 -0.00000000E+00 -0.00000000E+00 -0.00000000E+00 -0.00000000E+00
-0.00000000E+00  2.96605762E-11  3.16103723E-11  1.55737310E-11 -0.00000000E+00
-0.00000000E+00 -0.00000000E+00 -0.00000000E+00 -0.00000000E+00 -0.00000000E+00
-0.00000000E+00 -0.00000000E+00 -0.00000000E+00 -0.00000000E+00 -0.00000000E+00
-0.00000000E+00 -0.00000000E+00 -0.00000000E+00 -0.00000000E+00 -0.00000000E+00
-0.00000000E+00 -0.00000000E+00 -0.00000000E+00 -0.00000000E+00 -0.00000000E+00
-0.00000000E+00 -0.00000000E+00 -0.00000000E+00 -0.00000000E+00 -0.00000000E+00
-0.00000000E+00 -0.00000000E+00 -0.00000000E+00 -0.00000000E+00 -0.00000000E+00
-1.47739696E-11 -1.57348858E-11 -0.00000000E+00 -0.00000000E+00 -0.00000000E+00
-0.00000000E+00 -0.00000000E+00 -0.00000000E+00 -0.00000000E+00 -0.00000000E+00
 6.86363787E-02 -2.47081760E-01 -3.07460832E-01 -1.60898272E-01 -3.42251614E-01
-2.53436932E-01  2.66515644E-01  6.17358096E-01  1.89486024E-01 -1.13315569E-01
-7.25247590E-03  5.47344363E-01 -6.11790437E-01 -3.69094077E-01  5.55889008E-01
 0.00000000E+00  0.00000000E+00  0.00000000E+00  0.00000000E+00  0.00000000E+00
 0.00000000E+00  0.00000000E+00  0.00000000E+00  0.00000000E+00  0.00000000E+00
 0.00000000E+00  1.16973268E-11  1.26172236E-11  0.00000000E+00  0.00000000E+00
 0.00000000E+00  0.00000000E+00  0.00000000E+00  0.00000000E+00  0.00000000E+00
 0.00000000E+00  0.00000000E+00  0.00000000E+00  0.00000000E+00  0.00000000E+00
 0.00000000E+00  0.00000000E+00  0.00000000E+00  0.00000000E+00  0.00000000E+00
 0.00000000E+00  0.00000000E+00  0.00000000E+00  0.00000000E+00  0.00000000E+00
 0.00000000E+00  0.00000000E+00  0.00000000E+00  0.00000000E+00  0.00000000E+00
 0.00000000E+00  0.00000000E+00  0.00000000E+00  0.00000000E+00  0.00000000E+00
 0.00000000E+00  0.00000000E+00  0.00000000E+00  0.00000000E+00  0.00000000E+00
 0.00000000E+00  0.00000000E+00  0.00000000E+00  0.00000000E+00  0.00000000E+00
-3.30316089E-01  5.28729171E-01 -3.92986066E-01 -1.62495831E-02 -1.37335805E-01
 1.13634064E-03 -3.80218864E-01  2.06046606E-01  3.72661954E-01 -5.19431824E-01
 1.09967172E+00 -4.09344481E-01  1.01386587E-02 -9.21852128E-02  2.02765425E-02
 0.00000000E+00 -2.38510826E-10  4.19068017E-10  2.55412507E-10 -2.74979273E-11
-5.19411939E-01  8.03487710E-01 -9.67680430E-01 -4.16607639E-01  6.44457882E-01
-7.76152855E-01  6.05394018E+00 -9.36494941E+00  1.12786769E+01  8.68057828E-02
-1.34281433E-01  1.61721845E-01  0.00000000E+00  0.00000000E+00  0.00000000E+00
 0.00000000E+00  0.00000000E+00  0.00000000E+00 -1.21144924E-10 -1.21150265E-10
-1.21130786E-10  0.00000000E+00  0.00000000E+00  0.00000000E+00 -1.19280511E-10
-1.19280931E-10 -1.19279155E-10  0.00000000E+00  0.00000000E+00  0.00000000E+00
-1.12949037E+00  1.74722906E+00 -2.10427533E+00  7.81384590E-01 -9.41060538E-01
-5.05123452E-01 -9.41060538E-01 -5.05123452E-01  7.81384590E-01  0.00000000E+00
-3.02301667E+00  4.67635909E+00 -5.63197310E+00  2.09133136E+00 -2.51869494E+00
-1.35193415E+00 -2.51869494E+00 -1.35193415E+00  2.09133136E+00  0.00000000E+00
 0.00000000E+00  0.00000000E+00  0.00000000E+00  0.00000000E+00  0.00000000E+00
 0.00000000E+00  0.00000000E+00  0.00000000E+00  0.00000000E+00  0.00000000E+00
 0.00000000E+00  0.00000000E+00  0.00000000E+00  0.00000000E+00  0.00000000E+00
-0.00000000E+00  1.08874452E-10 -1.84448072E-10 -1.10446792E-10  1.15980545E-11
-1.19743002E+00 -6.36284791E-01  1.14410127E-01 -9.60429398E-01 -5.10348502E-01
 9.17655709E-02  1.39564942E+01  7.41613693E+00 -1.33349277E+00  2.00118331E-01
 1.06337947E-01 -1.91205860E-02 -0.00000000E+00 -0.00000000E+00 -0.00000000E+00
-0.00000000E+00 -0.00000000E+00 -0.00000000E+00  4.68458269E-11  4.68435613E-11
 4.68425075E-11 -0.00000000E+00 -0.00000000E+00 -0.00000000E+00  5.19838385E-11
 5.19836496E-11  5.19835572E-11 -0.00000000E+00 -0.00000000E+00 -0.00000000E+00
-2.60387870E+00 -1.38363694E+00  2.48791235E-01 -6.18781252E-01  1.11262823E-01
-1.16448996E+00  1.11262823E-01 -1.16448996E+00 -6.18781252E-01 -0.00000000E+00
-6.96913307E+00 -3.70322548E+00  6.65875573E-01 -1.65613278E+00  2.97788609E-01
-3.11669106E+00  2.97788609E-01 -3.11669106E+00 -1.65613278E+00 -0.00000000E+00
 1.33274714E-11  1.33459190E-11  1.33385533E-11 -0.00000000E+00 -0.00000000E+00
-0.00000000E+00 -0.00000000E+00 -0.00000000E+00 -0.00000000E+00 -0.00000000E+00
-0.00000000E+00 -0.00000000E+00 -0.00000000E+00 -0.00000000E+00 -0.00000000E+00
-0.00000000E+00 -0.00000000E+00  2.95684502E-11  1.54375766E-11 -0.00000000E+00
 3.84914601E-01 -8.95173637E-01 -9.49890302E-01  3.08730607E-01 -7.17996927E-01
-7.61883828E-01 -4.48632346E+00  1.04335831E+01  1.10713263E+01 -6.43281579E-02
 1.49604278E-01  1.58748702E-01 -0.00000000E+00 -0.00000000E+00 -0.00000000E+00
-0.00000000E+00 -0.00000000E+00 -0.00000000E+00 -1.13857776E-11 -1.13818093E-11
-1.13916524E-11 -0.00000000E+00 -0.00000000E+00 -0.00000000E+00 -0.00000000E+00
-0.00000000E+00 -0.00000000E+00 -0.00000000E+00 -0.00000000E+00 -0.00000000E+00
 8.37018375E-01 -1.94660525E+00 -2.06558970E+00 -8.70548332E-01 -9.23759798E-01
 3.74325997E-01 -9.23759798E-01  3.74325997E-01 -8.70548332E-01 -0.00000000E+00
 2.24023202E+00 -5.20997810E+00 -5.52843321E+00 -2.32997304E+00 -2.47239050E+00
 1.00186221E+00 -2.47239050E+00  1.00186221E+00 -2.32997304E+00 -0.00000000E+00
-0.00000000E+00 -0.00000000E+00 -0.00000000E+00 -0.00000000E+00 -0.00000000E+00
-0.00000000E+00 -0.00000000E+00 -0.00000000E+00 -0.00000000E+00 -0.00000000E+00
-0.00000000E+00 -0.00000000E+00 -0.00000000E+00 -0.00000000E+00 -0.00000000E+00
 0.00000000E+00  0.00000000E+00  0.00000000E+00  0.00000000E+00  0.00000000E+00
 0.00000000E+00  0.00000000E+00  0.00000000E+00  0.00000000E+00  0.00000000E+00
 0.00000000E+00  0.00000000E+00  0.00000000E+00  0.00000000E+00  0.00000000E+00
 0.00000000E+00  0.00000000E+00  7.33166715E-04 -1.19886837E-03  4.65701657E-04
-7.03728789E-01 -5.42772325E-01 -2.21251441E-02 -5.72094923E-03  9.35485061E-03
-3.63390138E-03  5.49124311E+00  4.23528899E+00  1.72643989E-01 -2.50856747E-04
 4.10198955E-04 -1.59342208E-04  2.40784410E-01  1.85712331E-01  7.57023140E-03
 0.00000000E+00  0.00000000E+00  0.00000000E+00  0.00000000E+00  0.00000000E+00
 0.00000000E+00  0.00000000E+00  0.00000000E+00  0.00000000E+00  0.00000000E+00
 0.00000000E+00  0.00000000E+00  0.00000000E+00  0.00000000E+00  0.00000000E+00
 0.00000000E+00  0.00000000E+00  0.00000000E+00  0.00000000E+00  0.00000000E+00
 4.04377194E-03 -6.61234366E-03  2.56857172E-03 -2.54097761E+00 -1.95980660E+00
-2.54097761E+00 -7.98880148E-02 -1.95980660E+00 -7.98880148E-02 -7.52000800E-04
 1.93589600E-03 -1.18389520E-03 -3.57270064E-02 -8.76452158E-01 -1.13635973E+00
-0.00000000E+00 -0.00000000E+00 -0.00000000E+00 -0.00000000E+00 -0.00000000E+00
-0.00000000E+00 -0.00000000E+00 -0.00000000E+00 -0.00000000E+00 -0.00000000E+00
-0.00000000E+00 -0.00000000E+00 -0.00000000E+00 -0.00000000E+00 -0.00000000E+00
-0.00000000E+00 -0.00000000E+00  7.46989521E-03  1.07556343E-01 -1.15026238E-01
-9.77966896E-02  1.61600641E-01 -8.59114599E-01 -5.82880952E-02 -8.39269383E-01
 8.97557478E-01  7.63114153E-01 -1.26098068E+00  6.70372905E+00 -2.55586291E-03
-3.68009536E-02  3.93568165E-02  3.34616383E-02 -5.52924870E-02  2.93950461E-01
-0.00000000E+00 -0.00000000E+00 -0.00000000E+00 -0.00000000E+00 -0.00000000E+00
-0.00000000E+00 -0.00000000E+00 -0.00000000E+00 -0.00000000E+00 -0.00000000E+00
-0.00000000E+00 -0.00000000E+00 -0.00000000E+00 -0.00000000E+00 -0.00000000E+00
-0.00000000E+00 -0.00000000E+00 -0.00000000E+00 -0.00000000E+00 -0.00000000E+00
 4.12001145E-02  5.93225677E-01 -6.34425791E-01 -3.53117853E-01  5.83496962E-01
-3.53117853E-01 -3.10203448E+00  5.83496962E-01 -3.10203448E+00  1.85740853E-01
-1.73678694E-01 -1.20621584E-02 -1.38727199E+00  2.60947774E-01 -1.57919105E-01
-0.00000000E+00 -0.00000000E+00 -0.00000000E+00 -0.00000000E+00 -0.00000000E+00
-0.00000000E+00 -0.00000000E+00 -0.00000000E+00 -0.00000000E+00 -0.00000000E+00
-0.00000000E+00 -0.00000000E+00 -0.00000000E+00 -0.00000000E+00 -0.00000000E+00
-0.00000000E+00 -0.00000000E+00  4.01843795E-02  7.40893591E-01 -7.81077970E-01
 1.15357510E-02 -2.16110958E-02  1.26410494E-01 -3.13561418E-01 -5.78124256E+00
 6.09480398E+00 -9.00142419E-02  1.68632835E-01 -9.86389592E-01 -1.37492913E-02
-2.53500537E-01  2.67249829E-01 -3.94701631E-03  7.39434713E-03 -4.32519979E-02
-0.00000000E+00 -0.00000000E+00 -0.00000000E+00 -0.00000000E+00 -0.00000000E+00
-0.00000000E+00 -0.00000000E+00 -0.00000000E+00 -0.00000000E+00 -0.00000000E+00
-0.00000000E+00 -0.00000000E+00 -0.00000000E+00 -0.00000000E+00 -0.00000000E+00
-0.00000000E+00 -0.00000000E+00 -0.00000000E+00 -0.00000000E+00 -0.00000000E+00
 2.21636447E-01  4.08638943E+00 -4.30802587E+00  4.16525309E-02 -7.80319230E-02
 4.16525309E-02  4.56434694E-01 -7.80319230E-02  4.56434694E-01  1.26126083E+00
-1.19637232E+00 -6.48885076E-02  2.04123801E-01 -3.48969369E-02  1.86275781E-02
-0.00000000E+00 -0.00000000E+00 -0.00000000E+00 -0.00000000E+00 -0.00000000E+00
-0.00000000E+00 -0.00000000E+00 -0.00000000E+00 -0.00000000E+00 -0.00000000E+00
-0.00000000E+00 -0.00000000E+00 -0.00000000E+00 -0.00000000E+00 -0.00000000E+00
-0.00000000E+00 -0.00000000E+00  6.47483615E-03 -5.92363237E-04 -5.88247291E-03
 5.34215718E-01 -6.84921729E-01 -1.89133624E-01 -5.05235824E-02  4.62225022E-03
 4.59013321E-02 -4.16852121E+00  5.34449036E+00  1.47582240E+00 -2.21539836E-03
 2.02680116E-04  2.01271824E-03 -1.82784644E-01  2.34349478E-01  6.47130382E-02
-0.00000000E+00 -0.00000000E+00 -0.00000000E+00 -0.00000000E+00 -0.00000000E+00
-0.00000000E+00 -0.00000000E+00 -0.00000000E+00 -0.00000000E+00 -0.00000000E+00
-0.00000000E+00 -0.00000000E+00 -0.00000000E+00 -0.00000000E+00 -0.00000000E+00
-0.00000000E+00 -0.00000000E+00 -0.00000000E+00 -0.00000000E+00 -0.00000000E+00
 3.57118786E-02 -3.26717210E-03 -3.24447065E-02  1.92891097E+00 -2.47307032E+00
 1.92891097E+00 -6.82911246E-01 -2.47307032E+00 -6.82911246E-01  9.49883744E-03
 9.56530047E-04 -1.04553675E-02 -3.05407194E-01 -1.10599067E+00  8.62635211E-01
-0.00000000E+00 -0.00000000E+00 -0.00000000E+00 -0.00000000E+00 -0.00000000E+00
-0.00000000E+00 -0.00000000E+00 -0.00000000E+00 -0.00000000E+00 -0.00000000E+00
-0.00000000E+00 -0.00000000E+00 -0.00000000E+00 -0.00000000E+00 -0.00000000E+00
-0.00000000E+00 -0.00000000E+00 -8.88039382E-01  4.79409553E-01  4.08629828E-01
 3.01341894E-03 -5.06057197E-03 -2.90369940E-03  6.92943108E+00 -3.74086502E+00
-3.18856606E+00 -2.35139109E-02  3.94879837E-02  2.26577619E-02  3.03847223E-01
-1.64032435E-01 -1.39814789E-01 -1.03105673E-03  1.73150062E-03  9.93515625E-04
-0.00000000E+00 -0.00000000E+00 -0.00000000E+00 -0.00000000E+00 -0.00000000E+00
-0.00000000E+00 -0.00000000E+00 -0.00000000E+00 -0.00000000E+00 -0.00000000E+00
-0.00000000E+00 -0.00000000E+00 -0.00000000E+00 -0.00000000E+00 -0.00000000E+00
-0.00000000E+00 -0.00000000E+00 -0.00000000E+00 -0.00000000E+00 -0.00000000E+00
-4.89797021E+00  2.64417746E+00  2.25379276E+00  1.08806549E-02 -1.82723803E-02
 1.08806549E-02 -1.04844868E-02 -1.82723803E-02 -1.04844868E-02 -6.59842955E-01
-7.74135891E-01  1.43397885E+00 -4.68880503E-03 -8.17165691E-03  4.86597679E-03
-0.00000000E+00 -1.35334629E-11  2.29897416E-11 -0.00000000E+00 -0.00000000E+00
-0.00000000E+00 -0.00000000E+00 -0.00000000E+00 -0.00000000E+00 -0.00000000E+00
-0.00000000E+00 -0.00000000E+00 -0.00000000E+00 -0.00000000E+00 -0.00000000E+00
-0.00000000E+00 -0.00000000E+00 -0.00000000E+00 -0.00000000E+00 -0.00000000E+00
-0.00000000E+00 -0.00000000E+00 -0.00000000E+00 -0.00000000E+00 -0.00000000E+00
-0.00000000E+00 -0.00000000E+00 -0.00000000E+00 -0.00000000E+00 -0.00000000E+00
-0.00000000E+00 -0.00000000E+00 -0.00000000E+00 -0.00000000E+00 -0.00000000E+00
 3.15195905E-01  6.91204805E-01  8.52089402E-01 -4.65392594E-01 -5.73319410E-01
-2.01180931E-01 -5.69878486E-01 -2.21698751E-01 -4.61955965E-01  9.43647773E-03
-1.25514105E-01 -2.75244543E-01 -3.39310369E-01  1.85323902E-01  2.28301420E-01
 8.01122228E-02  2.26931210E-01  8.82826202E-02  1.83955403E-01 -3.75769812E-03
-0.00000000E+00 -0.00000000E+00 -0.00000000E+00 -0.00000000E+00 -0.00000000E+00
-0.00000000E+00 -0.00000000E+00 -0.00000000E+00 -0.00000000E+00 -0.00000000E+00
-0.00000000E+00 -0.00000000E+00 -0.00000000E+00 -0.00000000E+00 -0.00000000E+00
 0.00000000E+00  0.00000000E+00  0.00000000E+00  0.00000000E+00  0.00000000E+00
 0.00000000E+00  0.00000000E+00  0.00000000E+00  0.00000000E+00  0.00000000E+00
 0.00000000E+00  0.00000000E+00  0.00000000E+00  0.00000000E+00  0.00000000E+00
 0.00000000E+00  0.00000000E+00  0.00000000E+00  0.00000000E+00  0.00000000E+00
 0.00000000E+00  0.00000000E+00  0.00000000E+00  0.00000000E+00  0.00000000E+00
 0.00000000E+00  0.00000000E+00  0.00000000E+00  0.00000000E+00  0.00000000E+00
 0.00000000E+00  0.00000000E+00  0.00000000E+00  0.00000000E+00  0.00000000E+00
 1.05692850E+00  1.55552220E-02 -4.04472597E-01  3.89551157E-02  1.95054449E-01
-6.25778550E-01  3.47602483E-01 -7.92239833E-01 -5.98246360E-02 -4.71417957E-02
-4.20879310E-01 -6.19424221E-03  1.61064961E-01 -1.55123097E-02 -7.76725976E-02
 2.49191165E-01 -1.38418723E-01  3.15477683E-01  2.38227577E-02  1.87723261E-02
 0.00000000E+00  0.00000000E+00  0.00000000E+00  0.00000000E+00  0.00000000E+00
 0.00000000E+00  0.00000000E+00  0.00000000E+00  0.00000000E+00  0.00000000E+00
 0.00000000E+00  0.00000000E+00  0.00000000E+00  0.00000000E+00  0.00000000E+00
 0.00000000E+00  0.00000000E+00  0.00000000E+00  0.00000000E+00  0.00000000E+00
 0.00000000E+00  0.00000000E+00  0.00000000E+00  0.00000000E+00  0.00000000E+00
 0.00000000E+00  0.00000000E+00  0.00000000E+00  0.00000000E+00  0.00000000E+00
 0.00000000E+00  0.00000000E+00  0.00000000E+00  0.00000000E+00  0.00000000E+00
 0.00000000E+00  0.00000000E+00  0.00000000E+00  0.00000000E+00  0.00000000E+00
 0.00000000E+00  0.00000000E+00  0.00000000E+00  0.00000000E+00  0.00000000E+00
 0.00000000E+00  0.00000000E+00  0.00000000E+00  0.00000000E+00  0.00000000E+00
-1.00144024E-01  5.71662165E-01 -4.14920261E-01 -6.69833886E-01  1.26475174E-01
-6.16227623E-01  4.30198772E-01  7.50584930E-01 -9.71313911E-02 -1.77810648E-01
 3.98783340E-02 -2.27641489E-01  1.65225324E-01  2.66734433E-01 -5.03636566E-02
 2.45387892E-01 -1.71309376E-01 -2.98890292E-01  3.86786740E-02  7.08059465E-02
 0.00000000E+00  0.00000000E+00  0.00000000E+00  0.00000000E+00  0.00000000E+00
 0.00000000E+00  0.00000000E+00  0.00000000E+00  0.00000000E+00  0.00000000E+00
 0.00000000E+00  0.00000000E+00  0.00000000E+00  0.00000000E+00  0.00000000E+00
 0.00000000E+00  0.00000000E+00  0.00000000E+00  0.00000000E+00  0.00000000E+00
 0.00000000E+00  0.00000000E+00  0.00000000E+00  0.00000000E+00  0.00000000E+00
 0.00000000E+00  0.00000000E+00  0.00000000E+00  0.00000000E+00  0.00000000E+00
 0.00000000E+00  0.00000000E+00  0.00000000E+00  0.00000000E+00  0.00000000E+00
 0.00000000E+00  0.00000000E+00  0.00000000E+00  0.00000000E+00  0.00000000E+00
 0.00000000E+00  0.00000000E+00  0.00000000E+00  0.00000000E+00  0.00000000E+00
 0.00000000E+00  0.00000000E+00  0.00000000E+00  0.00000000E+00  0.00000000E+00
 8.75721736E-02  4.21582736E-03 -2.77660359E-02  3.64216179E-01  8.61191287E-01
-4.08628755E-01 -8.23939241E-01  2.91138355E-01 -3.69872305E-01  7.44329761E-02
-3.48720997E-02 -1.67878386E-03  1.10567082E-02 -1.45034460E-01 -3.42934829E-01
 1.62719984E-01  3.28100699E-01 -1.15934153E-01  1.47286785E-01 -2.96399422E-02
 0.00000000E+00  0.00000000E+00  0.00000000E+00  0.00000000E+00  0.00000000E+00
 0.00000000E+00  0.00000000E+00  0.00000000E+00  0.00000000E+00  0.00000000E+00
 0.00000000E+00  0.00000000E+00  0.00000000E+00  0.00000000E+00  0.00000000E+00
-0.00000000E+00 -0.00000000E+00 -0.00000000E+00 -0.00000000E+00 -0.00000000E+00
-0.00000000E+00 -0.00000000E+00 -0.00000000E+00 -0.00000000E+00 -0.00000000E+00
-0.00000000E+00 -0.00000000E+00 -0.00000000E+00 -0.00000000E+00 -0.00000000E+00
-0.00000000E+00 -0.00000000E+00 -0.00000000E+00 -0.00000000E+00 -0.00000000E+00
-0.00000000E+00 -0.00000000E+00 -0.00000000E+00 -0.00000000E+00 -0.00000000E+00
-0.00000000E+00 -0.00000000E+00 -0.00000000E+00 -0.00000000E+00 -0.00000000E+00
-0.00000000E+00 -0.00000000E+00 -0.00000000E+00 -0.00000000E+00 -0.00000000E+00
 4.77604121E-02 -2.73742967E-01  2.11575601E-01  8.49562749E-01 -6.23014593E-01
-4.88809679E-01  3.39156137E-01  4.24732363E-01 -4.82298019E-01  5.80007267E-02
-1.90186652E-02  1.09007138E-01 -8.42514825E-02 -3.38304231E-01  2.48090530E-01
 1.94648816E-01 -1.35055305E-01 -1.69132599E-01  1.92055809E-01 -2.30964591E-02
-0.00000000E+00 -0.00000000E+00 -0.00000000E+00 -0.00000000E+00 -0.00000000E+00
-0.00000000E+00 -0.00000000E+00 -0.00000000E+00 -0.00000000E+00 -0.00000000E+00
-0.00000000E+00 -0.00000000E+00 -0.00000000E+00 -0.00000000E+00 -0.00000000E+00
-0.00000000E+00 -0.00000000E+00 -0.00000000E+00 -0.00000000E+00 -0.00000000E+00
-0.00000000E+00 -0.00000000E+00 -0.00000000E+00 -0.00000000E+00 -0.00000000E+00
-0.00000000E+00 -0.00000000E+00 -0.00000000E+00 -0.00000000E+00 -0.00000000E+00
-0.00000000E+00 -0.00000000E+00 -0.00000000E+00 -0.00000000E+00 -0.00000000E+00
-0.00000000E+00 -0.00000000E+00 -0.00000000E+00 -0.00000000E+00 -0.00000000E+00
-0.00000000E+00 -0.00000000E+00 -0.00000000E+00 -0.00000000E+00 -0.00000000E+00
-0.00000000E+00 -0.00000000E+00 -0.00000000E+00 -0.00000000E+00 -0.00000000E+00
 2.46166877E-02  8.16965920E-02 -8.71624234E-02 -1.71780265E-01  1.95201784E-03
-8.57122198E-02  1.14988644E-01  5.26854675E-02  6.21727851E-02  1.12233691E+00
-9.80260683E-03 -3.25323854E-02  3.47089331E-02  6.84045888E-02 -7.77312678E-04
 3.41314478E-02 -4.57896077E-02 -2.09798707E-02 -2.47578137E-02 -4.46925581E-01
-0.00000000E+00 -0.00000000E+00 -0.00000000E+00 -0.00000000E+00 -0.00000000E+00
-0.00000000E+00 -0.00000000E+00 -0.00000000E+00 -0.00000000E+00 -0.00000000E+00
-0.00000000E+00 -0.00000000E+00 -0.00000000E+00 -0.00000000E+00 -0.00000000E+00
 0.00000000E+00  0.00000000E+00  0.00000000E+00  0.00000000E+00  0.00000000E+00
 0.00000000E+00  0.00000000E+00  0.00000000E+00  0.00000000E+00  0.00000000E+00
 0.00000000E+00  0.00000000E+00  0.00000000E+00  0.00000000E+00  0.00000000E+00
 0.00000000E+00  0.00000000E+00  0.00000000E+00  0.00000000E+00  0.00000000E+00
 0.00000000E+00  0.00000000E+00  0.00000000E+00  0.00000000E+00  0.00000000E+00
 0.00000000E+00  0.00000000E+00  0.00000000E+00  0.00000000E+00  0.00000000E+00
 0.00000000E+00  0.00000000E+00  0.00000000E+00  0.00000000E+00  0.00000000E+00
 2.57633631E-01 -6.45736131E-01  4.34120281E-01 -1.15686764E-01 -2.27043164E-01
-5.82253714E-01 -3.55390312E-01  2.36601927E-01  9.82032695E-01 -3.05554782E-02
-1.02592242E-01  2.57138470E-01 -1.72870960E-01  4.60676057E-02  9.04108180E-02
 2.31859148E-01  1.41519913E-01 -9.42172113E-02 -3.91055065E-01  1.21674915E-02
 0.00000000E+00  0.00000000E+00  0.00000000E+00  0.00000000E+00  0.00000000E+00
 0.00000000E+00  0.00000000E+00  0.00000000E+00  0.00000000E+00  0.00000000E+00
 0.00000000E+00  0.00000000E+00  0.00000000E+00  0.00000000E+00  0.00000000E+00
-5.21789383E-01 -9.00426625E+00  1.72168396E+01  6.05180651E+00 -5.48600331E-01
 0.00000000E+00  0.00000000E+00  0.00000000E+00  0.00000000E+00  0.00000000E+00
 0.00000000E+00  1.16944970E-11 -2.42855221E-11  5.99923022E-11  0.00000000E+00
 0.00000000E+00  0.00000000E+00 -9.17052261E-01 -9.17052261E-01 -9.17052261E-01
 0.00000000E+00  0.00000000E+00  0.00000000E+00  1.20109354E+00  1.20109354E+00
 1.20109354E+00  0.00000000E+00  0.00000000E+00  0.00000000E+00 -3.34020843E+00
-3.34020843E+00 -3.34020843E+00  0.00000000E+00  0.00000000E+00  0.00000000E+00
 0.00000000E+00  0.00000000E+00 -1.67087202E-11  0.00000000E+00  0.00000000E+00
 0.00000000E+00  0.00000000E+00  0.00000000E+00  0.00000000E+00  0.00000000E+00
 0.00000000E+00  1.05198679E-11 -2.85071680E-11  0.00000000E+00 -1.32999669E-11
 0.00000000E+00 -1.32999669E-11  0.00000000E+00  0.00000000E+00  0.00000000E+00
-3.99608101E+00 -3.99608101E+00 -3.99608101E+00  0.00000000E+00  0.00000000E+00
 0.00000000E+00  0.00000000E+00  0.00000000E+00  0.00000000E+00 -2.33986545E+00
-2.33986545E+00 -2.33986545E+00  0.00000000E+00  0.00000000E+00  0.00000000E+00
 0.00000000E+00  0.00000000E+00  0.00000000E+00  0.00000000E+00  0.00000000E+00
 4.05712493E-01 -1.72319370E+00 -2.58503589E+00 -1.40637034E+00  5.97331498E+00
 8.96082293E+00 -1.15694518E+00  4.91392473E+00  7.37158671E+00 -2.12015714E-02
 9.00500103E-02  1.35087836E-01  0.00000000E+00  0.00000000E+00  0.00000000E+00
 0.00000000E+00  0.00000000E+00  0.00000000E+00  0.00000000E+00  0.00000000E+00
 0.00000000E+00  0.00000000E+00  0.00000000E+00  0.00000000E+00  0.00000000E+00
 0.00000000E+00  0.00000000E+00  0.00000000E+00  0.00000000E+00  0.00000000E+00
 1.04807024E+00 -4.45149720E+00 -6.67787959E+00 -1.99077007E+00 -2.98643854E+00
 4.68711259E-01 -2.98643854E+00  4.68711259E-01 -1.99077007E+00  0.00000000E+00
 5.98435800E-01 -2.54175264E+00 -3.81299084E+00 -1.13670634E+00 -1.70522134E+00
 2.67628626E-01 -1.70522134E+00  2.67628626E-01 -1.13670634E+00  0.00000000E+00
 0.00000000E+00  0.00000000E+00  0.00000000E+00  0.00000000E+00  0.00000000E+00
 0.00000000E+00  0.00000000E+00  0.00000000E+00  0.00000000E+00  0.00000000E+00
 0.00000000E+00  0.00000000E+00  0.00000000E+00  0.00000000E+00  0.00000000E+00
 0.00000000E+00 -1.93809011E-11  4.86856918E-11  2.43452369E-11  0.00000000E+00
 6.54915362E-01 -2.50096329E+00  1.76993733E+00 -2.27021243E+00  8.66939191E+00
-6.13534811E+00 -1.86758157E+00  7.13184210E+00 -5.04722066E+00 -3.42243215E-02
 1.30694402E-01 -9.24927217E-02  0.00000000E+00  0.00000000E+00  0.00000000E+00
 0.00000000E+00  0.00000000E+00  0.00000000E+00  0.00000000E+00  0.00000000E+00
 0.00000000E+00  0.00000000E+00  0.00000000E+00  0.00000000E+00 -1.21831101E-11
-1.21830287E-11 -1.21830825E-11  0.00000000E+00  0.00000000E+00  0.00000000E+00
 1.69183180E+00 -6.46069627E+00  4.57224925E+00 -2.88931121E+00  2.04477203E+00
 7.56610184E-01  2.04477203E+00  7.56610184E-01 -2.88931121E+00  0.00000000E+00
 9.66016097E-01 -3.68898171E+00  2.61070064E+00 -1.64976278E+00  1.16754082E+00
 4.32015532E-01  1.16754082E+00  4.32015532E-01 -1.64976278E+00  0.00000000E+00
-1.12443882E-11 -1.12448291E-11 -1.12465661E-11  0.00000000E+00  0.00000000E+00
 0.00000000E+00  0.00000000E+00  0.00000000E+00  0.00000000E+00  0.00000000E+00
 0.00000000E+00  0.00000000E+00  0.00000000E+00  0.00000000E+00  0.00000000E+00
 0.00000000E+00  0.00000000E+00  0.00000000E+00  0.00000000E+00  0.00000000E+00
-3.03692162E+00 -7.69542578E-01  3.63452900E-02  1.05272492E+01  2.66755862E+00
-1.25988080E-01  8.66020126E+00  2.19445690E+00 -1.03643612E-01  1.58702312E-01
 4.02144675E-02 -1.89931854E-03  0.00000000E+00  0.00000000E+00  0.00000000E+00
 0.00000000E+00  0.00000000E+00  0.00000000E+00  0.00000000E+00  0.00000000E+00
 0.00000000E+00  0.00000000E+00  0.00000000E+00  0.00000000E+00  0.00000000E+00
 0.00000000E+00  0.00000000E+00  0.00000000E+00  0.00000000E+00  0.00000000E+00
-7.84522837E+00 -1.98794636E+00  9.38901743E-02 -8.89036637E-01  4.19889624E-02
-3.50849279E+00  4.19889624E-02 -3.50849279E+00 -8.89036637E-01  0.00000000E+00
-4.47953329E+00 -1.13509403E+00  5.36101872E-02 -5.07629482E-01  2.39752046E-02
-2.00330819E+00  2.39752046E-02 -2.00330819E+00 -5.07629482E-01  0.00000000E+00
 0.00000000E+00  0.00000000E+00  0.00000000E+00  0.00000000E+00  0.00000000E+00
 0.00000000E+00  0.00000000E+00  0.00000000E+00  0.00000000E+00  0.00000000E+00
 0.00000000E+00  0.00000000E+00  0.00000000E+00  0.00000000E+00  0.00000000E+00
-0.00000000E+00 -0.00000000E+00 -0.00000000E+00 -0.00000000E+00 -0.00000000E+00
-0.00000000E+00 -0.00000000E+00 -0.00000000E+00 -0.00000000E+00 -0.00000000E+00
-0.00000000E+00 -0.00000000E+00 -0.00000000E+00 -0.00000000E+00 -0.00000000E+00
-0.00000000E+00 -0.00000000E+00 -1.83426418E-05 -6.28542876E-05  8.11969293E-05
-2.95839324E+00 -2.34326461E+00 -8.24358919E-02  5.87467783E-05  2.01306166E-04
-2.60052944E-04  9.47497496E+00  7.50487568E+00  2.64021024E-01  1.26342281E-07
 4.32934043E-07 -5.59276324E-07  2.03771166E-02  1.61401721E-02  5.67810173E-04
-0.00000000E+00 -0.00000000E+00 -0.00000000E+00 -0.00000000E+00 -0.00000000E+00
-0.00000000E+00 -0.00000000E+00 -0.00000000E+00 -0.00000000E+00 -0.00000000E+00
-0.00000000E+00 -0.00000000E+00 -0.00000000E+00 -0.00000000E+00 -0.00000000E+00
-0.00000000E+00 -0.00000000E+00 -0.00000000E+00 -0.00000000E+00 -0.00000000E+00
-3.64953961E-05 -1.25057892E-04  1.61553288E-04 -3.85339656E+00 -3.05217293E+00
-3.85339656E+00 -1.07375239E-01 -3.05217293E+00 -1.07375239E-01 -4.72979598E-05
 3.66132019E-05  1.06847579E-05 -4.80196669E-02 -1.36497323E+00 -1.72329133E+00
-0.00000000E+00 -0.00000000E+00 -0.00000000E+00 -0.00000000E+00 -0.00000000E+00
-0.00000000E+00 -0.00000000E+00 -0.00000000E+00 -0.00000000E+00 -0.00000000E+00
-0.00000000E+00 -0.00000000E+00 -0.00000000E+00 -0.00000000E+00 -0.00000000E+00
-0.00000000E+00 -0.00000000E+00  1.19099657E-01  3.20797063E+00 -3.32707028E+00
 1.11676649E-03 -1.52233445E-03 -6.37830585E-04 -3.81445661E-01 -1.02743073E+01
 1.06557530E+01 -3.57671671E-03  4.87564689E-03  2.04280781E-03 -8.20346517E-04
-2.20961806E-02  2.29165271E-02 -7.69217583E-06  1.04856873E-05  4.39331324E-06
-0.00000000E+00 -0.00000000E+00 -0.00000000E+00 -0.00000000E+00 -0.00000000E+00
-0.00000000E+00 -0.00000000E+00 -0.00000000E+00 -0.00000000E+00 -0.00000000E+00
-0.00000000E+00 -0.00000000E+00 -0.00000000E+00 -0.00000000E+00 -0.00000000E+00
-0.00000000E+00 -0.00000000E+00 -0.00000000E+00 -0.00000000E+00 -0.00000000E+00
 2.36966365E-01  6.38273156E+00 -6.61969792E+00  1.45462209E-03 -1.98288661E-03
 1.45462209E-03 -8.30793604E-04 -1.98288661E-03 -8.30793604E-04  1.93804911E+00
-1.86867246E+00 -6.93766478E-02 -3.71542195E-04 -8.86773849E-04  6.50526775E-04
-0.00000000E+00 -0.00000000E+00 -0.00000000E+00 -0.00000000E+00 -0.00000000E+00
-0.00000000E+00 -0.00000000E+00 -0.00000000E+00 -0.00000000E+00 -0.00000000E+00
-0.00000000E+00 -0.00000000E+00 -0.00000000E+00 -0.00000000E+00 -0.00000000E+00
-0.00000000E+00 -0.00000000E+00  2.54898293E-05  1.10522533E-05 -3.65420826E-05
-7.19370935E-01  1.03340731E+00 -3.55870061E+00 -8.16373872E-05 -3.53975333E-05
 1.17034920E-04  2.30396065E+00 -3.30973862E+00  1.13976055E+01 -1.75571393E-07
-7.61268145E-08  2.51698208E-07  4.95495501E-03 -7.11800612E-03  2.45119737E-02
-0.00000000E+00 -0.00000000E+00 -0.00000000E+00 -0.00000000E+00 -0.00000000E+00
-0.00000000E+00 -0.00000000E+00 -0.00000000E+00 -0.00000000E+00 -0.00000000E+00
-0.00000000E+00 -0.00000000E+00 -0.00000000E+00 -0.00000000E+00 -0.00000000E+00
-0.00000000E+00 -0.00000000E+00 -0.00000000E+00 -0.00000000E+00 -0.00000000E+00
 5.07157817E-05  2.19900910E-05 -7.27058727E-05 -9.37002374E-01  1.34604423E+00
-9.37002374E-01 -4.63531505E+00  1.34604423E+00 -4.63531505E+00  2.12860999E-05
-6.43803942E-06 -1.48480605E-05 -2.07297591E+00  6.01969282E-01 -4.19040201E-01
-0.00000000E+00 -0.00000000E+00 -0.00000000E+00 -0.00000000E+00 -0.00000000E+00
-0.00000000E+00 -0.00000000E+00 -0.00000000E+00 -0.00000000E+00 -0.00000000E+00
-0.00000000E+00 -0.00000000E+00 -0.00000000E+00 -0.00000000E+00 -0.00000000E+00
-0.00000000E+00 -0.00000000E+00 -6.64990833E-03  1.78171573E-03  4.86819260E-03
 2.23163030E+00 -2.77325254E+00 -1.25643321E+00  2.12979512E-02 -5.70637861E-03
-1.55915726E-02 -7.14733962E+00  8.88201678E+00  4.02403340E+00  4.58039031E-05
-1.22722796E-05 -3.35316235E-05 -1.53712462E-02  1.91018860E-02  8.65418622E-03
-0.00000000E+00 -0.00000000E+00 -0.00000000E+00 -0.00000000E+00 -0.00000000E+00
-0.00000000E+00 -0.00000000E+00 -0.00000000E+00 -0.00000000E+00 -0.00000000E+00
-0.00000000E+00 -0.00000000E+00 -0.00000000E+00 -0.00000000E+00 -0.00000000E+00
-0.00000000E+00 -0.00000000E+00 -0.00000000E+00 -0.00000000E+00 -0.00000000E+00
-1.32309752E-02  3.54498670E-03  9.68598849E-03  2.90676588E+00 -3.61224521E+00
 2.90676588E+00 -1.63654221E+00 -3.61224521E+00 -1.63654221E+00 -2.83576706E-03
-1.03786583E-03  3.87363290E-03 -7.31883926E-01 -1.61544517E+00  1.29994522E+00
 0.00000000E+00  0.00000000E+00  0.00000000E+00  0.00000000E+00  0.00000000E+00
 0.00000000E+00  0.00000000E+00  0.00000000E+00  0.00000000E+00  0.00000000E+00
 0.00000000E+00  0.00000000E+00  0.00000000E+00  0.00000000E+00  0.00000000E+00
 0.00000000E+00  0.00000000E+00 -3.77300229E+00  1.98964734E+00  1.78335495E+00
-3.88846896E-03  4.85817057E-03  2.17068558E-03  1.20839589E+01 -6.37233025E+00
-5.71162863E+00  1.24537690E-02 -1.55594746E-02 -6.95214932E-03  2.59880622E-02
-1.37044918E-02 -1.22835704E-02  2.67833850E-05 -3.34625927E-05 -1.49514651E-05
 0.00000000E+00  0.00000000E+00  0.00000000E+00  0.00000000E+00  0.00000000E+00
 0.00000000E+00  0.00000000E+00  0.00000000E+00  0.00000000E+00  0.00000000E+00
 0.00000000E+00  0.00000000E+00  0.00000000E+00  0.00000000E+00  0.00000000E+00
 0.00000000E+00  0.00000000E+00  0.00000000E+00  0.00000000E+00  0.00000000E+00
-7.50694555E+00  3.95869737E+00  3.54824818E+00 -5.06484828E-03  6.32791392E-03
-5.06484828E-03  2.82738354E-03  6.32791392E-03  2.82738354E-03 -1.03882070E+00
-1.15898792E+00  2.19780861E+00  1.26444436E-03  2.82992914E-03 -2.26506901E-03
-2.74543301E-01 -1.84185020E+00  1.03564434E+01  3.80551724E+00 -3.50575266E-01
 0.00000000E+00  1.46441862E-11  0.00000000E+00  0.00000000E+00 -3.63761995E-11
 1.36978862E-11  0.00000000E+00 -1.97981450E-11  1.15558520E-11  0.00000000E+00
 0.00000000E+00  0.00000000E+00 -3.19630855E+00 -3.19630855E+00 -3.19630855E+00
 0.00000000E+00  0.00000000E+00  0.00000000E+00  4.16836862E+00  4.16836862E+00
 4.16836862E+00  0.00000000E+00  0.00000000E+00  0.00000000E+00 -2.08585025E+00
-2.08585025E+00 -2.08585025E+00  0.00000000E+00  0.00000000E+00  0.00000000E+00
 0.00000000E+00  2.52520716E-11 -1.18805267E-11  1.12810369E-11  0.00000000E+00
 0.00000000E+00  0.00000000E+00  0.00000000E+00  1.12810369E-11  0.00000000E+00
 0.00000000E+00  1.11778914E-11  0.00000000E+00  0.00000000E+00  0.00000000E+00
 0.00000000E+00  0.00000000E+00  0.00000000E+00  0.00000000E+00  0.00000000E+00
-4.60288128E+00 -4.60288128E+00 -4.60288128E+00  0.00000000E+00  0.00000000E+00
 0.00000000E+00  0.00000000E+00  0.00000000E+00  0.00000000E+00 -2.69517130E+00
-2.69517130E+00 -2.69517130E+00  0.00000000E+00  0.00000000E+00  0.00000000E+00
 0.00000000E+00  0.00000000E+00  0.00000000E+00  0.00000000E+00  0.00000000E+00
-4.54824883E+00 -3.86362389E+00 -9.71899732E+00  1.45709062E+01  1.23776212E+01
 3.11360709E+01 -4.02751889E+00 -3.42127680E+00 -8.60626733E+00  1.57229944E-01
 1.33562914E-01  3.35979287E-01  0.00000000E+00  0.00000000E+00  0.00000000E+00
 0.00000000E+00  0.00000000E+00  0.00000000E+00  0.00000000E+00  0.00000000E+00
 0.00000000E+00  0.00000000E+00  0.00000000E+00  0.00000000E+00  0.00000000E+00
 0.00000000E+00  0.00000000E+00  0.00000000E+00  0.00000000E+00  0.00000000E+00
-6.39901502E+00 -5.43580359E+00 -1.36738363E+01 -2.43096527E+00 -6.11512549E+00
-2.86172652E+00 -6.11512549E+00 -2.86172652E+00 -2.43096527E+00  0.00000000E+00
 1.49668862E+00  1.27139963E+00  3.19822270E+00  5.68587201E-01  1.43028867E+00
 6.69339497E-01  1.43028867E+00  6.69339497E-01  5.68587201E-01  0.00000000E+00
 0.00000000E+00  0.00000000E+00  0.00000000E+00  0.00000000E+00  0.00000000E+00
 0.00000000E+00  0.00000000E+00  0.00000000E+00  0.00000000E+00  0.00000000E+00
 0.00000000E+00  0.00000000E+00  0.00000000E+00  0.00000000E+00  0.00000000E+00
-0.00000000E+00 -0.00000000E+00 -0.00000000E+00 -0.00000000E+00 -0.00000000E+00
-7.73590730E+00 -5.88970013E+00  5.96156327E+00  2.47829843E+01  1.88684197E+01
-1.90986427E+01 -6.85022169E+00 -5.21538716E+00  5.27902267E+00  2.67425181E-01
 2.03603025E-01 -2.06087286E-01 -0.00000000E+00 -0.00000000E+00 -0.00000000E+00
-0.00000000E+00 -0.00000000E+00 -0.00000000E+00 -0.00000000E+00 -0.00000000E+00
-0.00000000E+00 -0.00000000E+00 -0.00000000E+00 -0.00000000E+00 -0.00000000E+00
-0.00000000E+00 -0.00000000E+00 -0.00000000E+00 -0.00000000E+00 -0.00000000E+00
-1.08837904E+01 -8.28632755E+00  8.38743313E+00 -3.70575834E+00  3.75097413E+00
-4.86737904E+00  3.75097413E+00 -4.86737904E+00 -3.70575834E+00 -0.00000000E+00
 2.54564884E+00  1.93811892E+00 -1.96176687E+00  8.66753132E-01 -8.77328816E-01
 1.13844877E+00 -8.77328816E-01  1.13844877E+00  8.66753132E-01 -0.00000000E+00
-0.00000000E+00 -0.00000000E+00 -0.00000000E+00 -0.00000000E+00 -0.00000000E+00
-0.00000000E+00 -0.00000000E+00 -0.00000000E+00 -0.00000000E+00 -0.00000000E+00
-0.00000000E+00 -0.00000000E+00 -0.00000000E+00 -0.00000000E+00 -0.00000000E+00
-0.00000000E+00 -0.00000000E+00 -0.00000000E+00 -0.00000000E+00 -0.00000000E+00
 7.03862464E+00 -8.96977752E+00  2.71883029E-01 -2.25491487E+01  2.87358479E+01
-8.71012616E-01  6.23277106E+00 -7.94282586E+00  2.40755086E-01 -2.43320582E-01
 3.10079256E-01 -9.39881588E-03 -0.00000000E+00 -0.00000000E+00 -0.00000000E+00
-0.00000000E+00 -0.00000000E+00 -0.00000000E+00 -0.00000000E+00 -0.00000000E+00
-0.00000000E+00 -0.00000000E+00 -0.00000000E+00 -0.00000000E+00 -0.00000000E+00
-0.00000000E+00 -0.00000000E+00 -0.00000000E+00 -0.00000000E+00 -0.00000000E+00
 9.90277060E+00 -1.26197451E+01  3.82517240E-01 -5.64372160E+00  1.71066910E-01
 4.42865364E+00  1.71066910E-01  4.42865364E+00 -5.64372160E+00 -0.00000000E+00
-2.31619460E+00  2.95167753E+00 -8.94683316E-02  1.32003032E+00 -4.00114542E-02
-1.03583371E+00 -4.00114542E-02 -1.03583371E+00  1.32003032E+00 -0.00000000E+00
-0.00000000E+00 -0.00000000E+00 -0.00000000E+00 -0.00000000E+00 -0.00000000E+00
-0.00000000E+00 -0.00000000E+00 -0.00000000E+00 -0.00000000E+00 -0.00000000E+00
-0.00000000E+00 -0.00000000E+00 -0.00000000E+00 -0.00000000E+00 -0.00000000E+00
-8.08630873E+00  1.47803166E+01  1.24904569E+01  3.16332079E+00 -2.86945369E-01
-0.00000000E+00 -0.00000000E+00 -0.00000000E+00 -0.00000000E+00 -0.00000000E+00
-0.00000000E+00 -0.00000000E+00 -1.25428661E-11 -0.00000000E+00 -0.00000000E+00
-0.00000000E+00 -0.00000000E+00 -5.39850128E+00 -5.39850128E+00 -5.39850128E+00
-0.00000000E+00 -0.00000000E+00 -0.00000000E+00 -5.84524070E+00 -5.84524070E+00
-5.84524070E+00 -0.00000000E+00 -0.00000000E+00 -0.00000000E+00 -1.82769589E+00
-1.82769589E+00 -1.82769589E+00 -0.00000000E+00 -0.00000000E+00 -0.00000000E+00
-0.00000000E+00 -0.00000000E+00 -0.00000000E+00 -0.00000000E+00 -0.00000000E+00
-0.00000000E+00 -0.00000000E+00 -0.00000000E+00 -0.00000000E+00 -0.00000000E+00
-0.00000000E+00 -0.00000000E+00 -0.00000000E+00 -0.00000000E+00 -0.00000000E+00
-0.00000000E+00 -0.00000000E+00 -0.00000000E+00 -0.00000000E+00 -0.00000000E+00
 2.71630502E-01  2.71630502E-01  2.71630502E-01 -0.00000000E+00 -0.00000000E+00
-0.00000000E+00 -0.00000000E+00 -0.00000000E+00 -0.00000000E+00  1.59050536E-01
 1.59050536E-01  1.59050536E-01 -0.00000000E+00 -0.00000000E+00 -0.00000000E+00
