     1145.0000000000        
      171.7000000000        
       39.0700000000        
       11.0400000000        
        3.5660000000        
        1.2400000000        
        0.4473000000        
        0.1640000000        
       10.1530000000        
       10.1530000000        
       10.1530000000        
        3.6270000000        
        3.6270000000        
        3.6270000000        
        1.2960000000        
        1.2960000000        
        1.2960000000        
        0.4630000000        
        0.4630000000        
        0.4630000000        
        7.6660000000        
        7.6660000000        
        7.6660000000        
        7.6660000000        
        7.6660000000        
        7.6660000000        
        2.6470000000        
        2.6470000000        
        2.6470000000        
        2.6470000000        
        2.6470000000        
        2.6470000000        
        0.9140000000        
        0.9140000000        
        0.9140000000        
        0.9140000000        
        0.9140000000        
        0.9140000000        
        5.4110000000        
        5.4110000000        
        5.4110000000        
        5.4110000000        
        5.4110000000        
        5.4110000000        
        5.4110000000        
        5.4110000000        
        5.4110000000        
        5.4110000000        
        1.7070000000        
        1.7070000000        
        1.7070000000        
        1.7070000000        
        1.7070000000        
        1.7070000000        
        1.7070000000        
        1.7070000000        
        1.7070000000        
        1.7070000000        
        3.4300000000        
        3.4300000000        
        3.4300000000        
        3.4300000000        
        3.4300000000        
        3.4300000000        
        3.4300000000        
        3.4300000000        
        3.4300000000        
        3.4300000000        
        3.4300000000        
        3.4300000000        
        3.4300000000        
        3.4300000000        
        3.4300000000        
