             0.0003590000
             0.0027710000
             0.0142510000
             0.0555660000
             1.0000000000
             1.0000000000
             1.0000000000
             1.0000000000
             1.0000000000
             1.0000000000
             1.0000000000
             1.0000000000
             1.0000000000
             1.0000000000
             1.0000000000
             1.0000000000
             1.0000000000
             1.0000000000
             1.0000000000
             1.0000000000
             1.0000000000
             1.0000000000
             1.0000000000
             1.0000000000
             1.0000000000
             1.0000000000
             1.0000000000
             1.0000000000
             1.0000000000
             1.0000000000
             1.0000000000
             1.0000000000
             1.0000000000
             1.0000000000
             1.0000000000
             1.0000000000
             1.0000000000
             1.0000000000
             1.0000000000
             1.0000000000
             1.0000000000
             1.0000000000
             1.0000000000
             1.0000000000
             1.0000000000
             1.0000000000
             1.0000000000
             1.0000000000
             1.0000000000
             1.0000000000
             1.0000000000
             1.0000000000
             1.0000000000
             1.0000000000
             1.0000000000
             1.0000000000
             1.0000000000
             1.0000000000
             1.0000000000
             1.0000000000
             1.0000000000
             1.0000000000
             1.0000000000
             1.0000000000
             1.0000000000
             1.0000000000
             1.0000000000
             1.0000000000
             1.0000000000
             1.0000000000
             1.0000000000
             1.0000000000
             1.0000000000
