
 1.0000002327532262E+00 

 1.0000002975302915E+00 

 1.0000000894904926E+00 

 1.0000000894904926E+00 

 1.0000000894904926E+00 

 1.0000000000000002E+00 

 1.0000000000000000E+00 

 1.0000000000000000E+00 

 1.0000000000000000E+00 

 1.0000000000000000E+00 

 1.0000000000000000E+00 

 1.0000000000000000E+00 

 1.0000000000000000E+00 

 1.0000000000000000E+00 

 1.0000000000000000E+00 

 1.0000000000000000E+00 

 1.0000000000000002E+00 

 1.0000000000000002E+00 

 1.0000000000000002E+00 

 1.0000000000000000E+00 

 1.0000000000000000E+00 

 1.0000000000000000E+00 

 1.0000000000000002E+00 

 1.0000000000000002E+00 

 1.0000000000000002E+00 

 1.0000000000000002E+00 

 1.0000000000000002E+00 

 1.0000000000000002E+00 

 1.0000000000000002E+00 

 1.0000000000000002E+00 

 1.0000000000000002E+00 

 1.0000000000000002E+00 

 1.0000000000000002E+00 

 1.0000000000000002E+00 

 1.0000000000000000E+00 
