 5.49202753E-05  6.79152852E-06  2.34271211E-04  5.48289480E-04  1.96461898E-03
 5.93798418E-03  1.89347342E-02  5.71532781E-02  1.53273411E-01  3.35984326E-01
 4.16179579E-01  1.63444776E-01 -2.11199653E-02  3.58825603E-02  6.02518214E-04
 9.58498856E-04 -3.27367393E-04  1.50948863E-04 -4.89085207E-05 -0.00000000E+00
-0.00000000E+00 -0.00000000E+00 -0.00000000E+00 -0.00000000E+00 -0.00000000E+00
-0.00000000E+00 -0.00000000E+00 -0.00000000E+00 -0.00000000E+00 -0.00000000E+00
-0.00000000E+00 -0.00000000E+00 -0.00000000E+00  2.41424392E-11 -0.00000000E+00
 1.11021762E-11 -1.01651012E-10 -0.00000000E+00 -2.20003854E-11  2.01533297E-10
-0.00000000E+00 -0.00000000E+00 -0.00000000E+00 -0.00000000E+00 -0.00000000E+00
-0.00000000E+00 -0.00000000E+00 -0.00000000E+00 -0.00000000E+00 -0.00000000E+00
-0.00000000E+00 -0.00000000E+00 -8.49073150E-03 -8.49073150E-03 -8.49073150E-03
-0.00000000E+00 -0.00000000E+00 -0.00000000E+00 -4.32628334E-04 -4.32628334E-04
-4.32628334E-04 -0.00000000E+00 -0.00000000E+00 -0.00000000E+00 -0.00000000E+00
 1.02165644E-11 -9.34460678E-11 -0.00000000E+00 -4.17923860E-11 -0.00000000E+00
-4.17923860E-11 -0.00000000E+00 -0.00000000E+00 -0.00000000E+00 
-1.29822521E-05 -1.27855696E-06 -5.59030550E-05 -1.26561847E-04 -4.68669295E-04
-1.38563263E-03 -4.55864440E-03 -1.38030602E-02 -3.97996747E-02 -9.78457288E-02
-1.75355122E-01 -8.79563224E-02  2.95385813E-01  5.66022340E-01  2.97613992E-01
 2.76322789E-02 -2.86897830E-03  1.07285761E-03 -3.22298237E-04 -0.00000000E+00
-0.00000000E+00 -0.00000000E+00 -0.00000000E+00 -0.00000000E+00 -0.00000000E+00
-0.00000000E+00 -0.00000000E+00 -0.00000000E+00 -0.00000000E+00 -0.00000000E+00
-0.00000000E+00 -0.00000000E+00 -0.00000000E+00 -0.00000000E+00 -0.00000000E+00
-3.45321397E-11 -3.06650167E-11  1.94226090E-11  6.83375989E-11  6.18404639E-11
-0.00000000E+00 -0.00000000E+00 -0.00000000E+00 -0.00000000E+00 -0.00000000E+00
-0.00000000E+00 -0.00000000E+00 -0.00000000E+00 -0.00000000E+00 -0.00000000E+00
-0.00000000E+00 -0.00000000E+00 -4.76005968E-03 -4.76005968E-03 -4.76005968E-03
-0.00000000E+00 -0.00000000E+00 -0.00000000E+00 -5.70503321E-03 -5.70503321E-03
-5.70503321E-03 -0.00000000E+00 -0.00000000E+00 -0.00000000E+00 -0.00000000E+00
-3.33765105E-11 -2.99150515E-11 -1.49547633E-11 -1.33764155E-11 -0.00000000E+00
-1.33764155E-11 -0.00000000E+00 -1.49547634E-11 -0.00000000E+00 
 0.00000000E+00  0.00000000E+00  0.00000000E+00  0.00000000E+00  0.00000000E+00
 0.00000000E+00  0.00000000E+00  0.00000000E+00  0.00000000E+00  0.00000000E+00
 0.00000000E+00  0.00000000E+00 -1.43664955E-11  0.00000000E+00  5.05018069E-11
-7.12702116E-11  8.92847069E-11 -6.49787953E-11  2.68028319E-11 -1.55684066E-03
 2.23720606E-03 -2.14710407E-03 -2.04971854E-03  2.94547982E-03 -2.82685257E-03
-1.25398999E-02  1.80200459E-02 -1.72943005E-02 -3.80255245E-02  5.46433146E-02
-5.24425913E-02 -9.52194208E-02  1.36831900E-01 -1.31321086E-01 -1.48521111E-01
 2.13427321E-01 -2.04831677E-01 -1.60255798E-01  2.30290261E-01 -2.21015473E-01
-9.60257732E-02  1.37990642E-01 -1.32433160E-01 -1.99652402E-02  2.86903840E-02
-2.75348978E-02 -1.14677923E-04  1.64794235E-04 -1.58157258E-04 -5.74415850E-05
 8.25444251E-05 -7.92200519E-05  0.00000000E+00  0.00000000E+00  0.00000000E+00
 0.00000000E+00  0.00000000E+00  0.00000000E+00  0.00000000E+00  0.00000000E+00
 0.00000000E+00  0.00000000E+00  0.00000000E+00  0.00000000E+00  1.52901520E-03
-2.19722041E-03  2.10872878E-03 -9.82626838E-04  9.43052181E-04  6.83796383E-04
 9.43052181E-04  6.83796383E-04 -9.82626838E-04  0.00000000E+00 
 0.00000000E+00  0.00000000E+00  0.00000000E+00  0.00000000E+00  0.00000000E+00
 0.00000000E+00  0.00000000E+00  0.00000000E+00  0.00000000E+00  0.00000000E+00
 0.00000000E+00  0.00000000E+00  2.37233393E-11 -3.79374512E-11 -3.12681108E-11
 8.21487983E-11 -3.50912295E-11 -2.63587668E-11  3.57119907E-11  1.28930828E-03
 2.65203673E-03  1.82846521E-03  1.69748848E-03  3.49164112E-03  2.40733631E-03
 1.03850042E-02  2.13613866E-02  1.47277570E-02  3.14910991E-02  6.47754714E-02
 4.46599004E-02  7.88566170E-02  1.62203755E-01  1.11832510E-01  1.22998778E-01
 2.53001770E-01  1.74433834E-01  1.32716939E-01  2.72991497E-01  1.88215891E-01
 7.95244033E-02  1.63577355E-01  1.12779548E-01  1.65343507E-02  3.40102566E-02
 2.34486085E-02  9.49714984E-05  1.95350998E-04  1.34686152E-04  4.75705156E-05
 9.78501327E-05  6.74634166E-05  1.13410883E-11  1.13410421E-11  1.13414261E-11
 0.00000000E+00  0.00000000E+00  0.00000000E+00 -1.02722524E-11 -1.02717600E-11
-1.02709578E-11  0.00000000E+00  0.00000000E+00  0.00000000E+00 -1.26626443E-03
-2.60463678E-03 -1.79578498E-03 -1.16482898E-03 -8.03099460E-04 -5.66290668E-04
-8.03099460E-04 -5.66290668E-04 -1.16482898E-03  0.00000000E+00 
 0.00000000E+00  0.00000000E+00  0.00000000E+00  0.00000000E+00  0.00000000E+00
 0.00000000E+00  0.00000000E+00  0.00000000E+00  0.00000000E+00  0.00000000E+00
 0.00000000E+00  0.00000000E+00 -1.31191556E-11  1.24910182E-11  0.00000000E+00
 3.45089230E-11 -6.70296959E-11  6.42922447E-11 -2.62232979E-11  2.82007642E-03
 2.25811073E-05 -2.02127652E-03  3.71288024E-03  2.97300267E-05 -2.66118946E-03
 2.27148976E-02  1.81884270E-04 -1.62807961E-02  6.88798076E-02  5.51539071E-04
-4.93692783E-02  1.72481392E-01  1.38110471E-03 -1.23625227E-01  2.69032596E-01
 2.15421607E-03 -1.92827849E-01  2.90288922E-01  2.32442115E-03 -2.08063220E-01
 1.73942026E-01  1.39280040E-03 -1.24672130E-01  3.61652316E-02  2.89584710E-04
-2.59212598E-02  2.07729167E-04  1.66324711E-06 -1.48888700E-04  1.04050042E-04
 8.33209580E-07 -7.45774401E-05  0.00000000E+00  0.00000000E+00  0.00000000E+00
 0.00000000E+00  0.00000000E+00  0.00000000E+00  0.00000000E+00  0.00000000E+00
 0.00000000E+00  0.00000000E+00  0.00000000E+00  0.00000000E+00 -2.76967310E-03
-2.21775097E-05  1.98515019E-03 -9.91808393E-06  8.87786153E-04 -1.23863547E-03
 8.87786153E-04 -1.23863547E-03 -9.91808393E-06  0.00000000E+00 
 4.10943095E-07 -8.39587890E-08  1.96327899E-06  2.80606209E-06  1.60643673E-05
 3.39170342E-05  1.50789002E-04  3.54128581E-04  1.30418982E-03  2.48515711E-03
 6.50133942E-03 -2.23124084E-03  3.25301797E-02 -4.23996314E-02  1.58103663E-02
-4.67251614E-01  6.70652128E-01 -1.60129607E+00  2.05807311E+00 -0.00000000E+00
-0.00000000E+00 -0.00000000E+00 -0.00000000E+00 -0.00000000E+00 -0.00000000E+00
-0.00000000E+00 -0.00000000E+00 -0.00000000E+00 -0.00000000E+00 -0.00000000E+00
-0.00000000E+00 -0.00000000E+00 -0.00000000E+00 -0.00000000E+00 -0.00000000E+00
-0.00000000E+00 -0.00000000E+00 -0.00000000E+00 -1.86676774E-11 -0.00000000E+00
-0.00000000E+00 -0.00000000E+00 -0.00000000E+00 -0.00000000E+00 -0.00000000E+00
-0.00000000E+00 -0.00000000E+00 -1.52304220E-11 -1.20661111E-11  1.37907586E-11
 4.38736537E-11  3.71520786E-11  2.56538816E-02  2.56538816E-02  2.56538816E-02
-0.00000000E+00 -0.00000000E+00 -0.00000000E+00  6.80277926E-02  6.80277926E-02
 6.80277926E-02 -0.00000000E+00 -0.00000000E+00 -0.00000000E+00 -0.00000000E+00
-0.00000000E+00 -0.00000000E+00 -0.00000000E+00 -0.00000000E+00 -0.00000000E+00
-0.00000000E+00 -0.00000000E+00 -0.00000000E+00 -0.00000000E+00 
 0.00000000E+00  0.00000000E+00  0.00000000E+00  0.00000000E+00  0.00000000E+00
 0.00000000E+00  0.00000000E+00  0.00000000E+00  0.00000000E+00  0.00000000E+00
 0.00000000E+00  0.00000000E+00  0.00000000E+00  0.00000000E+00  2.46701913E-11
-1.07038345E-10  1.73314654E-10 -2.80254930E-10  1.38033896E-10  6.63073361E-05
-1.76681316E-04  9.62315873E-05  6.49828049E-07 -1.73151979E-06  9.43092727E-07
 5.73210762E-04 -1.52736692E-03  8.31898622E-04  6.68919691E-04 -1.78239118E-03
 9.70800626E-04  5.10906266E-03 -1.36135150E-02  7.41476341E-03 -1.16853367E-02
 3.11365346E-02 -1.69588852E-02  3.60720349E-02 -9.61168848E-02  5.23512085E-02
 4.74926616E-02 -1.26548078E-01  6.89259212E-02 -1.09763218E-01  2.92473065E-01
-1.59298946E-01  3.15580434E-01 -8.40889858E-01  4.58000698E-01 -5.18050535E-01
 1.38038799E+00 -7.51844793E-01  0.00000000E+00  0.00000000E+00  0.00000000E+00
 0.00000000E+00  0.00000000E+00  0.00000000E+00  1.20941299E-11  1.20951768E-11
 1.21056462E-11  0.00000000E+00  0.00000000E+00  0.00000000E+00 -2.22794157E-02
 5.93653240E-02 -3.23340323E-02  2.65489800E-02 -1.44602188E-02 -9.96365762E-03
-1.44602188E-02 -9.96365762E-03  2.65489800E-02  0.00000000E+00 
-0.00000000E+00 -0.00000000E+00 -0.00000000E+00 -0.00000000E+00 -0.00000000E+00
-0.00000000E+00 -0.00000000E+00 -0.00000000E+00 -0.00000000E+00 -0.00000000E+00
-0.00000000E+00 -0.00000000E+00  3.73502562E-11 -3.36732894E-11 -0.00000000E+00
-8.20970192E-11  2.05965506E-10 -4.42881991E-10  2.04784064E-10 -7.39963577E-05
-1.15638079E-04 -1.61325268E-04 -7.25182456E-07 -1.13328116E-06 -1.58102675E-06
-6.39680480E-04 -9.99663016E-04 -1.39461763E-03 -7.46487850E-04 -1.16657662E-03
-1.62747676E-03 -5.70151132E-03 -8.91005774E-03 -1.24303124E-02  1.30403723E-02
 2.03788898E-02  2.84303396E-02 -4.02549604E-02 -6.29085872E-02 -8.77629996E-02
-5.29999270E-02 -8.28258305E-02 -1.15549302E-01  1.22491399E-01  1.91423883E-01
 2.67053115E-01 -3.52175250E-01 -5.50363165E-01 -7.67804912E-01  5.78123853E-01
 9.03465174E-01  1.26041320E+00  1.72423274E-11  1.72434074E-11  1.72423125E-11
-0.00000000E+00 -0.00000000E+00 -0.00000000E+00  1.63757332E-11  1.63866574E-11
 1.63764154E-11 -0.00000000E+00 -0.00000000E+00 -0.00000000E+00  2.48629444E-02
 3.88546577E-02  5.42056571E-02  1.73763312E-02  2.42415068E-02  1.11190468E-02
 2.42415068E-02  1.11190468E-02  1.73763312E-02 -0.00000000E+00 
-0.00000000E+00 -0.00000000E+00 -0.00000000E+00 -0.00000000E+00 -0.00000000E+00
-0.00000000E+00 -0.00000000E+00 -0.00000000E+00 -0.00000000E+00 -0.00000000E+00
-0.00000000E+00 -0.00000000E+00 -1.83691497E-11  2.38673751E-11 -0.00000000E+00
 5.82832909E-11 -6.97112374E-11  1.49704686E-11  1.03743771E-11 -1.87086464E-04
-1.68824118E-05  9.79137781E-05 -1.83349277E-06 -1.65451744E-07  9.59578953E-07
-1.61731689E-03 -1.45944336E-04  8.46440751E-04 -1.88736008E-03 -1.70312643E-04
 9.87770857E-04 -1.44152445E-02 -1.30081081E-03  7.54437829E-03  3.29702330E-02
 2.97518612E-03 -1.72553375E-02 -1.01777418E-01 -9.18424690E-03  5.32663416E-02
-1.34000770E-01 -1.20920356E-02  7.01307910E-02  3.09697442E-01  2.79466490E-02
-1.62083595E-01 -8.90411694E-01 -8.03494629E-02  4.66006847E-01  1.46168204E+00
 1.31900073E-01 -7.64987528E-01 -0.00000000E+00 -0.00000000E+00 -0.00000000E+00
-0.00000000E+00 -0.00000000E+00 -0.00000000E+00 -0.00000000E+00 -0.00000000E+00
-0.00000000E+00 -0.00000000E+00 -0.00000000E+00 -0.00000000E+00  6.28614773E-02
 5.67252876E-03 -3.28992521E-02  2.53683198E-03 -1.47129928E-02  2.81125073E-02
-1.47129928E-02  2.81125073E-02  2.53683198E-03 -0.00000000E+00 
 8.15970090E-07  4.28984205E-07  2.97104137E-06  1.13180178E-05  2.60209151E-05
 1.15006459E-04  2.68798419E-04  1.10305381E-03  2.40212264E-03  8.02003821E-03
 9.06888443E-03  2.03428540E-02 -1.43096472E-01  1.00039830E-02 -1.63767489E-01
 1.25341982E+00 -2.26535540E+00  4.61239371E+00 -2.63650208E+00  0.00000000E+00
 0.00000000E+00  0.00000000E+00  0.00000000E+00  0.00000000E+00  0.00000000E+00
 0.00000000E+00  0.00000000E+00  0.00000000E+00  0.00000000E+00  0.00000000E+00
 0.00000000E+00  0.00000000E+00  0.00000000E+00  0.00000000E+00  0.00000000E+00
 0.00000000E+00  0.00000000E+00  0.00000000E+00  0.00000000E+00  0.00000000E+00
 0.00000000E+00 -1.70965523E-11  0.00000000E+00  1.37211120E-11  4.28923759E-11
 2.27048855E-11 -4.27888005E-11 -1.32584195E-10 -6.53080130E-11  6.31398493E-11
 1.94426026E-10  9.52827327E-11 -7.20026425E-02 -7.20026425E-02 -7.20026425E-02
 0.00000000E+00  0.00000000E+00  0.00000000E+00 -1.95721507E-01 -1.95721507E-01
-1.95721507E-01  0.00000000E+00  0.00000000E+00  0.00000000E+00  0.00000000E+00
 0.00000000E+00  0.00000000E+00  0.00000000E+00  0.00000000E+00  0.00000000E+00
 0.00000000E+00  0.00000000E+00  0.00000000E+00  0.00000000E+00 
-0.00000000E+00 -0.00000000E+00 -0.00000000E+00 -0.00000000E+00 -0.00000000E+00
-0.00000000E+00 -0.00000000E+00 -0.00000000E+00  1.15502377E-11  1.87202579E-11
 6.08964772E-11 -4.42164304E-11  4.94150218E-10 -4.56361907E-10  4.74618516E-10
-7.38145952E-09  1.09242296E-08 -9.37546403E-09  3.54439442E-09  1.14411457E-04
-2.39817903E-04  2.08983240E-04  3.98667354E-04 -8.35646814E-04  7.28203261E-04
 8.17891257E-04 -1.71438221E-03  1.49395498E-03  5.58133091E-03 -1.16990301E-02
 1.01948236E-02  4.28952152E-03 -8.99126789E-03  7.83521277E-03  6.30934257E-02
-1.32250157E-01  1.15246051E-01 -7.02620718E-02  1.47276359E-01 -1.28340255E-01
-1.14909476E-01  2.40861803E-01 -2.09892921E-01  3.80127554E-01 -7.96785532E-01
 6.94338580E-01 -1.00679743E+00  2.11034853E+00 -1.83900980E+00  5.78835271E-01
-1.21329686E+00  1.05729683E+00  3.50710910E-10  3.50710896E-10  3.50712017E-10
-0.00000000E+00 -0.00000000E+00 -0.00000000E+00  9.90822869E-10  9.90822295E-10
 9.90828709E-10 -0.00000000E+00 -0.00000000E+00 -0.00000000E+00  6.37745162E-02
-1.33677791E-01  1.16490127E-01 -5.97825256E-02  5.20959685E-02  2.85208307E-02
 5.20959685E-02  2.85208307E-02 -5.97825256E-02 -0.00000000E+00 
-0.00000000E+00 -0.00000000E+00 -0.00000000E+00 -0.00000000E+00 -0.00000000E+00
-0.00000000E+00 -0.00000000E+00 -0.00000000E+00 -2.63475581E-11 -4.18530146E-11
-1.38550244E-10  1.03034957E-10 -1.13166269E-09  1.04711055E-09 -1.03203051E-09
 1.65794250E-08 -2.45860828E-08  2.11600917E-08 -8.02239167E-09 -3.10307091E-04
-1.32996592E-04  1.72632138E-05 -1.08126678E-03 -4.63427364E-04  6.01537636E-05
-2.21828709E-03 -9.50750505E-04  1.23409246E-04 -1.51377022E-02 -6.48796908E-03
 8.42150874E-04 -1.16340530E-02 -4.98631661E-03  6.47233501E-04 -1.71122176E-01
-7.33423984E-02  9.51998443E-03  1.90564999E-01  8.16755281E-02 -1.06016407E-02
 3.11657823E-01  1.33575511E-01 -1.73383583E-02 -1.03098308E+00 -4.41875936E-01
 5.73563466E-02  2.73063897E+00  1.17034283E+00 -1.51912750E-01 -1.56991874E+00
-6.72861975E-01  8.73387788E-02 -7.98465323E-10 -7.98466548E-10 -7.98466082E-10
-0.00000000E+00 -0.00000000E+00 -0.00000000E+00 -2.23426991E-09 -2.23427951E-09
-2.23428176E-09 -0.00000000E+00 -0.00000000E+00 -0.00000000E+00 -1.72969432E-01
-7.41341261E-02  9.62275219E-03 -3.31537891E-02  4.30342561E-03 -7.73542816E-02
 4.30342561E-03 -7.73542816E-02 -3.31537891E-02 -0.00000000E+00 
 0.00000000E+00  0.00000000E+00  0.00000000E+00  0.00000000E+00  0.00000000E+00
 0.00000000E+00  0.00000000E+00  0.00000000E+00  2.31311202E-11  3.79824213E-11
 1.20539410E-10 -8.41109991E-11  9.61036215E-10 -8.89460508E-10  8.92846001E-10
-1.44643967E-08  2.15662031E-08 -1.85374343E-08  6.99615036E-09  6.99723571E-05
-1.97676207E-04 -2.65150126E-04  2.43819066E-04 -6.88803838E-04 -9.23917086E-04
 5.00210213E-04 -1.41312458E-03 -1.89547425E-03  3.41345956E-03 -9.64323291E-03
-1.29348113E-02  2.62340801E-03 -7.41128876E-03 -9.94102521E-03  3.85870074E-02
-1.09010666E-01 -1.46219883E-01 -4.29712455E-02  1.21396408E-01  1.62833319E-01
-7.02769388E-02  1.98536669E-01  2.66304295E-01  2.32480399E-01 -6.56771405E-01
-8.80950845E-01 -6.15742439E-01  1.73951021E+00  2.33326691E+00  3.54007103E-01
-1.00009181E+00 -1.34145871E+00  6.86654567E-10  6.86654220E-10  6.86653962E-10
 0.00000000E+00  0.00000000E+00  0.00000000E+00  1.94280978E-09  1.94280791E-09
 1.94279949E-09  0.00000000E+00  0.00000000E+00  0.00000000E+00  3.90035523E-02
-1.10187431E-01 -1.47798320E-01 -4.92773172E-02 -6.60974181E-02  1.74429189E-02
-6.60974181E-02  1.74429189E-02 -4.92773172E-02  0.00000000E+00 
 2.06794994E-06 -7.51461887E-07  1.03917025E-05  1.09474207E-05  8.40854465E-05
 1.44362430E-04  7.75764898E-04  1.56155515E-03  6.66971644E-03  1.08172700E-02
 3.49387316E-02 -2.49688354E-02  2.80669611E-01 -2.58941591E-01  2.60665703E-01
-4.19183550E+00  6.23082779E+00 -5.36067126E+00  2.02932408E+00  0.00000000E+00
 0.00000000E+00  0.00000000E+00  0.00000000E+00  0.00000000E+00  0.00000000E+00
-1.14500383E-11  0.00000000E+00  0.00000000E+00 -8.01035602E-11  2.75034009E-11
 3.07298676E-11 -5.87685203E-11  2.16103011E-11  2.08176235E-11 -9.15731871E-10
 3.12832129E-10  3.53462777E-10  1.03374332E-09 -3.47791479E-10 -4.05200500E-10
 1.67519274E-09 -5.84640896E-10 -6.29457112E-10 -5.53965714E-09  1.93606705E-09
 2.07994015E-09  1.46446198E-08 -5.12188156E-09 -5.49165646E-09 -8.40094875E-09
 2.93803405E-09  3.14894336E-09  1.99772941E-01  1.99772941E-01  1.99772941E-01
 0.00000000E+00  0.00000000E+00  0.00000000E+00  5.64095829E-01  5.64095829E-01
 5.64095829E-01  0.00000000E+00  0.00000000E+00  0.00000000E+00 -9.31234241E-10
 3.18645716E-10  3.58477776E-10  1.42595687E-10  1.60344526E-10 -4.16662903E-10
 1.60344532E-10 -4.16662878E-10  1.42595746E-10  0.00000000E+00 
 2.69637540E-06  2.81362316E-06  7.64477163E-06  5.08677353E-05  7.22161904E-05
 4.91770716E-04  8.16668806E-04  4.58434503E-03  7.50779506E-03  3.38277001E-02
 2.11979655E-02  1.26828602E-01 -9.84332035E-01  1.80499704E-01 -1.62029767E+00
 1.07612008E+01 -7.23048539E+00  3.94676778E+00 -1.28854959E+00 -0.00000000E+00
-0.00000000E+00 -0.00000000E+00 -0.00000000E+00 -0.00000000E+00 -0.00000000E+00
-0.00000000E+00 -0.00000000E+00 -0.00000000E+00 -0.00000000E+00 -0.00000000E+00
-0.00000000E+00 -1.54331285E-11 -0.00000000E+00 -2.21301534E-11  2.89515192E-11
-0.00000000E+00  5.00571876E-11 -9.96768106E-11 -1.73564700E-11 -1.53836473E-10
-1.61078682E-10 -1.35739461E-11 -2.15532720E-10  4.07053316E-10  3.16726588E-11
 5.42439387E-10 -3.69471975E-10 -2.92348321E-11 -4.90942213E-10  1.43093436E-10
 1.13534958E-11  1.90537378E-10 -5.45765397E-01 -5.45765397E-01 -5.45765397E-01
-0.00000000E+00 -0.00000000E+00 -0.00000000E+00 -1.66607786E+00 -1.66607786E+00
-1.66607786E+00 -0.00000000E+00 -0.00000000E+00 -0.00000000E+00  6.24227484E-11
-0.00000000E+00  9.39369378E-11 -0.00000000E+00  4.22728045E-11  2.81286884E-11
 4.22728035E-11  2.81286190E-11 -0.00000000E+00 -0.00000000E+00 
 0.00000000E+00  0.00000000E+00  0.00000000E+00  0.00000000E+00  0.00000000E+00
 0.00000000E+00  0.00000000E+00  0.00000000E+00  0.00000000E+00  0.00000000E+00
 0.00000000E+00  1.35411420E-11 -1.10961598E-10  0.00000000E+00 -2.00552997E-10
 1.36295102E-09 -9.19928070E-10  5.09137346E-10 -1.68195453E-10  4.67223194E-04
-1.11406810E-03  9.06292389E-04 -3.51723185E-05  8.38664665E-05 -6.82252190E-05
 4.06467414E-03 -9.69199277E-03  7.88441860E-03  4.31652303E-03 -1.02925126E-02
 8.37294042E-03  3.68112474E-02 -8.77744023E-02  7.14043176E-02 -9.19752599E-02
 2.19309967E-01 -1.78408262E-01  2.67301717E-01 -6.37366298E-01  5.18496332E-01
 4.31486433E-01 -1.02885576E+00  8.36972299E-01 -1.06348366E+00  2.53581851E+00
-2.06288377E+00  9.29600569E-01 -2.21658162E+00  1.80318514E+00 -3.62603442E-01
 8.64608040E-01 -7.03357078E-01 -6.35476776E-11 -6.35466973E-11 -6.35458493E-11
 0.00000000E+00  0.00000000E+00  0.00000000E+00 -2.12770167E-10 -2.12753079E-10
-2.12741852E-10  0.00000000E+00  0.00000000E+00  0.00000000E+00 -1.71580784E-01
 4.09124977E-01 -3.32822430E-01  1.82966252E-01 -1.48842715E-01 -7.67332593E-02
-1.48842715E-01 -7.67332593E-02  1.82966252E-01  0.00000000E+00 
 0.00000000E+00  0.00000000E+00  0.00000000E+00  0.00000000E+00  0.00000000E+00
 0.00000000E+00  0.00000000E+00  0.00000000E+00  0.00000000E+00  0.00000000E+00
 0.00000000E+00 -1.77545955E-11  1.44434980E-10 -1.95088642E-11  2.47621752E-10
-1.64016041E-09  1.10125874E-09 -5.90426907E-10  1.84992528E-10 -8.61279898E-04
-9.80002726E-04 -7.60659411E-04  6.48367020E-05  7.37740947E-05  5.72620442E-05
-7.49282608E-03 -8.52567209E-03 -6.61746394E-03 -7.95708467E-03 -9.05392624E-03
-7.02748473E-03 -6.78579056E-02 -7.72117551E-02 -5.99302905E-02  1.69547325E-01
 1.92918517E-01  1.49739670E-01 -4.92744365E-01 -5.60666541E-01 -4.35178667E-01
-7.95402704E-01 -9.05044713E-01 -7.02478431E-01  1.96042728E+00  2.23066170E+00
 1.73139704E+00 -1.71362701E+00 -1.94984133E+00 -1.51342962E+00  6.68423700E-01
 7.60562333E-01  5.90333966E-01  8.10479999E-11  8.10484040E-11  8.10491660E-11
 0.00000000E+00  0.00000000E+00  0.00000000E+00  2.53105661E-10  2.53110753E-10
 2.53121244E-10  0.00000000E+00  0.00000000E+00  0.00000000E+00  3.16292260E-01
 3.59891457E-01  2.79340880E-01  1.60948353E-01  1.24925039E-01  1.41450199E-01
 1.24925039E-01  1.41450199E-01  1.60948353E-01  0.00000000E+00 
-0.00000000E+00 -0.00000000E+00 -0.00000000E+00 -0.00000000E+00 -0.00000000E+00
-0.00000000E+00 -0.00000000E+00 -0.00000000E+00 -0.00000000E+00 -0.00000000E+00
-0.00000000E+00 -0.00000000E+00 -2.24588176E-11  2.03190184E-11 -0.00000000E+00
 6.30086017E-11 -1.90420633E-11 -0.00000000E+00 -0.00000000E+00 -1.14922172E-03
 2.81528085E-04  9.38532105E-04  8.65128126E-05 -2.11932876E-05 -7.06522079E-05
-9.99781665E-03  2.44919333E-03  8.16489257E-03 -1.06172855E-02  2.60094635E-03
 8.67079267E-03 -9.05440606E-02  2.21808337E-02  7.39443974E-02  2.26230136E-01
-5.54202342E-02 -1.84754814E-01 -6.57477935E-01  1.61064223E-01  5.36940903E-01
-1.06132056E+00  2.59994690E-01  8.66746078E-01  2.61583444E+00 -6.40808337E-01
-2.13626714E+00 -2.28652426E+00  5.60136294E-01  1.86733020E+00  8.91890126E-01
-2.18488838E-01 -7.28377737E-01 -0.00000000E+00 -0.00000000E+00 -0.00000000E+00
-0.00000000E+00 -0.00000000E+00 -0.00000000E+00 -1.07946716E-11 -1.07983037E-11
-1.07964260E-11 -0.00000000E+00 -0.00000000E+00 -0.00000000E+00  4.22034623E-01
-1.03387011E-01 -3.44661987E-01 -4.62360770E-02 -1.54137526E-01  1.88739621E-01
-1.54137526E-01  1.88739621E-01 -4.62360770E-02 -0.00000000E+00 
 0.00000000E+00  0.00000000E+00  0.00000000E+00  0.00000000E+00  0.00000000E+00
 0.00000000E+00  0.00000000E+00  0.00000000E+00  0.00000000E+00  0.00000000E+00
 0.00000000E+00  0.00000000E+00  0.00000000E+00  0.00000000E+00  0.00000000E+00
 0.00000000E+00  0.00000000E+00  0.00000000E+00  0.00000000E+00  0.00000000E+00
 0.00000000E+00  0.00000000E+00  0.00000000E+00  0.00000000E+00  0.00000000E+00
 0.00000000E+00  0.00000000E+00  0.00000000E+00  0.00000000E+00  0.00000000E+00
 0.00000000E+00  0.00000000E+00  0.00000000E+00  0.00000000E+00  0.00000000E+00
 0.00000000E+00  0.00000000E+00  0.00000000E+00  0.00000000E+00  0.00000000E+00
 0.00000000E+00  0.00000000E+00  0.00000000E+00  0.00000000E+00  0.00000000E+00
 0.00000000E+00  0.00000000E+00  0.00000000E+00  0.00000000E+00  0.00000000E+00
 0.00000000E+00  0.00000000E+00 -3.63078693E-02  2.81878530E-03  3.34890840E-02
 2.07186401E-05 -3.05906254E-06  1.42939626E-06  9.16740793E-01 -7.11717741E-02
-8.45569019E-01 -5.23126886E-04  7.72385567E-05 -3.60909601E-05  0.00000000E+00
 0.00000000E+00  0.00000000E+00  0.00000000E+00  0.00000000E+00  0.00000000E+00
 0.00000000E+00  0.00000000E+00  0.00000000E+00  0.00000000E+00 
 0.00000000E+00  0.00000000E+00  0.00000000E+00  0.00000000E+00  0.00000000E+00
 0.00000000E+00  0.00000000E+00  0.00000000E+00  0.00000000E+00  0.00000000E+00
 0.00000000E+00  0.00000000E+00  0.00000000E+00  0.00000000E+00  0.00000000E+00
 0.00000000E+00  0.00000000E+00  0.00000000E+00  0.00000000E+00  0.00000000E+00
 0.00000000E+00  0.00000000E+00  0.00000000E+00  0.00000000E+00  0.00000000E+00
 0.00000000E+00  0.00000000E+00  0.00000000E+00  0.00000000E+00  0.00000000E+00
 0.00000000E+00  0.00000000E+00  0.00000000E+00  0.00000000E+00  0.00000000E+00
 0.00000000E+00  0.00000000E+00  0.00000000E+00  0.00000000E+00  0.00000000E+00
 0.00000000E+00  0.00000000E+00  0.00000000E+00  0.00000000E+00  0.00000000E+00
 0.00000000E+00  0.00000000E+00  0.00000000E+00  0.00000000E+00  0.00000000E+00
 0.00000000E+00  0.00000000E+00  2.55945896E-03 -5.81174846E-03  3.25228950E-03
 8.90981382E-03 -3.42696661E-02 -1.85495642E-02 -6.46240191E-02  1.46741381E-01
-8.21173623E-02 -2.24964724E-01  8.65278009E-01  4.68359685E-01  0.00000000E+00
 0.00000000E+00  0.00000000E+00  0.00000000E+00  0.00000000E+00  0.00000000E+00
 0.00000000E+00  0.00000000E+00  0.00000000E+00  0.00000000E+00 
 0.00000000E+00  0.00000000E+00  0.00000000E+00  0.00000000E+00  0.00000000E+00
 0.00000000E+00  0.00000000E+00  0.00000000E+00  0.00000000E+00  0.00000000E+00
 0.00000000E+00  0.00000000E+00  0.00000000E+00  0.00000000E+00  0.00000000E+00
 0.00000000E+00  0.00000000E+00  0.00000000E+00  0.00000000E+00  0.00000000E+00
 0.00000000E+00  0.00000000E+00  0.00000000E+00  0.00000000E+00  0.00000000E+00
 0.00000000E+00  0.00000000E+00  0.00000000E+00  0.00000000E+00  0.00000000E+00
 0.00000000E+00  0.00000000E+00  0.00000000E+00  0.00000000E+00  0.00000000E+00
 0.00000000E+00  0.00000000E+00  0.00000000E+00  0.00000000E+00  0.00000000E+00
 0.00000000E+00  0.00000000E+00  0.00000000E+00  0.00000000E+00  0.00000000E+00
 0.00000000E+00  0.00000000E+00  0.00000000E+00  0.00000000E+00  0.00000000E+00
 0.00000000E+00  0.00000000E+00 -2.16302622E-03  4.90011081E-03 -2.73708459E-03
-1.78411789E-02  1.27055832E-02 -3.35850727E-02  5.46144517E-02 -1.23723357E-01
 6.91089053E-02  4.50473598E-01 -3.20804462E-01  8.47992647E-01  0.00000000E+00
 0.00000000E+00  0.00000000E+00  0.00000000E+00  0.00000000E+00  0.00000000E+00
 0.00000000E+00  0.00000000E+00  0.00000000E+00  0.00000000E+00 
 0.00000000E+00  0.00000000E+00  0.00000000E+00  0.00000000E+00  0.00000000E+00
 0.00000000E+00  0.00000000E+00  0.00000000E+00  0.00000000E+00  0.00000000E+00
 0.00000000E+00  0.00000000E+00  0.00000000E+00  0.00000000E+00  0.00000000E+00
 0.00000000E+00  0.00000000E+00  0.00000000E+00  0.00000000E+00  0.00000000E+00
 0.00000000E+00  0.00000000E+00  0.00000000E+00  0.00000000E+00  0.00000000E+00
 0.00000000E+00  0.00000000E+00  0.00000000E+00  0.00000000E+00  0.00000000E+00
 0.00000000E+00  0.00000000E+00  0.00000000E+00  0.00000000E+00  0.00000000E+00
 0.00000000E+00  0.00000000E+00  0.00000000E+00  0.00000000E+00  0.00000000E+00
 0.00000000E+00  0.00000000E+00  0.00000000E+00  0.00000000E+00  0.00000000E+00
 0.00000000E+00  0.00000000E+00  0.00000000E+00  0.00000000E+00  0.00000000E+00
 0.00000000E+00  0.00000000E+00  1.42995200E-02 -3.25637805E-02  1.82642605E-02
-2.27554151E-02 -3.59093506E-03  5.95603028E-03 -3.61049921E-01  8.22205946E-01
-4.61156025E-01  5.74553607E-01  9.06678559E-02 -1.50384367E-01  0.00000000E+00
 0.00000000E+00  0.00000000E+00  0.00000000E+00  0.00000000E+00  0.00000000E+00
 0.00000000E+00  0.00000000E+00  0.00000000E+00  0.00000000E+00 
 0.00000000E+00  0.00000000E+00  0.00000000E+00  0.00000000E+00  0.00000000E+00
 0.00000000E+00  0.00000000E+00  0.00000000E+00  0.00000000E+00  0.00000000E+00
 0.00000000E+00  0.00000000E+00  0.00000000E+00  0.00000000E+00  0.00000000E+00
 0.00000000E+00  0.00000000E+00  0.00000000E+00  0.00000000E+00  0.00000000E+00
 0.00000000E+00  0.00000000E+00  0.00000000E+00  0.00000000E+00  0.00000000E+00
 0.00000000E+00  0.00000000E+00  0.00000000E+00  0.00000000E+00  0.00000000E+00
 0.00000000E+00  0.00000000E+00  0.00000000E+00  0.00000000E+00  0.00000000E+00
 0.00000000E+00  0.00000000E+00  0.00000000E+00  0.00000000E+00  0.00000000E+00
 0.00000000E+00  0.00000000E+00  0.00000000E+00  0.00000000E+00  0.00000000E+00
 0.00000000E+00  0.00000000E+00  0.00000000E+00  0.00000000E+00  0.00000000E+00
 0.00000000E+00  0.00000000E+00 -9.89193588E-03  2.24874341E-02 -1.25954982E-02
-2.67640759E-02 -1.68250073E-02  1.11489825E-02  2.49762416E-01 -5.67787331E-01
 3.18024915E-01  6.75768661E-01  4.24816186E-01 -2.81501705E-01  0.00000000E+00
 0.00000000E+00  0.00000000E+00  0.00000000E+00  0.00000000E+00  0.00000000E+00
 0.00000000E+00  0.00000000E+00  0.00000000E+00  0.00000000E+00 
-6.90424143E-06  5.10614406E-06 -3.87378823E-05 -1.14964486E-05 -3.06379532E-04
-2.74239046E-04 -2.72477286E-03 -3.47492121E-03 -2.31520867E-02 -2.28876586E-02
-1.35617906E-01  1.95305180E-01 -1.93111039E+00  1.12732011E+00 -3.93522441E-02
 1.34293775E+01 -5.55377872E+00  2.55325414E+00 -8.06014883E-01 -0.00000000E+00
-0.00000000E+00 -0.00000000E+00 -0.00000000E+00 -0.00000000E+00 -0.00000000E+00
-0.00000000E+00 -0.00000000E+00 -0.00000000E+00 -0.00000000E+00 -0.00000000E+00
-0.00000000E+00 -0.00000000E+00 -0.00000000E+00 -0.00000000E+00 -1.01695520E-11
-2.86476526E-11 -2.79139091E-11  2.76693902E-11  4.97713018E-11  4.43237891E-11
-1.21648626E-11  3.15230675E-11  3.74533883E-11  1.31774020E-11 -2.81399162E-11
-3.44195978E-11 -0.00000000E+00  1.51255078E-11  1.88965365E-11 -0.00000000E+00
-0.00000000E+00 -0.00000000E+00 -1.29155632E+00 -1.29155632E+00 -1.29155632E+00
-0.00000000E+00 -0.00000000E+00 -0.00000000E+00 -3.85169679E+00 -3.85169679E+00
-3.85169679E+00 -0.00000000E+00 -0.00000000E+00 -0.00000000E+00 -1.06605926E-11
-3.04051622E-11 -2.96395553E-11 -1.35379616E-11 -1.29181098E-11 -0.00000000E+00
-1.29181099E-11 -0.00000000E+00 -1.35379629E-11 -0.00000000E+00 
 0.00000000E+00  0.00000000E+00  0.00000000E+00  0.00000000E+00  0.00000000E+00
 0.00000000E+00  0.00000000E+00  0.00000000E+00  0.00000000E+00  0.00000000E+00
 0.00000000E+00  0.00000000E+00  1.65140284E-11 -3.19637446E-11  0.00000000E+00
 1.95679231E-11 -1.96105981E-11  1.44044549E-11  0.00000000E+00  2.67147708E-04
-6.16838760E-04  4.57107281E-04  2.42751493E-03 -5.60508383E-03  4.15363754E-03
 1.28635049E-03 -2.97015778E-03  2.20103021E-03  3.00857284E-02 -6.94673502E-02
 5.14786579E-02 -6.49308245E-03  1.49923986E-02 -1.11100907E-02  4.81506519E-01
-1.11178900E+00  8.23889291E-01 -6.36386515E-01  1.46940384E+00 -1.08889914E+00
-1.25542800E+00  2.89875836E+00 -2.14811980E+00  1.08666764E+00 -2.50909403E+00
 1.85935973E+00 -6.31689658E-01  1.45855889E+00 -1.08086251E+00  2.21860846E-01
-5.12272294E-01  3.79618485E-01  0.00000000E+00  0.00000000E+00  0.00000000E+00
 0.00000000E+00  0.00000000E+00  0.00000000E+00  0.00000000E+00  0.00000000E+00
 0.00000000E+00  0.00000000E+00  0.00000000E+00  0.00000000E+00  5.73667507E-01
-1.32458690E+00  9.81582797E-01 -5.92373270E-01  4.38977172E-01  2.56551909E-01
 4.38977172E-01  2.56551909E-01 -5.92373270E-01  0.00000000E+00 
 0.00000000E+00  0.00000000E+00  0.00000000E+00  0.00000000E+00  0.00000000E+00
 0.00000000E+00  0.00000000E+00  0.00000000E+00  0.00000000E+00  0.00000000E+00
 0.00000000E+00  0.00000000E+00  2.79431651E-11 -1.81779732E-11  0.00000000E+00
-1.43129910E-10  6.61731583E-11 -2.80449893E-11  0.00000000E+00 -4.88246265E-04
-5.10008531E-04 -4.02879514E-04 -4.43659093E-03 -4.63434005E-03 -3.66088125E-03
-2.35096841E-03 -2.45575652E-03 -1.93991656E-03 -5.49854783E-02 -5.74363083E-02
-4.53716175E-02  1.18669304E-02  1.23958669E-02  9.79207317E-03 -8.80014137E-01
-9.19238403E-01 -7.26149268E-01  1.16307694E+00  1.21491797E+00  9.59720343E-01
 2.29445365E+00  2.39672276E+00  1.89328304E+00 -1.98602271E+00 -2.07454434E+00
-1.63877929E+00  1.15449284E+00  1.20595126E+00  9.52637118E-01 -4.05478791E-01
-4.23551918E-01 -3.34583406E-01  1.74311881E-11  1.74303192E-11  1.74283216E-11
 0.00000000E+00  0.00000000E+00  0.00000000E+00  3.93273031E-11  3.93320319E-11
 3.93409264E-11  0.00000000E+00  0.00000000E+00  0.00000000E+00 -1.04845001E+00
-1.09518186E+00 -8.65135204E-01 -4.89780216E-01 -3.86900225E-01 -4.68881100E-01
-3.86900225E-01 -4.68881100E-01 -4.89780216E-01  0.00000000E+00 
-0.00000000E+00 -0.00000000E+00 -0.00000000E+00 -0.00000000E+00 -0.00000000E+00
-0.00000000E+00 -0.00000000E+00 -0.00000000E+00 -0.00000000E+00 -0.00000000E+00
-0.00000000E+00 -0.00000000E+00 -0.00000000E+00 -1.51809711E-11 -0.00000000E+00
 1.38122001E-10 -4.88755260E-11  1.62275672E-11 -0.00000000E+00 -5.92497010E-04
 1.42148733E-04  5.38094835E-04 -5.38389547E-03  1.29167558E-03  4.88955437E-03
-2.85294913E-03  6.84464390E-04  2.59099567E-03 -6.67260230E-02  1.60085528E-02
 6.05993409E-02  1.44007671E-02 -3.45495551E-03 -1.30785106E-02 -1.06791548E+00
 2.56208606E-01  9.69861103E-01  1.41141809E+00 -3.38619926E-01 -1.28182382E+00
 2.78436728E+00 -6.68010599E-01 -2.52871091E+00 -2.41007992E+00  5.78213563E-01
 2.18879004E+00  1.40100110E+00 -3.36120738E-01 -1.27236331E+00 -4.92056956E-01
 1.18051689E-01  4.46877034E-01 -0.00000000E+00 -0.00000000E+00 -0.00000000E+00
-0.00000000E+00 -0.00000000E+00 -0.00000000E+00 -3.93402732E-11 -3.93611996E-11
-3.93562564E-11 -0.00000000E+00 -0.00000000E+00 -0.00000000E+00 -1.27231592E+00
 3.05247274E-01  1.15549381E+00  1.36510731E-01  5.16752541E-01 -5.68996979E-01
 5.16752541E-01 -5.68996979E-01  1.36510731E-01 -0.00000000E+00 
 5.01506047E-06  1.28284567E-05  2.39603128E-06  1.67887690E-04  5.94012170E-05
 1.52298857E-03  1.13020193E-03  1.36614398E-02  1.16781234E-02  1.03864457E-01
-7.43181708E-03  5.86624916E-01 -5.02077772E+00  6.02182975E-01  9.43281631E+00
 1.13191154E+01 -3.77463811E+00  1.65642630E+00 -5.21870414E-01 -0.00000000E+00
-0.00000000E+00 -0.00000000E+00 -0.00000000E+00 -0.00000000E+00 -0.00000000E+00
-0.00000000E+00 -0.00000000E+00 -0.00000000E+00 -0.00000000E+00 -0.00000000E+00
-0.00000000E+00 -0.00000000E+00 -1.09658186E-11 -0.00000000E+00  1.99323595E-11
 5.71029381E-11 -0.00000000E+00 -4.26737533E-11 -1.24971937E-10  1.75666738E-11
-0.00000000E+00 -2.19937448E-11  1.02044897E-11 -0.00000000E+00  1.27012009E-11
-0.00000000E+00 -0.00000000E+00 -0.00000000E+00 -0.00000000E+00 -0.00000000E+00
-0.00000000E+00 -0.00000000E+00 -3.00207356E+00 -3.00207356E+00 -3.00207356E+00
-0.00000000E+00 -0.00000000E+00 -0.00000000E+00 -5.30027046E+00 -5.30027046E+00
-5.30027046E+00 -0.00000000E+00 -0.00000000E+00 -0.00000000E+00  1.93905015E-11
 6.78158224E-11 -1.26121795E-11  3.05735285E-11 -0.00000000E+00 -0.00000000E+00
-0.00000000E+00 -0.00000000E+00  3.05735283E-11 -0.00000000E+00 
 0.00000000E+00  0.00000000E+00  0.00000000E+00  0.00000000E+00  0.00000000E+00
 0.00000000E+00  0.00000000E+00  0.00000000E+00  0.00000000E+00  0.00000000E+00
 0.00000000E+00  0.00000000E+00 -5.14781758E-11  3.43004399E-11  7.02018873E-11
 6.73929465E-11 -1.99697535E-11  0.00000000E+00  0.00000000E+00 -2.22150578E-03
 5.77712474E-03 -2.83284992E-03  2.59000180E-03 -6.73541506E-03  3.30275369E-03
-2.06510836E-02  5.37040630E-02 -2.63341294E-02  5.92914045E-03 -1.54189939E-02
 7.56080189E-03 -2.17443071E-01  5.65470394E-01 -2.77282011E-01  1.06093979E+00
-2.75902119E+00  1.35290362E+00 -2.43974905E+00  6.34467610E+00 -3.11115235E+00
-1.09240675E+00  2.84085243E+00 -1.39303009E+00  6.65986070E-01 -1.73192645E+00
 8.49261167E-01 -3.51047591E-01  9.12914900E-01 -4.47653637E-01  1.22498143E-01
-3.18561877E-01  1.56208846E-01 -2.94992028E-11 -2.95977503E-11 -2.96664641E-11
 0.00000000E+00  0.00000000E+00  0.00000000E+00 -3.52122415E-11 -3.51615992E-11
-3.51243569E-11  0.00000000E+00  0.00000000E+00  0.00000000E+00  1.70827278E+00
-4.44243948E+00  2.17837850E+00 -1.98671933E+00  9.74200482E-01  7.63962813E-01
 9.74200482E-01  7.63962813E-01 -1.98671933E+00  0.00000000E+00 
 0.00000000E+00  0.00000000E+00  0.00000000E+00  0.00000000E+00  0.00000000E+00
 0.00000000E+00  0.00000000E+00  0.00000000E+00  0.00000000E+00  0.00000000E+00
 0.00000000E+00  0.00000000E+00  0.00000000E+00  0.00000000E+00  1.84881843E-11
 2.62219560E-11 -1.06951425E-11  0.00000000E+00  0.00000000E+00  3.82033983E-03
 3.59578812E-03  4.33711981E-03 -4.45404515E-03 -4.19224555E-03 -5.05654688E-03
 3.55138205E-02  3.34263912E-02  4.03177992E-02 -1.01963865E-02 -9.59706386E-03
-1.15756586E-02  3.73938450E-01  3.51959118E-01  4.24521359E-01 -1.82450596E+00
-1.71726526E+00 -2.07130813E+00  4.19565440E+00  3.94904247E+00  4.76320343E+00
 1.87861993E+00  1.76819852E+00  2.13274213E+00 -1.14530115E+00 -1.07798270E+00
-1.30022681E+00  6.03699126E-01  5.68214934E-01  6.85361918E-01 -2.10660958E-01
-1.98278740E-01 -2.39157209E-01  0.00000000E+00  0.00000000E+00  0.00000000E+00
 0.00000000E+00  0.00000000E+00  0.00000000E+00  0.00000000E+00  0.00000000E+00
 0.00000000E+00  0.00000000E+00  0.00000000E+00  0.00000000E+00 -2.93772928E+00
-2.76505560E+00 -3.33511792E+00 -1.23657046E+00 -1.49151008E+00 -1.31379247E+00
-1.49151008E+00 -1.31379247E+00 -1.23657046E+00  0.00000000E+00 
-0.00000000E+00 -0.00000000E+00 -0.00000000E+00 -0.00000000E+00 -0.00000000E+00
-0.00000000E+00 -0.00000000E+00 -0.00000000E+00 -0.00000000E+00 -0.00000000E+00
-0.00000000E+00  1.52393331E-11 -9.76618914E-11  1.29904642E-10  4.68626253E-11
 2.06736817E-11 -0.00000000E+00 -0.00000000E+00 -0.00000000E+00  5.17737506E-03
-1.74454545E-04 -4.41584080E-03 -6.03618089E-03  2.03392488E-04  5.14832585E-03
 4.81287991E-02 -1.62172678E-03 -4.10495883E-02 -1.38182778E-02  4.65614591E-04
 1.17857629E-02  5.06766333E-01 -1.70757747E-02 -4.32226644E-01 -2.47259461E+00
 8.33154569E-02  2.10890345E+00  5.68600633E+00 -1.91593160E-01 -4.84965807E+00
 2.54593058E+00 -8.57865533E-02 -2.17145252E+00 -1.55212726E+00  5.22997952E-02
 1.32382661E+00  8.18141038E-01 -2.75677194E-02 -6.97801595E-01 -2.85490515E-01
 9.61976243E-03  2.43498037E-01 -4.71850694E-11 -4.71744050E-11 -4.71674206E-11
-0.00000000E+00 -0.00000000E+00 -0.00000000E+00 -1.47605555E-11 -1.47627516E-11
-1.47693877E-11 -0.00000000E+00 -0.00000000E+00 -0.00000000E+00 -3.98124957E+00
 1.34150429E-01  3.39565206E+00  5.99938955E-02  1.51858176E+00 -1.78046893E+00
 1.51858176E+00 -1.78046893E+00  5.99938955E-02 -0.00000000E+00 
 0.00000000E+00  0.00000000E+00  0.00000000E+00  0.00000000E+00  0.00000000E+00
 0.00000000E+00  0.00000000E+00  0.00000000E+00  0.00000000E+00  0.00000000E+00
 0.00000000E+00  0.00000000E+00  0.00000000E+00  0.00000000E+00  0.00000000E+00
 0.00000000E+00  0.00000000E+00  0.00000000E+00  0.00000000E+00  0.00000000E+00
 0.00000000E+00  0.00000000E+00  0.00000000E+00  0.00000000E+00  0.00000000E+00
 0.00000000E+00  0.00000000E+00  0.00000000E+00  0.00000000E+00  0.00000000E+00
 0.00000000E+00  0.00000000E+00  0.00000000E+00  0.00000000E+00  0.00000000E+00
 0.00000000E+00  0.00000000E+00  0.00000000E+00  0.00000000E+00  0.00000000E+00
 0.00000000E+00  0.00000000E+00  0.00000000E+00  0.00000000E+00  0.00000000E+00
 0.00000000E+00  0.00000000E+00  0.00000000E+00  0.00000000E+00  0.00000000E+00
 0.00000000E+00  0.00000000E+00  5.45790113E-05 -1.28959631E-03  1.23501729E-03
 3.62236935E-01 -3.20552403E-01  1.05548814E+00 -2.61456703E-05  6.17771540E-04
-5.91625870E-04 -1.73526915E-01  1.53558250E-01 -5.05623759E-01  0.00000000E+00
 0.00000000E+00  0.00000000E+00  0.00000000E+00  0.00000000E+00  0.00000000E+00
 0.00000000E+00  0.00000000E+00  0.00000000E+00  0.00000000E+00 
-0.00000000E+00 -0.00000000E+00 -0.00000000E+00 -0.00000000E+00 -0.00000000E+00
-0.00000000E+00 -0.00000000E+00 -0.00000000E+00 -0.00000000E+00 -0.00000000E+00
-0.00000000E+00 -0.00000000E+00 -0.00000000E+00 -0.00000000E+00 -0.00000000E+00
-0.00000000E+00 -0.00000000E+00 -0.00000000E+00 -0.00000000E+00 -0.00000000E+00
-0.00000000E+00 -0.00000000E+00 -0.00000000E+00 -0.00000000E+00 -0.00000000E+00
-0.00000000E+00 -0.00000000E+00 -0.00000000E+00 -0.00000000E+00 -0.00000000E+00
-0.00000000E+00 -0.00000000E+00 -0.00000000E+00 -0.00000000E+00 -0.00000000E+00
-0.00000000E+00 -0.00000000E+00 -0.00000000E+00 -0.00000000E+00 -0.00000000E+00
-0.00000000E+00 -0.00000000E+00 -0.00000000E+00 -0.00000000E+00 -0.00000000E+00
-0.00000000E+00 -0.00000000E+00 -0.00000000E+00 -0.00000000E+00 -0.00000000E+00
-0.00000000E+00 -0.00000000E+00 -6.99230427E-01  7.53438843E-01 -5.42084159E-02
-3.21190543E-01 -7.25621882E-01 -1.09461137E-01  3.34961147E-01 -3.60929286E-01
 2.59681393E-02  1.53863946E-01  3.47603778E-01  5.24365453E-02 -0.00000000E+00
-0.00000000E+00 -0.00000000E+00 -0.00000000E+00 -0.00000000E+00 -0.00000000E+00
-0.00000000E+00 -0.00000000E+00 -0.00000000E+00 -0.00000000E+00 
 0.00000000E+00  0.00000000E+00  0.00000000E+00  0.00000000E+00  0.00000000E+00
 0.00000000E+00  0.00000000E+00  0.00000000E+00  0.00000000E+00  0.00000000E+00
 0.00000000E+00  0.00000000E+00  0.00000000E+00  0.00000000E+00  0.00000000E+00
 0.00000000E+00  0.00000000E+00  0.00000000E+00  0.00000000E+00  0.00000000E+00
 0.00000000E+00  0.00000000E+00  0.00000000E+00  0.00000000E+00  0.00000000E+00
 0.00000000E+00  0.00000000E+00  0.00000000E+00  0.00000000E+00  0.00000000E+00
 0.00000000E+00  0.00000000E+00  0.00000000E+00  0.00000000E+00  0.00000000E+00
 0.00000000E+00  0.00000000E+00  0.00000000E+00  0.00000000E+00  0.00000000E+00
 0.00000000E+00  0.00000000E+00  0.00000000E+00  0.00000000E+00  0.00000000E+00
 0.00000000E+00  0.00000000E+00  0.00000000E+00  0.00000000E+00  0.00000000E+00
 0.00000000E+00  0.00000000E+00 -7.00974388E-01 -3.51715109E-01  1.05268950E+00
-3.09204647E-01  2.63381770E-01  1.85022830E-01  3.35796578E-01  1.68486513E-01
-5.04283091E-01  1.48122191E-01 -1.26171082E-01 -8.86338134E-02  0.00000000E+00
 0.00000000E+00  0.00000000E+00  0.00000000E+00  0.00000000E+00  0.00000000E+00
 0.00000000E+00  0.00000000E+00  0.00000000E+00  0.00000000E+00 
-0.00000000E+00 -0.00000000E+00 -0.00000000E+00 -0.00000000E+00 -0.00000000E+00
-0.00000000E+00 -0.00000000E+00 -0.00000000E+00 -0.00000000E+00 -0.00000000E+00
-0.00000000E+00 -0.00000000E+00 -0.00000000E+00 -0.00000000E+00 -0.00000000E+00
-0.00000000E+00 -0.00000000E+00 -0.00000000E+00 -0.00000000E+00 -0.00000000E+00
-0.00000000E+00 -0.00000000E+00 -0.00000000E+00 -0.00000000E+00 -0.00000000E+00
-0.00000000E+00 -0.00000000E+00 -0.00000000E+00 -0.00000000E+00 -0.00000000E+00
-0.00000000E+00 -0.00000000E+00 -0.00000000E+00 -0.00000000E+00 -0.00000000E+00
-0.00000000E+00 -0.00000000E+00 -0.00000000E+00 -0.00000000E+00 -0.00000000E+00
-0.00000000E+00 -0.00000000E+00 -0.00000000E+00 -0.00000000E+00 -0.00000000E+00
-0.00000000E+00 -0.00000000E+00 -0.00000000E+00 -0.00000000E+00 -0.00000000E+00
-0.00000000E+00 -0.00000000E+00 -2.19567144E-01 -2.16881456E-01  4.36448600E-01
 9.14918882E-01 -3.71338687E-01 -4.27279779E-01  1.05182011E-01  1.03895452E-01
-2.09077463E-01 -4.38285101E-01  1.77887042E-01  2.04685207E-01 -0.00000000E+00
-0.00000000E+00 -0.00000000E+00 -0.00000000E+00 -0.00000000E+00 -0.00000000E+00
-0.00000000E+00 -0.00000000E+00 -0.00000000E+00 -0.00000000E+00 
 0.00000000E+00  0.00000000E+00  0.00000000E+00  0.00000000E+00  0.00000000E+00
 0.00000000E+00  0.00000000E+00  0.00000000E+00  0.00000000E+00  0.00000000E+00
 0.00000000E+00  0.00000000E+00  0.00000000E+00  0.00000000E+00  0.00000000E+00
 0.00000000E+00  0.00000000E+00  0.00000000E+00  0.00000000E+00  0.00000000E+00
 0.00000000E+00  0.00000000E+00  0.00000000E+00  0.00000000E+00  0.00000000E+00
 0.00000000E+00  0.00000000E+00  0.00000000E+00  0.00000000E+00  0.00000000E+00
 0.00000000E+00  0.00000000E+00  0.00000000E+00  0.00000000E+00  0.00000000E+00
 0.00000000E+00  0.00000000E+00  0.00000000E+00  0.00000000E+00  0.00000000E+00
 0.00000000E+00  0.00000000E+00  0.00000000E+00  0.00000000E+00  0.00000000E+00
 0.00000000E+00  0.00000000E+00  0.00000000E+00  0.00000000E+00  0.00000000E+00
 0.00000000E+00  0.00000000E+00 -5.65268751E-01  7.80777779E-01 -2.15509028E-01
 4.25398330E-01  7.15180704E-01  7.20303417E-02  2.70787800E-01 -3.74025800E-01
 1.03238000E-01 -2.03783913E-01 -3.42602009E-01 -3.45056007E-02  0.00000000E+00
 0.00000000E+00  0.00000000E+00  0.00000000E+00  0.00000000E+00  0.00000000E+00
 0.00000000E+00  0.00000000E+00  0.00000000E+00  0.00000000E+00 
 0.00000000E+00  0.00000000E+00  0.00000000E+00  0.00000000E+00  0.00000000E+00
 0.00000000E+00  0.00000000E+00  0.00000000E+00  0.00000000E+00  0.00000000E+00
 0.00000000E+00 -1.20488979E-11  7.48976289E-11 -1.07359484E-10 -2.49225483E-11
 0.00000000E+00  0.00000000E+00  0.00000000E+00  0.00000000E+00  0.00000000E+00
 0.00000000E+00  0.00000000E+00  0.00000000E+00  0.00000000E+00  0.00000000E+00
 0.00000000E+00  0.00000000E+00  0.00000000E+00  3.28453623E-11 -2.35816092E-11
 2.61993523E-11 -3.25651730E-11  2.43053936E-11 -2.65686411E-11  2.77109103E-10
-2.06611939E-10  2.27014327E-10 -5.28517665E-10  3.97750297E-10 -4.35978158E-10
 3.17575636E-10 -2.19960618E-10  2.46456159E-10 -1.84704553E-10  1.27522203E-10
-1.42967203E-10  9.30750535E-11 -6.43786167E-11  7.21678565E-11 -3.20319186E-11
 2.21860612E-11 -2.48453369E-11  3.50398322E-11  3.50445227E-11  3.50487119E-11
 0.00000000E+00  0.00000000E+00  0.00000000E+00  0.00000000E+00  0.00000000E+00
 0.00000000E+00  0.00000000E+00  0.00000000E+00  0.00000000E+00  6.85498606E-01
-4.86876788E-01  5.41334047E-01  3.26876588E-01 -3.63074524E-01 -4.59830853E-01
-3.63201313E-01 -4.59862035E-01  3.26337170E-01 -2.93829568E-05 
-0.00000000E+00 -0.00000000E+00 -0.00000000E+00 -0.00000000E+00 -0.00000000E+00
-0.00000000E+00 -0.00000000E+00 -0.00000000E+00 -0.00000000E+00 -0.00000000E+00
-0.00000000E+00 -0.00000000E+00  2.45739880E-11 -3.61480440E-11 -0.00000000E+00
-0.00000000E+00 -0.00000000E+00 -0.00000000E+00 -0.00000000E+00 -0.00000000E+00
-0.00000000E+00 -0.00000000E+00 -0.00000000E+00 -0.00000000E+00 -0.00000000E+00
-0.00000000E+00 -0.00000000E+00 -0.00000000E+00 -0.00000000E+00  1.05349917E-11
 1.13617563E-11 -0.00000000E+00 -1.11793855E-11 -1.22111414E-11 -1.45308308E-11
 9.46293213E-11  1.02994887E-10  2.85664422E-11 -1.83239883E-10 -1.99794377E-10
-1.26079650E-11  9.58074028E-11  1.02378622E-10 -0.00000000E+00 -5.54213331E-11
-5.92172038E-11 -0.00000000E+00  2.79882508E-11  2.98749014E-11 -0.00000000E+00
-0.00000000E+00 -1.02821255E-11  1.14323300E-11  1.14396144E-11  1.13746390E-11
-0.00000000E+00 -0.00000000E+00 -0.00000000E+00 -0.00000000E+00 -0.00000000E+00
-0.00000000E+00 -0.00000000E+00 -0.00000000E+00 -0.00000000E+00 -3.04460516E-02
 2.16370802E-01  2.33036657E-01  4.44794548E-02  1.06669842E-01 -6.72997240E-01
-4.19321325E-01  7.13844904E-01 -3.34771347E-01  3.41576190E-01 
 0.00000000E+00  0.00000000E+00  0.00000000E+00  0.00000000E+00  0.00000000E+00
 0.00000000E+00  0.00000000E+00  0.00000000E+00  0.00000000E+00  0.00000000E+00
 0.00000000E+00  0.00000000E+00 -4.43792493E-11  6.46644744E-11  1.37699401E-11
 0.00000000E+00  0.00000000E+00  0.00000000E+00  0.00000000E+00  0.00000000E+00
 0.00000000E+00  0.00000000E+00  0.00000000E+00  0.00000000E+00  0.00000000E+00
 0.00000000E+00  0.00000000E+00  0.00000000E+00  1.19595268E-11  0.00000000E+00
-1.97846665E-11 -1.25182561E-11  0.00000000E+00  2.12559824E-11  1.05230410E-10
-4.66330598E-11 -1.79245240E-10 -2.02670025E-10  9.09149709E-11  3.47657740E-10
 1.11461811E-10 -4.41197859E-11 -1.78502964E-10 -6.46475225E-11  2.54911617E-11
 1.03231598E-10  3.25759270E-11 -1.28408245E-11 -5.20778132E-11 -1.12286681E-11
 0.00000000E+00  1.79276654E-11 -2.07864318E-11 -2.07941033E-11 -2.07913290E-11
 0.00000000E+00  0.00000000E+00  0.00000000E+00  0.00000000E+00  0.00000000E+00
 0.00000000E+00  0.00000000E+00  0.00000000E+00  0.00000000E+00  2.47827868E-01
-1.02497574E-01 -4.05941231E-01  3.13754331E-02  2.22795903E-01 -1.46042348E-02
 3.21831410E-01 -3.17891741E-01  1.06139493E-01  8.52932379E-01 
 0.00000000E+00  0.00000000E+00  0.00000000E+00  0.00000000E+00  0.00000000E+00
 0.00000000E+00  0.00000000E+00  0.00000000E+00  0.00000000E+00  0.00000000E+00
 0.00000000E+00  0.00000000E+00 -3.94844013E-11  5.61497966E-11  1.41160692E-11
 0.00000000E+00  0.00000000E+00  0.00000000E+00  0.00000000E+00  0.00000000E+00
 0.00000000E+00  0.00000000E+00  0.00000000E+00  0.00000000E+00  0.00000000E+00
 0.00000000E+00  0.00000000E+00  0.00000000E+00  3.14321895E-11  2.69390140E-11
-1.59684100E-11 -3.20067683E-11 -2.78352607E-11  1.71541814E-11  2.71144527E-10
 2.37232187E-10 -1.44593025E-10 -5.20040018E-10 -4.57515111E-10  2.80405236E-10
 2.97776599E-10  2.49413705E-10 -1.44341658E-10 -1.72794650E-10 -1.44328753E-10
 8.34603174E-11  8.71240933E-11  7.29426841E-11 -4.21172559E-11 -3.00666075E-11
-2.52198350E-11  1.45282095E-11 -1.88895876E-11 -1.88883580E-11 -1.88902326E-11
 0.00000000E+00  0.00000000E+00  0.00000000E+00  0.00000000E+00  0.00000000E+00
 0.00000000E+00  0.00000000E+00  0.00000000E+00  0.00000000E+00  6.53047928E-01
 5.54872924E-01 -3.27774425E-01 -5.71721669E-01  1.49039595E-01 -5.89905242E-01
 2.90715942E-01 -2.86250494E-01 -1.72718476E-01 -2.60219885E-01 
-0.00000000E+00 -0.00000000E+00 -0.00000000E+00 -0.00000000E+00 -0.00000000E+00
-0.00000000E+00 -0.00000000E+00 -0.00000000E+00 -0.00000000E+00 -0.00000000E+00
-0.00000000E+00 -1.04399683E-11  6.33000238E-11 -9.32374422E-11 -1.82868951E-11
-0.00000000E+00 -0.00000000E+00 -0.00000000E+00 -0.00000000E+00 -0.00000000E+00
-0.00000000E+00 -0.00000000E+00 -0.00000000E+00 -0.00000000E+00 -0.00000000E+00
-0.00000000E+00 -0.00000000E+00 -0.00000000E+00 -0.00000000E+00  2.99574198E-11
 2.94058705E-11 -0.00000000E+00 -3.17788951E-11 -3.15989921E-11 -2.11917213E-11
 2.68924275E-10  2.66476274E-10  4.24034360E-11 -5.20670603E-10 -5.16875939E-10
-1.47212101E-11  2.72465721E-10  2.65089289E-10 -0.00000000E+00 -1.57576372E-10
-1.53313345E-10 -0.00000000E+00  7.95432839E-11  7.73264087E-11 -0.00000000E+00
-2.74196772E-11 -2.65931309E-11  2.93626835E-11  2.93609509E-11  2.93862843E-11
-0.00000000E+00 -0.00000000E+00 -0.00000000E+00 -0.00000000E+00 -0.00000000E+00
-0.00000000E+00 -0.00000000E+00 -0.00000000E+00 -0.00000000E+00 -3.93224078E-02
 6.15299531E-01  6.03250028E-01 -4.65381954E-01 -5.14618427E-01  3.70793387E-01
-2.94726415E-01 -3.18036840E-01 -3.60128993E-01  2.79243713E-01 
-0.00000000E+00 -0.00000000E+00 -0.00000000E+00 -0.00000000E+00 -0.00000000E+00
-0.00000000E+00 -0.00000000E+00 -0.00000000E+00 -0.00000000E+00 -0.00000000E+00
-0.00000000E+00 -0.00000000E+00  1.50050806E-11 -2.14934396E-11 -0.00000000E+00
-0.00000000E+00 -0.00000000E+00 -0.00000000E+00 -0.00000000E+00 -0.00000000E+00
-0.00000000E+00 -0.00000000E+00 -0.00000000E+00 -0.00000000E+00 -0.00000000E+00
-0.00000000E+00 -0.00000000E+00 -0.00000000E+00 -0.00000000E+00 -0.00000000E+00
-0.00000000E+00 -0.00000000E+00 -0.00000000E+00 -0.00000000E+00 -8.28351157E-11
-5.88598677E-11  5.66334019E-11  1.58922647E-10  1.13406875E-10 -1.09839574E-10
-9.07302441E-11 -6.23746530E-11  5.64369515E-11  5.26336916E-11  3.60896088E-11
-3.26403096E-11 -2.65287934E-11 -1.82384670E-11  1.64675893E-11 -0.00000000E+00
-0.00000000E+00 -0.00000000E+00 -0.00000000E+00 -0.00000000E+00 -0.00000000E+00
-0.00000000E+00 -0.00000000E+00 -0.00000000E+00 -0.00000000E+00 -0.00000000E+00
-0.00000000E+00 -0.00000000E+00 -0.00000000E+00 -0.00000000E+00 -1.99136843E-01
-1.38345394E-01  1.28276613E-01 -6.07481733E-01 -4.29820677E-01 -1.44585034E-01
 2.57719541E-01  4.11755145E-01  7.93091555E-01  1.00696009E-01 
 0.00000000E+00  0.00000000E+00  0.00000000E+00  0.00000000E+00  0.00000000E+00
 0.00000000E+00  0.00000000E+00  0.00000000E+00  0.00000000E+00  0.00000000E+00
 0.00000000E+00  0.00000000E+00  0.00000000E+00  0.00000000E+00  0.00000000E+00
 0.00000000E+00  0.00000000E+00  0.00000000E+00  0.00000000E+00  0.00000000E+00
 0.00000000E+00  0.00000000E+00  0.00000000E+00  0.00000000E+00  0.00000000E+00
 0.00000000E+00  0.00000000E+00  0.00000000E+00  0.00000000E+00  0.00000000E+00
 0.00000000E+00  0.00000000E+00  0.00000000E+00  0.00000000E+00  0.00000000E+00
 0.00000000E+00  0.00000000E+00  0.00000000E+00  0.00000000E+00  0.00000000E+00
 0.00000000E+00  0.00000000E+00  0.00000000E+00  0.00000000E+00  0.00000000E+00
 0.00000000E+00  0.00000000E+00  0.00000000E+00  0.00000000E+00  0.00000000E+00
 0.00000000E+00  0.00000000E+00  0.00000000E+00  0.00000000E+00  0.00000000E+00
 0.00000000E+00  0.00000000E+00  0.00000000E+00  0.00000000E+00  0.00000000E+00
 0.00000000E+00  0.00000000E+00  0.00000000E+00  0.00000000E+00  8.52744816E-03
 3.46325479E-03 -7.84370324E-03  4.21555182E-01 -7.31689607E-01 -1.70400281E-01
 7.42213039E-01  1.58959509E-01 -4.26201625E-01  9.67803990E-04 
-1.95708490E-05  2.63900019E-05 -1.28360829E-04  8.23665031E-05 -9.86354060E-04
 1.76041292E-04 -8.35384971E-03 -1.87443643E-03 -7.02768406E-02 -4.40333947E-03
-4.94898802E-01  1.15729828E+00 -1.16863373E+01  1.42055381E+01  1.18647785E+01
 7.58101360E+00 -2.39290007E+00  1.05084921E+00 -3.33229974E-01 -0.00000000E+00
-0.00000000E+00 -0.00000000E+00 -0.00000000E+00 -0.00000000E+00 -0.00000000E+00
-0.00000000E+00 -0.00000000E+00 -0.00000000E+00 -0.00000000E+00 -0.00000000E+00
-0.00000000E+00 -0.00000000E+00  1.07343856E-11 -0.00000000E+00  1.87639672E-11
-8.20501082E-11  3.09098968E-11 -4.90585968E-11  1.80517319E-10 -6.51898496E-11
-0.00000000E+00 -0.00000000E+00 -0.00000000E+00 -0.00000000E+00 -0.00000000E+00
-0.00000000E+00 -0.00000000E+00 -0.00000000E+00 -0.00000000E+00 -0.00000000E+00
-0.00000000E+00 -0.00000000E+00 -7.71274800E+00 -7.71274800E+00 -7.71274800E+00
-0.00000000E+00 -0.00000000E+00 -0.00000000E+00 -4.35960948E+00 -4.35960948E+00
-4.35960948E+00 -0.00000000E+00 -0.00000000E+00 -0.00000000E+00  2.80902391E-11
-8.44201225E-11  3.03737333E-11 -3.74664117E-11 -0.00000000E+00  1.24876719E-11
-0.00000000E+00  1.24868477E-11 -3.74664117E-11 -0.00000000E+00 
-0.00000000E+00 -0.00000000E+00 -0.00000000E+00 -0.00000000E+00 -0.00000000E+00
-0.00000000E+00 -0.00000000E+00 -0.00000000E+00 -0.00000000E+00 -0.00000000E+00
-0.00000000E+00 -0.00000000E+00  1.85699932E-11 -1.85871111E-11 -4.46742260E-11
-2.83313677E-11 -0.00000000E+00 -0.00000000E+00 -0.00000000E+00 -1.32853362E-03
 1.78062946E-03  8.24946384E-04  1.97646626E-02 -2.64905155E-02 -1.22727695E-02
-2.00668580E-02  2.68955471E-02  1.24604163E-02  2.24502696E-01 -3.00900261E-01
-1.39403839E-01 -3.50816817E-01  4.70198684E-01  2.17837968E-01  5.72877284E+00
-7.67825635E+00 -3.55725317E+00 -1.37102712E+01  1.83758336E+01  8.51332510E+00
-9.09022675E-01  1.21836025E+00  5.64453136E-01  5.87455001E-01 -7.87364103E-01
-3.64777279E-01 -3.15031390E-01  4.22235588E-01  1.95617184E-01  1.11610118E-01
-1.49590692E-01 -6.93037509E-02  2.24211495E-11  2.24076993E-11  2.24187945E-11
-0.00000000E+00 -0.00000000E+00 -0.00000000E+00  1.56179122E-11  1.56172245E-11
 1.56169602E-11 -0.00000000E+00 -0.00000000E+00 -0.00000000E+00  6.81276033E+00
-9.13112139E+00 -4.23034985E+00 -4.08356163E+00 -1.89186997E+00  3.04675904E+00
-1.89186997E+00  3.04675904E+00 -4.08356163E+00 -0.00000000E+00 
 0.00000000E+00  0.00000000E+00  0.00000000E+00  0.00000000E+00  0.00000000E+00
 0.00000000E+00  0.00000000E+00  0.00000000E+00  0.00000000E+00  0.00000000E+00
 0.00000000E+00  0.00000000E+00 -5.48046727E-11  7.08184501E-11  4.78884192E-11
 2.64341029E-11  0.00000000E+00  0.00000000E+00  0.00000000E+00  1.01656139E-03
-2.27697322E-04  2.12859960E-03 -1.51234358E-02  3.38746469E-03 -3.16672851E-02
 1.53546683E-02 -3.43925795E-03  3.21514678E-02 -1.71783964E-01  3.84775076E-02
-3.59702111E-01  2.68436437E-01 -6.01264795E-02  5.62084787E-01 -4.38351668E+00
 9.81854138E-01 -9.17873918E+00  1.04907637E+01 -2.34980280E+00  2.19668342E+01
 6.95561888E-01 -1.55797358E-01  1.45645189E+00 -4.49506180E-01  1.00683888E-01
-9.41230589E-01  2.41054305E-01 -5.39932168E-02  5.04748756E-01 -8.54013288E-02
 1.91288534E-02 -1.78823666E-01 -3.43407989E-11 -3.43492258E-11 -3.43477205E-11
 0.00000000E+00  0.00000000E+00  0.00000000E+00 -1.43638808E-11 -1.43644785E-11
-1.43642692E-11  0.00000000E+00  0.00000000E+00  0.00000000E+00 -5.21295736E+00
 1.16763871E+00 -1.09155227E+01  5.22183905E-01 -4.88157017E+00 -2.33130540E+00
-4.88157017E+00 -2.33130540E+00  5.22183905E-01  0.00000000E+00 
-0.00000000E+00 -0.00000000E+00 -0.00000000E+00 -0.00000000E+00 -0.00000000E+00
-0.00000000E+00 -0.00000000E+00 -0.00000000E+00 -0.00000000E+00 -0.00000000E+00
-0.00000000E+00 -1.79794934E-11  1.28162331E-10 -1.94443847E-10 -3.12390386E-11
-1.60767383E-11 -0.00000000E+00 -0.00000000E+00 -0.00000000E+00  1.67862466E-03
 1.54715612E-03 -6.36165540E-04 -2.49729849E-02 -2.30171206E-02  9.46426726E-03
 2.53548139E-02  2.33690451E-02 -9.60897291E-03 -2.83662946E-01 -2.61446691E-01
 1.07502645E-01  4.43262971E-01  4.08546969E-01 -1.67987898E-01 -7.23840122E+00
-6.67149540E+00  2.74321087E+00  1.73231591E+01  1.59664231E+01 -6.56513462E+00
 1.14856550E+00  1.05861076E+00 -4.35283603E-01 -7.42259313E-01 -6.84126155E-01
 2.81301596E-01  3.98047481E-01  3.66872719E-01 -1.50852121E-01 -1.41021268E-01
-1.29976595E-01  5.34442711E-02  6.24013886E-11  6.24050310E-11  6.24021328E-11
-0.00000000E+00 -0.00000000E+00 -0.00000000E+00  1.06337319E-11  1.06332624E-11
 1.06341566E-11 -0.00000000E+00 -0.00000000E+00 -0.00000000E+00 -8.60803771E+00
-7.93386306E+00  3.26227601E+00 -3.54813142E+00  1.45893418E+00 -3.84963150E+00
 1.45893418E+00 -3.84963150E+00 -3.54813142E+00 -0.00000000E+00 
 1.79162881E-06  6.25961005E-05 -8.94530305E-05  6.19777075E-04 -5.51402695E-04
 5.19656986E-03 -2.57970106E-03  4.44057056E-02 -1.37045751E-02  3.64022267E-01
-3.85178980E-01  3.46833881E+00 -3.18820788E+01  4.72196203E+01  6.91986032E+00
 4.45831885E+00 -1.42407313E+00  6.33524196E-01 -2.02289220E-01 -0.00000000E+00
-0.00000000E+00 -0.00000000E+00 -0.00000000E+00 -0.00000000E+00 -0.00000000E+00
-0.00000000E+00 -0.00000000E+00 -0.00000000E+00 -0.00000000E+00 -0.00000000E+00
-0.00000000E+00  3.50558516E-11 -2.22936276E-11  2.66485371E-11 -2.07311620E-10
 8.92466871E-11 -1.06261850E-10  4.15207465E-10 -1.64200395E-10  2.00553712E-10
-0.00000000E+00 -0.00000000E+00 -0.00000000E+00 -0.00000000E+00 -0.00000000E+00
-0.00000000E+00 -0.00000000E+00 -0.00000000E+00 -0.00000000E+00 -0.00000000E+00
-0.00000000E+00 -0.00000000E+00 -1.42543698E+01 -1.42543698E+01 -1.42543698E+01
-0.00000000E+00 -0.00000000E+00 -0.00000000E+00 -2.57895604E+00 -2.57895604E+00
-2.57895604E+00 -0.00000000E+00 -0.00000000E+00 -0.00000000E+00 -1.86730168E-10
 7.07338889E-11 -8.65691547E-11  3.18294100E-11 -4.50760651E-11 -8.36695587E-11
-4.50760651E-11 -8.36717188E-11  3.18294100E-11 -0.00000000E+00 
 0.00000000E+00  0.00000000E+00  0.00000000E+00  0.00000000E+00  0.00000000E+00
 0.00000000E+00  0.00000000E+00  0.00000000E+00  0.00000000E+00  0.00000000E+00
 0.00000000E+00  0.00000000E+00  7.97169524E-11 -1.26359174E-10 -3.92549620E-11
-2.63188774E-11  0.00000000E+00  0.00000000E+00  0.00000000E+00  1.84258985E-02
-6.97923674E-03 -1.66250483E-02 -3.90112138E-02  1.47764027E-02  3.51984634E-02
 1.89238671E-01 -7.16785390E-02 -1.70743480E-01 -2.58723928E-01  9.79976932E-02
 2.33437615E-01  2.74129384E+00 -1.03832867E+00 -2.47337423E+00 -1.37454344E+01
 5.20640233E+00  1.24020281E+01  2.68328057E+01 -1.01635480E+01 -2.42103087E+01
 1.83312143E-01 -6.94337292E-02 -1.65396181E-01 -2.97847180E-01  1.12816533E-01
 2.68737167E-01  1.76831449E-01 -6.69790159E-02 -1.59548875E-01 -6.46311324E-02
 2.44805416E-02  5.83144262E-02  4.54990554E-11  4.55209901E-11  4.55014260E-11
 0.00000000E+00  0.00000000E+00  0.00000000E+00  1.50180245E-11  1.50179929E-11
 1.50182565E-11  0.00000000E+00  0.00000000E+00  0.00000000E+00 -1.20188554E+01
 4.55242045E+00  1.08441958E+01  2.03590432E+00  4.84967180E+00 -5.37499553E+00
 4.84967180E+00 -5.37499553E+00  2.03590432E+00  0.00000000E+00 
-0.00000000E+00 -0.00000000E+00 -0.00000000E+00 -0.00000000E+00 -0.00000000E+00
-0.00000000E+00 -0.00000000E+00 -0.00000000E+00 -0.00000000E+00 -0.00000000E+00
-0.00000000E+00 -1.33507799E-11  2.64488538E-10 -4.02881684E-10 -7.35837407E-11
-5.22815823E-11  2.04008444E-11 -0.00000000E+00 -0.00000000E+00  1.79769905E-02
 8.94245563E-03  1.61702199E-02 -3.80607881E-02 -1.89329193E-02 -3.42355031E-02
 1.84628271E-01  9.18412970E-02  1.66072277E-01 -2.52420668E-01 -1.25563877E-01
-2.27051225E-01  2.67450801E+00  1.33040451E+00  2.40570761E+00 -1.34105560E+01
-6.67093316E+00 -1.20627332E+01  2.61790812E+01  1.30224952E+01  2.35479626E+01
 1.78846131E-01  8.89650353E-02  1.60871269E-01 -2.90590764E-01 -1.44551171E-01
-2.61385050E-01  1.72523325E-01  8.58198253E-02  1.55183934E-01 -6.30565317E-02
-3.13667762E-02 -5.67190591E-02  1.29929039E-10  1.29922456E-10  1.29920690E-10
-0.00000000E+00 -0.00000000E+00 -0.00000000E+00  3.14983322E-11  3.14981594E-11
 3.14981928E-11 -0.00000000E+00 -0.00000000E+00 -0.00000000E+00 -1.17260414E+01
-5.83298997E+00 -1.05475201E+01 -2.60859242E+00 -4.71699439E+00 -5.24404515E+00
-4.71699439E+00 -5.24404515E+00 -2.60859242E+00 -0.00000000E+00 
-0.00000000E+00 -0.00000000E+00 -0.00000000E+00 -0.00000000E+00 -0.00000000E+00
-0.00000000E+00 -0.00000000E+00 -0.00000000E+00 -0.00000000E+00 -0.00000000E+00
-0.00000000E+00  3.01394250E-11 -2.70268221E-10  3.97079358E-10  4.69285398E-11
 3.29222293E-11 -1.28042984E-11 -0.00000000E+00 -0.00000000E+00 -1.38916861E-03
 2.31503446E-02 -1.12582178E-02  2.94114035E-03 -4.90137857E-02  2.38358386E-02
-1.42671154E-02  2.37759935E-01 -1.15624765E-01  1.95057603E-02 -3.25061385E-01
 1.58080234E-01 -2.06672111E-01  3.44416837E+00 -1.67492962E+00  1.03629823E+00
-1.72697979E+01  8.39845583E+00 -2.02298365E+00  3.37128036E+01 -1.63948353E+01
-1.38203017E-02  2.30313832E-01 -1.12003658E-01  2.24553475E-02 -3.74215936E-01
 1.81984528E-01 -1.33317080E-02  2.22171471E-01 -1.08043957E-01  4.87268181E-03
-8.12027151E-02  3.94896004E-02 -1.12065271E-10 -1.12065935E-10 -1.12061578E-10
-0.00000000E+00 -0.00000000E+00 -0.00000000E+00 -2.00421891E-11 -2.00423429E-11
-2.00423839E-11 -0.00000000E+00 -0.00000000E+00 -0.00000000E+00  9.06127679E-01
-1.51005197E+01  7.34351664E+00 -6.75315772E+00  3.28412048E+00  4.05232617E-01
 3.28412048E+00  4.05232617E-01 -6.75315772E+00 -0.00000000E+00 
-7.56873800E-05  1.73095260E-04 -6.07104960E-04  1.00430408E-03 -4.52227463E-03
 6.38783403E-03 -3.62996337E-02  4.12302104E-02 -3.10903179E-01  3.80931289E-01
-3.19782442E+00  1.08377831E+01 -3.91400269E+01  5.29639449E+01  2.75565275E+00
 2.45855580E+00 -8.11156467E-01  3.66274513E-01 -1.17678899E-01  0.00000000E+00
 0.00000000E+00  0.00000000E+00  0.00000000E+00  0.00000000E+00  0.00000000E+00
 0.00000000E+00  0.00000000E+00  0.00000000E+00  0.00000000E+00  0.00000000E+00
 2.21579058E-11 -1.70140787E-11  0.00000000E+00 -4.16537671E-11  6.30162215E-11
-1.45899171E-11  1.05845320E-10 -1.18639363E-10  2.14913272E-11 -1.81122179E-10
 0.00000000E+00  0.00000000E+00  0.00000000E+00  0.00000000E+00  0.00000000E+00
 0.00000000E+00  0.00000000E+00  0.00000000E+00  0.00000000E+00  0.00000000E+00
 0.00000000E+00  0.00000000E+00 -1.38841009E+01 -1.38841009E+01 -1.38841009E+01
 0.00000000E+00  0.00000000E+00  0.00000000E+00 -1.31012109E+00 -1.31012109E+00
-1.31012109E+00  0.00000000E+00  0.00000000E+00  0.00000000E+00  5.32707146E-11
 0.00000000E+00  7.76531174E-11  0.00000000E+00  2.89297359E-11  2.37607675E-11
 2.89297359E-11  2.37583155E-11  0.00000000E+00  0.00000000E+00 
-0.00000000E+00 -0.00000000E+00 -0.00000000E+00 -0.00000000E+00 -0.00000000E+00
-0.00000000E+00 -0.00000000E+00 -0.00000000E+00 -0.00000000E+00 -0.00000000E+00
 1.44793711E-11 -4.99790588E-11  1.79251759E-10 -2.44096587E-10 -1.80331228E-11
-1.54835712E-11 -0.00000000E+00 -0.00000000E+00 -0.00000000E+00  2.71583998E-02
-9.05944699E-03 -2.38730020E-02 -1.65325496E-01  5.51489625E-02  1.45325790E-01
 3.39274963E-01 -1.13174693E-01 -2.98232294E-01 -2.25856489E+00  7.53407752E-01
 1.98534246E+00  4.78152498E+00 -1.59501195E+00 -4.20309578E+00 -1.25490288E+01
 4.18608100E+00  1.10309515E+01  2.22355366E+01 -7.41728770E+00 -1.95456659E+01
-1.17793346E-01  3.92932789E-02  1.03543685E-01 -1.11177478E-01  3.70863702E-02
 9.77281495E-02  7.74654818E-02 -2.58407871E-02 -6.80943508E-02 -2.94391032E-02
 9.82023966E-03  2.58778048E-02  6.54134270E-11  6.54317482E-11  6.54149693E-11
-0.00000000E+00 -0.00000000E+00 -0.00000000E+00 -0.00000000E+00 -0.00000000E+00
-0.00000000E+00 -0.00000000E+00 -0.00000000E+00 -0.00000000E+00 -9.68239805E+00
 3.22983580E+00  8.51110190E+00  1.44442648E+00  3.80628048E+00 -4.33010004E+00
 3.80628048E+00 -4.33010004E+00  1.44442648E+00 -0.00000000E+00 
-0.00000000E+00 -0.00000000E+00 -0.00000000E+00 -0.00000000E+00 -0.00000000E+00
-0.00000000E+00 -0.00000000E+00 -0.00000000E+00 -0.00000000E+00 -0.00000000E+00
-2.27763192E-11  7.02233122E-11 -2.36091130E-10  3.16460796E-10  2.00895088E-11
 1.75427807E-11 -0.00000000E+00 -0.00000000E+00 -0.00000000E+00  1.43682074E-02
-2.33884865E-02  2.52211379E-02 -8.74657949E-02  1.42376325E-01 -1.53532505E-01
 1.79494119E-01 -2.92179509E-01  3.15073815E-01 -1.19489842E+00  1.94504886E+00
-2.09745703E+00  2.52967565E+00 -4.11779167E+00  4.44044943E+00 -6.63908958E+00
 1.08070723E+01 -1.16538820E+01  1.17637565E+01 -1.91489760E+01  2.06494321E+01
-6.23188129E-02  1.01442210E-01 -1.09390916E-01 -5.88186741E-02  9.57447039E-02
-1.03246971E-01  4.09832730E-02 -6.67123391E-02  7.19397172E-02 -1.55748183E-02
 2.53526008E-02 -2.73391542E-02 -8.59260471E-11 -8.59281410E-11 -8.59322962E-11
-0.00000000E+00 -0.00000000E+00 -0.00000000E+00 -0.00000000E+00 -0.00000000E+00
-0.00000000E+00 -0.00000000E+00 -0.00000000E+00 -0.00000000E+00 -5.12249266E+00
 8.33836448E+00 -8.99173362E+00  3.72902996E+00 -4.02122552E+00 -2.29084836E+00
-4.02122552E+00 -2.29084836E+00  3.72902996E+00 -0.00000000E+00 
 0.00000000E+00  0.00000000E+00  0.00000000E+00  0.00000000E+00  0.00000000E+00
 0.00000000E+00  0.00000000E+00  0.00000000E+00  0.00000000E+00  0.00000000E+00
 0.00000000E+00  1.38930853E-11 -5.38510289E-11  7.12880043E-11  0.00000000E+00
 0.00000000E+00  0.00000000E+00  0.00000000E+00  0.00000000E+00  2.11080179E-02
 2.75767584E-02  1.35479320E-02 -1.28494078E-01 -1.67872235E-01 -8.24724064E-02
 2.63690867E-01  3.44501287E-01  1.69246869E-01 -1.75539901E+00 -2.29335671E+00
-1.12668213E+00  3.71629093E+00  4.85518145E+00  2.38525745E+00 -9.75334066E+00
-1.27423389E+01 -6.26006652E+00  1.72818762E+01  2.25780614E+01  1.10921682E+01
-9.15511990E-02 -1.19607881E-01 -5.87610559E-02 -8.64092220E-02 -1.12890099E-01
-5.54607387E-02  6.02076260E-02  7.86587903E-02  3.86435537E-02 -2.28806234E-02
-2.98925946E-02 -1.46856579E-02 -1.64295695E-11 -1.64350172E-11 -1.64344692E-11
 0.00000000E+00  0.00000000E+00  0.00000000E+00  0.00000000E+00  0.00000000E+00
 0.00000000E+00  0.00000000E+00  0.00000000E+00  0.00000000E+00 -7.52534144E+00
-9.83154948E+00 -4.83005153E+00 -4.39680259E+00 -2.16006471E+00 -3.36543500E+00
-2.16006471E+00 -3.36543500E+00 -4.39680259E+00  0.00000000E+00 
-1.15162414E-04  6.33223861E-04 -1.49999879E-03  5.10328151E-03 -1.05611912E-02
 3.97350678E-02 -7.53703961E-02  3.32665191E-01 -6.26639350E-01  3.63720471E+00
-7.59068377E+00  1.05490442E+01 -2.55789159E+01  3.30585002E+01  1.24507656E+00
 1.35796126E+00 -4.57073161E-01  2.08217287E-01 -6.71352009E-02 -0.00000000E+00
-0.00000000E+00 -0.00000000E+00 -0.00000000E+00 -0.00000000E+00 -0.00000000E+00
-1.57029861E-11 -0.00000000E+00  2.26185695E-11  2.44755884E-11  1.30518089E-11
-3.18800391E-11 -3.91710284E-11 -1.29758369E-11  3.10474590E-11  1.03097307E-10
 2.25205608E-11 -4.29754196E-11 -1.87137229E-10 -3.68244569E-11  6.60069242E-11
-0.00000000E+00 -0.00000000E+00 -0.00000000E+00 -0.00000000E+00 -0.00000000E+00
-0.00000000E+00 -0.00000000E+00 -0.00000000E+00 -0.00000000E+00 -0.00000000E+00
-0.00000000E+00 -0.00000000E+00 -8.43350907E+00 -8.43350907E+00 -8.43350907E+00
-0.00000000E+00 -0.00000000E+00 -0.00000000E+00 -6.90042052E-01 -6.90042052E-01
-6.90042052E-01 -0.00000000E+00 -0.00000000E+00 -0.00000000E+00  8.30511904E-11
 1.55067522E-11 -2.70186508E-11 -0.00000000E+00 -1.54828024E-11  3.71270326E-11
-1.54828024E-11  3.71254521E-11 -0.00000000E+00 -0.00000000E+00 
 0.00000000E+00  0.00000000E+00  0.00000000E+00  0.00000000E+00  0.00000000E+00
 0.00000000E+00  0.00000000E+00  0.00000000E+00  0.00000000E+00  2.91020960E-11
-6.16514880E-11  9.08971294E-11 -2.46147975E-10  3.21788193E-10  1.60980982E-11
 1.58398221E-11  0.00000000E+00  0.00000000E+00  0.00000000E+00  1.64693598E-01
-4.18650362E-02 -1.32659079E-01 -5.07208068E-01  1.28932056E-01  4.08551129E-01
 2.32075140E+00 -5.89933932E-01 -1.86934252E+00 -3.42878703E+00  8.71596074E-01
 2.76185435E+00  3.81129673E+00 -9.68829862E-01 -3.06996217E+00 -7.93506648E+00
 2.01709022E+00  6.39161829E+00  1.36799790E+01 -3.47744433E+00 -1.10190891E+01
-9.09071149E-02  2.31085465E-02  7.32247903E-02 -6.14838858E-02  1.56291753E-02
 4.95246675E-02  4.47807720E-02 -1.13832515E-02 -3.60704730E-02 -1.72061661E-02
 4.37379946E-03  1.38593982E-02 -8.40798540E-11 -8.40692999E-11 -8.40793131E-11
 0.00000000E+00  0.00000000E+00  0.00000000E+00  0.00000000E+00  0.00000000E+00
 0.00000000E+00  0.00000000E+00  0.00000000E+00  0.00000000E+00 -5.92870452E+00
 1.50707394E+00  4.77551340E+00  6.73983957E-01  2.13567452E+00 -2.65139727E+00
 2.13567452E+00 -2.65139727E+00  6.73983957E-01  0.00000000E+00 
 0.00000000E+00  0.00000000E+00  0.00000000E+00  0.00000000E+00  0.00000000E+00
 0.00000000E+00  0.00000000E+00  0.00000000E+00  0.00000000E+00  2.02798658E-11
-4.04515144E-11  5.16680326E-11 -1.20197870E-10  1.54436302E-10  0.00000000E+00
 0.00000000E+00  0.00000000E+00  0.00000000E+00  0.00000000E+00 -4.89251492E-02
 1.75019234E-01 -1.15972804E-01  1.50675137E-01 -5.39008005E-01  3.57162287E-01
-6.89420294E-01  2.46625332E+00 -1.63421075E+00  1.01858190E+00 -3.64375839E+00
 2.41445965E+00 -1.13221317E+00  4.05024993E+00 -2.68381270E+00  2.35725199E+00
-8.43256370E+00  5.58766049E+00 -4.06387998E+00  1.45376595E+01 -9.63307347E+00
 2.70055680E-02 -9.66066308E-02  6.40143465E-02  1.82648769E-02 -6.53386818E-02
 4.32952995E-02 -1.33029212E-02  4.75883489E-02 -3.15334158E-02  5.11139629E-03
-1.82849246E-02  1.21161196E-02 -3.68903453E-11 -3.68901733E-11 -3.68875917E-11
 0.00000000E+00  0.00000000E+00  0.00000000E+00  0.00000000E+00  0.00000000E+00
 0.00000000E+00  0.00000000E+00  0.00000000E+00  0.00000000E+00  1.76122665E+00
-6.30041081E+00  4.17483434E+00 -2.81762937E+00  1.86704268E+00  7.87644502E-01
 1.86704268E+00  7.87644502E-01 -2.81762937E+00  0.00000000E+00 
 0.00000000E+00  0.00000000E+00  0.00000000E+00  0.00000000E+00  0.00000000E+00
 0.00000000E+00  0.00000000E+00  0.00000000E+00  0.00000000E+00  0.00000000E+00
 0.00000000E+00  1.45845388E-11 -5.83994145E-11  7.89503783E-11  0.00000000E+00
 0.00000000E+00  0.00000000E+00  0.00000000E+00  0.00000000E+00  1.30220745E-01
 1.18704171E-01  1.24205359E-01 -4.01041773E-01 -3.65574098E-01 -3.82516145E-01
 1.83498315E+00  1.67269934E+00  1.75021837E+00 -2.71109021E+00 -2.47132450E+00
-2.58585475E+00  3.01353486E+00  2.74702129E+00  2.87432835E+00 -6.27413743E+00
-5.71925990E+00 -5.98431142E+00  1.08165532E+01  9.85994959E+00  1.03168959E+01
-7.18788852E-02 -6.55219989E-02 -6.85585291E-02 -4.86143815E-02 -4.43149813E-02
-4.63687004E-02  3.54074812E-02  3.22760841E-02  3.37718765E-02 -1.36046561E-02
-1.24014759E-02 -1.29762059E-02 -2.11611478E-11 -2.11652522E-11 -2.11649687E-11
 0.00000000E+00  0.00000000E+00  0.00000000E+00  0.00000000E+00  0.00000000E+00
 0.00000000E+00  0.00000000E+00  0.00000000E+00  0.00000000E+00 -4.68773728E+00
-4.27315916E+00 -4.47119306E+00 -1.91101487E+00 -1.99957833E+00 -2.09641984E+00
-1.99957833E+00 -2.09641984E+00 -1.91101487E+00  0.00000000E+00 
-0.00000000E+00 -0.00000000E+00 -0.00000000E+00 -0.00000000E+00 -0.00000000E+00
-0.00000000E+00 -0.00000000E+00 -0.00000000E+00 -0.00000000E+00 -0.00000000E+00
-0.00000000E+00 -0.00000000E+00 -0.00000000E+00  1.06331461E-11 -0.00000000E+00
-0.00000000E+00 -0.00000000E+00 -0.00000000E+00 -0.00000000E+00  4.17793878E-01
-5.95731369E-02 -2.97585659E-01 -2.47520602E+00  3.52939080E-01  1.76303640E+00
 3.16459105E+00 -4.51238339E-01 -2.25407063E+00 -2.58912818E+00  3.69183216E-01
 1.84418072E+00  2.32870364E+00 -3.32049339E-01 -1.65868588E+00 -4.64298564E+00
 6.62042298E-01  3.30709954E+00  7.99116789E+00 -1.13945887E+00 -5.69193826E+00
-4.66411616E-02  6.65055294E-03  3.32215035E-02 -4.02583321E-02  5.74042670E-03
 2.86751504E-02  2.87018347E-02 -4.09258828E-03 -2.04437041E-02 -1.09932324E-02
 1.56752258E-03  7.83024470E-03 -0.00000000E+00 -0.00000000E+00 -0.00000000E+00
-0.00000000E+00 -0.00000000E+00 -0.00000000E+00 -0.00000000E+00 -0.00000000E+00
-0.00000000E+00 -0.00000000E+00 -0.00000000E+00 -0.00000000E+00 -3.46666381E+00
 4.94310827E-01  2.46923061E+00  2.21062522E-01  1.10427350E+00 -1.55033919E+00
 1.10427350E+00 -1.55033919E+00  2.21062522E-01 -0.00000000E+00 
 0.00000000E+00  0.00000000E+00  0.00000000E+00  0.00000000E+00  0.00000000E+00
 0.00000000E+00  0.00000000E+00  0.00000000E+00  0.00000000E+00  0.00000000E+00
 0.00000000E+00  0.00000000E+00  0.00000000E+00  0.00000000E+00  0.00000000E+00
 0.00000000E+00  0.00000000E+00  0.00000000E+00  0.00000000E+00 -1.07488133E-02
 5.03120772E-01 -1.15809583E-01  6.36809889E-02 -2.98072238E+00  6.86110045E-01
-8.14171773E-02  3.81090191E+00 -8.77202823E-01  6.66119271E-02 -3.11791110E+00
 7.17688483E-01 -5.99118416E-02  2.80429953E+00 -6.45500597E-01  1.19452650E-01
-5.59123205E+00  1.28700361E+00 -2.05593179E-01  9.62322036E+00 -2.21509665E+00
 1.19996286E-03 -5.61667809E-02  1.29286085E-02  1.03574829E-03 -4.84803732E-02
 1.11593321E-02 -7.38427915E-04  3.45636689E-02 -7.95595073E-03  2.82828946E-04
-1.32384026E-02  3.04724823E-03  0.00000000E+00  0.00000000E+00  0.00000000E+00
 0.00000000E+00  0.00000000E+00  0.00000000E+00  0.00000000E+00  0.00000000E+00
 0.00000000E+00  0.00000000E+00  0.00000000E+00  0.00000000E+00  8.91887696E-02
-4.17466761E+00  9.60935309E-01 -1.86696811E+00  4.29743335E-01  3.98864303E-02
 4.29743335E-01  3.98864303E-02 -1.86696811E+00  0.00000000E+00 
 0.00000000E+00  0.00000000E+00  0.00000000E+00  0.00000000E+00  0.00000000E+00
 0.00000000E+00  0.00000000E+00  0.00000000E+00  0.00000000E+00  0.00000000E+00
 0.00000000E+00  0.00000000E+00  0.00000000E+00  0.00000000E+00  0.00000000E+00
 0.00000000E+00  0.00000000E+00  0.00000000E+00  0.00000000E+00  3.03299598E-01
 9.98921310E-02  4.05818708E-01 -1.79688844E+00 -5.91807628E-01 -2.40425952E+00
 2.29735102E+00  7.56635652E-01  3.07388480E+00 -1.87959081E+00 -6.19045766E-01
-2.51491634E+00  1.69053429E+00  5.56779746E-01  2.26195632E+00 -3.37059912E+00
-1.11011136E+00 -4.50990436E+00  5.80122910E+00  1.91064262E+00  7.76211811E+00
-3.38593892E-02 -1.11516354E-02 -4.53042922E-02 -2.92257416E-02 -9.62553737E-03
-3.91044129E-02  2.08362434E-02  6.86244482E-03  2.78791579E-02 -7.98059315E-03
-2.62841910E-03 -1.06781348E-02  0.00000000E+00  0.00000000E+00  0.00000000E+00
 0.00000000E+00  0.00000000E+00  0.00000000E+00  0.00000000E+00  0.00000000E+00
 0.00000000E+00  0.00000000E+00  0.00000000E+00  0.00000000E+00 -2.51664228E+00
-8.28859524E-01 -3.36729928E+00 -3.70677248E-01 -1.50590202E+00 -1.12547664E+00
-1.50590202E+00 -1.12547664E+00 -3.70677248E-01  0.00000000E+00 
-6.40778304E-04  2.07146896E-03 -6.09121627E-03  1.44020005E-02 -4.47408192E-02
 1.05214577E-01 -3.60483721E-01  8.65064576E-01 -3.95546112E+00  6.44419577E+00
-6.31556977E+00  6.26638483E+00 -1.38239235E+01  1.77189776E+01  6.86992759E-01
 7.58810741E-01 -2.56922867E-01  1.17387539E-01 -3.78962673E-02 -0.00000000E+00
-0.00000000E+00 -0.00000000E+00 -0.00000000E+00 -0.00000000E+00 -0.00000000E+00
-0.00000000E+00 -0.00000000E+00 -0.00000000E+00 -0.00000000E+00 -0.00000000E+00
-0.00000000E+00 -0.00000000E+00 -0.00000000E+00 -0.00000000E+00  1.53093561E-11
-0.00000000E+00 -0.00000000E+00 -2.95635219E-11 -0.00000000E+00  1.11968409E-11
-0.00000000E+00 -0.00000000E+00 -0.00000000E+00 -0.00000000E+00 -0.00000000E+00
-0.00000000E+00 -0.00000000E+00 -0.00000000E+00 -0.00000000E+00 -0.00000000E+00
-0.00000000E+00 -0.00000000E+00 -4.52372432E+00 -4.52372432E+00 -4.52372432E+00
-0.00000000E+00 -0.00000000E+00 -0.00000000E+00 -3.82789648E-01 -3.82789648E-01
-3.82789648E-01 -0.00000000E+00 -0.00000000E+00 -0.00000000E+00  1.35089084E-11
-0.00000000E+00 -0.00000000E+00 -0.00000000E+00 -0.00000000E+00 -0.00000000E+00
-0.00000000E+00 -0.00000000E+00 -0.00000000E+00 -0.00000000E+00 
 0.00000000E+00  0.00000000E+00  0.00000000E+00  0.00000000E+00  0.00000000E+00
 0.00000000E+00  0.00000000E+00  0.00000000E+00  0.00000000E+00  0.00000000E+00
 0.00000000E+00  0.00000000E+00  0.00000000E+00  0.00000000E+00  0.00000000E+00
 0.00000000E+00  0.00000000E+00  0.00000000E+00  0.00000000E+00  2.03471522E+00
-5.73406665E-01 -1.82364218E+00 -2.94402091E+00  8.29659697E-01  2.63862021E+00
 2.09556075E+00 -5.90553652E-01 -1.87817585E+00 -1.39256356E+00  3.92440780E-01
 1.24810471E+00  1.19975574E+00 -3.38105270E-01 -1.07529798E+00 -2.39733584E+00
 6.75597420E-01  2.14864602E+00  4.13433768E+00 -1.16510496E+00 -3.70545839E+00
-2.14921058E-02  6.05672806E-03  1.92626027E-02 -2.24458135E-02  6.32549410E-03
 2.01173766E-02  1.57642326E-02 -4.44254605E-03 -1.41289156E-02 -6.02211974E-03
 1.69710413E-03  5.39740966E-03  0.00000000E+00  0.00000000E+00  0.00000000E+00
 0.00000000E+00  0.00000000E+00  0.00000000E+00  0.00000000E+00  0.00000000E+00
 0.00000000E+00  0.00000000E+00  0.00000000E+00  0.00000000E+00 -1.79547010E+00
 5.05984578E-01  1.60921537E+00  2.26283182E-01  7.19662991E-01 -8.02958637E-01
 7.19662991E-01 -8.02958637E-01  2.26283182E-01  0.00000000E+00 
 0.00000000E+00  0.00000000E+00  0.00000000E+00  0.00000000E+00  0.00000000E+00
 0.00000000E+00  0.00000000E+00  0.00000000E+00  0.00000000E+00  0.00000000E+00
 0.00000000E+00  0.00000000E+00  0.00000000E+00  0.00000000E+00  0.00000000E+00
 0.00000000E+00  0.00000000E+00  0.00000000E+00  0.00000000E+00  1.27154892E+00
 2.39467130E+00  6.65766267E-01 -1.83979879E+00 -3.46483985E+00 -9.63294417E-01
 1.30957295E+00  2.46628086E+00  6.85675148E-01 -8.70250870E-01 -1.63891829E+00
-4.55651894E-01  7.49760015E-01  1.41200135E+00  3.92564470E-01 -1.49816042E+00
-2.82144218E+00 -7.84417064E-01  2.58366014E+00  4.86573242E+00  1.35277042E+00
-1.34310019E-02 -2.52942174E-02 -7.03229571E-03 -1.40269998E-02 -2.64166430E-02
-7.34435236E-03  9.85149800E-03  1.85530413E-02  5.15811461E-03 -3.76338653E-03
-7.08747701E-03 -1.97045962E-03  0.00000000E+00  0.00000000E+00  0.00000000E+00
 0.00000000E+00  0.00000000E+00  0.00000000E+00  0.00000000E+00  0.00000000E+00
 0.00000000E+00  0.00000000E+00  0.00000000E+00  0.00000000E+00 -1.12203813E+00
-2.11310196E+00 -5.87484388E-01 -9.45007925E-01 -2.62731005E-01 -5.01790706E-01
-2.62731005E-01 -5.01790706E-01 -9.45007925E-01  0.00000000E+00 
-0.00000000E+00 -0.00000000E+00 -0.00000000E+00 -0.00000000E+00 -0.00000000E+00
-0.00000000E+00 -0.00000000E+00 -0.00000000E+00 -0.00000000E+00 -0.00000000E+00
-0.00000000E+00 -0.00000000E+00 -0.00000000E+00 -0.00000000E+00 -0.00000000E+00
-0.00000000E+00 -0.00000000E+00 -0.00000000E+00 -0.00000000E+00  1.42745555E+00
-1.31578348E+00  2.00639390E+00 -2.06537945E+00  1.90380160E+00 -2.90304292E+00
 1.47014177E+00 -1.35513029E+00  2.06639252E+00 -9.76953712E-01  9.00525102E-01
-1.37318039E+00  8.41689282E-01 -7.75842619E-01  1.18305627E+00 -1.68185225E+00
 1.55027833E+00 -2.36396719E+00  2.90044682E+00 -2.67354035E+00  4.07679161E+00
-1.50777984E-02  1.38982387E-02 -2.11929560E-02 -1.57468725E-02  1.45149702E-02
-2.21333890E-02  1.10594058E-02 -1.01942113E-02  1.55448094E-02 -4.22482134E-03
 3.89430698E-03 -5.93829753E-03 -0.00000000E+00 -0.00000000E+00 -0.00000000E+00
-0.00000000E+00 -0.00000000E+00 -0.00000000E+00 -0.00000000E+00 -0.00000000E+00
-0.00000000E+00 -0.00000000E+00 -0.00000000E+00 -0.00000000E+00 -1.25961301E+00
 1.16107152E+00 -1.77047885E+00  5.19246970E-01 -7.91782211E-01 -5.63316062E-01
-7.91782211E-01 -5.63316062E-01  5.19246970E-01 -0.00000000E+00 
-1.52943913E-03  6.39970099E-03 -1.68454951E-02  4.88181267E-02 -1.23471806E-01
 3.89172138E-01 -1.02488946E+00  4.15059047E+00 -5.97216182E+00  5.03129953E+00
-3.74530426E+00  3.45739609E+00 -7.60569834E+00  9.75473228E+00  3.98010003E-01
 4.33240570E-01 -1.46912718E-01  6.71840080E-02 -2.16975166E-02 -0.00000000E+00
-0.00000000E+00 -0.00000000E+00 -0.00000000E+00 -0.00000000E+00 -0.00000000E+00
-0.00000000E+00 -0.00000000E+00 -0.00000000E+00 -0.00000000E+00 -0.00000000E+00
-0.00000000E+00 -0.00000000E+00 -0.00000000E+00 -0.00000000E+00 -0.00000000E+00
-0.00000000E+00 -0.00000000E+00 -1.84998766E-11 -0.00000000E+00 -0.00000000E+00
-0.00000000E+00 -0.00000000E+00 -0.00000000E+00 -0.00000000E+00 -0.00000000E+00
-0.00000000E+00 -0.00000000E+00 -0.00000000E+00 -0.00000000E+00 -0.00000000E+00
-0.00000000E+00 -0.00000000E+00 -2.49826427E+00 -2.49826427E+00 -2.49826427E+00
-0.00000000E+00 -0.00000000E+00 -0.00000000E+00 -2.18676161E-01 -2.18676161E-01
-2.18676161E-01 -0.00000000E+00 -0.00000000E+00 -0.00000000E+00 -0.00000000E+00
-0.00000000E+00 -0.00000000E+00 -0.00000000E+00 -0.00000000E+00 -0.00000000E+00
-0.00000000E+00 -0.00000000E+00 -0.00000000E+00 -0.00000000E+00 
-5.26773324E-03  1.87973528E-02 -5.32824556E-02  1.38647639E-01 -4.11444020E-01
 1.16235732E+00 -4.25051738E+00  5.72973667E+00 -4.54908302E+00  3.02018610E+00
-2.12438763E+00  1.96158963E+00 -4.35222285E+00  5.58847433E+00  2.34547241E-01
 2.52876102E-01 -8.57867866E-02  3.92419752E-02 -1.26750878E-02  0.00000000E+00
 0.00000000E+00  0.00000000E+00  0.00000000E+00  0.00000000E+00  0.00000000E+00
 0.00000000E+00  0.00000000E+00  0.00000000E+00  0.00000000E+00  0.00000000E+00
 0.00000000E+00  0.00000000E+00  0.00000000E+00  0.00000000E+00  0.00000000E+00
 0.00000000E+00  0.00000000E+00  0.00000000E+00  0.00000000E+00  0.00000000E+00
 0.00000000E+00  0.00000000E+00  0.00000000E+00  0.00000000E+00  0.00000000E+00
 0.00000000E+00  0.00000000E+00  0.00000000E+00  0.00000000E+00  0.00000000E+00
 0.00000000E+00  0.00000000E+00 -1.43395778E+00 -1.43395778E+00 -1.43395778E+00
 0.00000000E+00  0.00000000E+00  0.00000000E+00 -1.27756242E-01 -1.27756242E-01
-1.27756242E-01  0.00000000E+00  0.00000000E+00  0.00000000E+00  0.00000000E+00
 0.00000000E+00  0.00000000E+00  0.00000000E+00  0.00000000E+00  0.00000000E+00
 0.00000000E+00  0.00000000E+00  0.00000000E+00  0.00000000E+00 
 1.36698305E-02 -5.41907309E-02  1.48766778E-01 -4.30022030E-01  1.23582715E+00
-4.37837131E+00  5.64888811E+00 -4.31154401E+00  2.76220211E+00 -1.74769394E+00
 1.23204021E+00 -1.14757174E+00  2.56120153E+00 -3.29100053E+00 -1.39976062E-01
-1.50197496E-01  5.09598746E-02 -2.33131436E-02  7.53044117E-03 -0.00000000E+00
-0.00000000E+00 -0.00000000E+00 -0.00000000E+00 -0.00000000E+00 -0.00000000E+00
-0.00000000E+00 -0.00000000E+00 -0.00000000E+00 -0.00000000E+00 -0.00000000E+00
-0.00000000E+00 -0.00000000E+00 -0.00000000E+00 -0.00000000E+00 -0.00000000E+00
-0.00000000E+00 -0.00000000E+00 -0.00000000E+00 -0.00000000E+00 -0.00000000E+00
-0.00000000E+00 -0.00000000E+00 -0.00000000E+00 -0.00000000E+00 -0.00000000E+00
-0.00000000E+00 -0.00000000E+00 -0.00000000E+00 -0.00000000E+00 -0.00000000E+00
-0.00000000E+00 -0.00000000E+00  8.45224127E-01  8.45224127E-01  8.45224127E-01
-0.00000000E+00 -0.00000000E+00 -0.00000000E+00  7.59230534E-02  7.59230534E-02
 7.59230534E-02 -0.00000000E+00 -0.00000000E+00 -0.00000000E+00 -0.00000000E+00
-0.00000000E+00 -0.00000000E+00 -0.00000000E+00 -0.00000000E+00 -0.00000000E+00
-0.00000000E+00 -0.00000000E+00 -0.00000000E+00 -0.00000000E+00 
-4.13679200E-02  1.54677099E-01 -4.49994271E-01  1.30342814E+00 -4.43501381E+00
 5.65210509E+00 -4.24749830E+00  2.63871506E+00 -1.61977659E+00  1.02832422E+00
-7.31296805E-01  6.85208290E-01 -1.53400478E+00  1.97179560E+00  8.43725960E-02
 9.03336652E-02 -3.06500347E-02  1.40222686E-02 -4.52944390E-03 -0.00000000E+00
-0.00000000E+00 -0.00000000E+00 -0.00000000E+00 -0.00000000E+00 -0.00000000E+00
-0.00000000E+00 -0.00000000E+00 -0.00000000E+00 -0.00000000E+00 -0.00000000E+00
-0.00000000E+00 -0.00000000E+00 -0.00000000E+00 -0.00000000E+00 -0.00000000E+00
-0.00000000E+00 -0.00000000E+00 -0.00000000E+00 -0.00000000E+00 -0.00000000E+00
-0.00000000E+00 -0.00000000E+00 -0.00000000E+00 -0.00000000E+00 -0.00000000E+00
-0.00000000E+00 -0.00000000E+00 -0.00000000E+00 -0.00000000E+00 -0.00000000E+00
-0.00000000E+00 -0.00000000E+00 -5.06628747E-01 -5.06628747E-01 -5.06628747E-01
-0.00000000E+00 -0.00000000E+00 -0.00000000E+00 -4.56750564E-02 -4.56750564E-02
-4.56750564E-02 -0.00000000E+00 -0.00000000E+00 -0.00000000E+00 -0.00000000E+00
-0.00000000E+00 -0.00000000E+00 -0.00000000E+00 -0.00000000E+00 -0.00000000E+00
-0.00000000E+00 -0.00000000E+00 -0.00000000E+00 -0.00000000E+00 
 1.12349472E-01 -4.51513571E-01  1.35840766E+00 -4.51461290E+00  5.65209429E+00
-4.23449730E+00  2.61627660E+00 -1.56030834E+00  9.61744493E-01 -6.16028983E-01
 4.40687141E-01 -4.14214263E-01  9.28692900E-01 -1.19392822E+00 -5.12244356E-02
-5.47887049E-02  1.85898948E-02 -8.50490778E-03  2.74725400E-03 -0.00000000E+00
-0.00000000E+00 -0.00000000E+00 -0.00000000E+00 -0.00000000E+00 -0.00000000E+00
-0.00000000E+00 -0.00000000E+00 -0.00000000E+00 -0.00000000E+00 -0.00000000E+00
-0.00000000E+00 -0.00000000E+00 -0.00000000E+00 -0.00000000E+00 -0.00000000E+00
-0.00000000E+00 -0.00000000E+00 -0.00000000E+00 -0.00000000E+00 -0.00000000E+00
-0.00000000E+00 -0.00000000E+00 -0.00000000E+00 -0.00000000E+00 -0.00000000E+00
-0.00000000E+00 -0.00000000E+00 -0.00000000E+00 -0.00000000E+00 -0.00000000E+00
-0.00000000E+00 -0.00000000E+00  3.06823410E-01  3.06823410E-01  3.06823410E-01
-0.00000000E+00 -0.00000000E+00 -0.00000000E+00  2.77061674E-02  2.77061674E-02
 2.77061674E-02 -0.00000000E+00 -0.00000000E+00 -0.00000000E+00 -0.00000000E+00
-0.00000000E+00 -0.00000000E+00 -0.00000000E+00 -0.00000000E+00 -0.00000000E+00
-0.00000000E+00 -0.00000000E+00 -0.00000000E+00 -0.00000000E+00 
-3.38420469E-01  1.37609024E+00 -4.60458475E+00  5.73383596E+00 -4.24788210E+00
 2.62223485E+00 -1.55807473E+00  9.33258803E-01 -5.80366001E-01  3.73951997E-01
-2.68353706E-01  2.52616951E-01 -5.66767088E-01  7.28690099E-01  3.13003200E-02
 3.34634002E-02 -1.13542178E-02  5.19459713E-03 -1.67796174E-03  0.00000000E+00
 0.00000000E+00  0.00000000E+00  0.00000000E+00  0.00000000E+00  0.00000000E+00
 0.00000000E+00  0.00000000E+00  0.00000000E+00  0.00000000E+00  0.00000000E+00
 0.00000000E+00  0.00000000E+00  0.00000000E+00  0.00000000E+00  0.00000000E+00
 0.00000000E+00  0.00000000E+00  0.00000000E+00  0.00000000E+00  0.00000000E+00
 0.00000000E+00  0.00000000E+00  0.00000000E+00  0.00000000E+00  0.00000000E+00
 0.00000000E+00  0.00000000E+00  0.00000000E+00  0.00000000E+00  0.00000000E+00
 0.00000000E+00  0.00000000E+00 -1.87279106E-01 -1.87279106E-01 -1.87279106E-01
 0.00000000E+00  0.00000000E+00  0.00000000E+00 -1.69231422E-02 -1.69231422E-02
-1.69231422E-02  0.00000000E+00  0.00000000E+00  0.00000000E+00  0.00000000E+00
 0.00000000E+00  0.00000000E+00  0.00000000E+00  0.00000000E+00  0.00000000E+00
 0.00000000E+00  0.00000000E+00  0.00000000E+00  0.00000000E+00 
 1.03562906E+00 -4.63196589E+00  5.84616945E+00 -4.32692657E+00  2.64233089E+00
-1.56854189E+00  9.36048638E-01 -5.65759432E-01  3.53913970E-01 -2.28764574E-01
 1.64416743E-01 -1.54884428E-01  3.47602313E-01 -4.46925629E-01 -1.92070986E-02
-2.05304452E-02  6.96603772E-03 -3.18699374E-03  1.02946543E-03 -0.00000000E+00
-0.00000000E+00 -0.00000000E+00 -0.00000000E+00 -0.00000000E+00 -0.00000000E+00
-0.00000000E+00 -0.00000000E+00 -0.00000000E+00 -0.00000000E+00 -0.00000000E+00
-0.00000000E+00 -0.00000000E+00 -0.00000000E+00 -0.00000000E+00 -0.00000000E+00
-0.00000000E+00 -0.00000000E+00 -0.00000000E+00 -0.00000000E+00 -0.00000000E+00
-0.00000000E+00 -0.00000000E+00 -0.00000000E+00 -0.00000000E+00 -0.00000000E+00
-0.00000000E+00 -0.00000000E+00 -0.00000000E+00 -0.00000000E+00 -0.00000000E+00
-0.00000000E+00 -0.00000000E+00  1.14867591E-01  1.14867591E-01  1.14867591E-01
-0.00000000E+00 -0.00000000E+00 -0.00000000E+00  1.03829498E-02  1.03829498E-02
 1.03829498E-02 -0.00000000E+00 -0.00000000E+00 -0.00000000E+00 -0.00000000E+00
-0.00000000E+00 -0.00000000E+00 -0.00000000E+00 -0.00000000E+00 -0.00000000E+00
-0.00000000E+00 -0.00000000E+00 -0.00000000E+00 -0.00000000E+00 
-3.90143834E+00  6.16259463E+00 -4.47225356E+00  2.70581020E+00 -1.58365155E+00
 9.43199272E-01 -5.67716129E-01  3.45172113E-01 -2.16602399E-01  1.40224679E-01
-1.00853463E-01  9.50366045E-02 -2.13316501E-01  2.74273193E-01  1.17897625E-02
 1.26009946E-02 -4.27555340E-03  1.95608627E-03 -6.31856862E-04  0.00000000E+00
 0.00000000E+00  0.00000000E+00  0.00000000E+00  0.00000000E+00  0.00000000E+00
 0.00000000E+00  0.00000000E+00  0.00000000E+00  0.00000000E+00  0.00000000E+00
 0.00000000E+00  0.00000000E+00  0.00000000E+00  0.00000000E+00  0.00000000E+00
 0.00000000E+00  0.00000000E+00  0.00000000E+00  0.00000000E+00  0.00000000E+00
 0.00000000E+00  0.00000000E+00  0.00000000E+00  0.00000000E+00  0.00000000E+00
 0.00000000E+00  0.00000000E+00  0.00000000E+00  0.00000000E+00  0.00000000E+00
 0.00000000E+00  0.00000000E+00 -7.04940474E-02 -7.04940474E-02 -7.04940474E-02
 0.00000000E+00  0.00000000E+00  0.00000000E+00 -6.37282894E-03 -6.37282894E-03
-6.37282894E-03  0.00000000E+00  0.00000000E+00  0.00000000E+00  0.00000000E+00
 0.00000000E+00  0.00000000E+00  0.00000000E+00  0.00000000E+00  0.00000000E+00
 0.00000000E+00  0.00000000E+00  0.00000000E+00  0.00000000E+00
