
 130567.4105903923045844  
 
 63580.3744215675033047  
 
 25974.5021803451018059  
 
 10385.2942377930994553  
 
 4108.3172334970995507  
 
 1619.1510366407001129  
 
 641.6747107026000094  
 
 250.4170663858000125  
 
 98.9327104154999972  
 
 38.8177567546999995  
 
 15.2727971492000005  
 
 6.0015722386999997  
 
 2.3657304051999999  
 
 0.9270155818000000  
 
 0.3635892008000000  
 
 0.1423576938000000  
 
 0.0563020770000000  
 
 0.0231096448000000  
 
 0.0111715259000000  
 
 125.1667482960999962  
 
 125.1667482960999962  
 
 125.1667482960999962  
 
 61.5476783184999974  
 
 61.5476783184999974  
 
 61.5476783184999974  
 
 26.3666923464999989  
 
 26.3666923464999989  
 
 26.3666923464999989  
 
 10.8717623597999999  
 
 10.8717623597999999  
 
 10.8717623597999999  
 
 4.4970953528999997  
 
 4.4970953528999997  
 
 4.4970953528999997  
 
 1.8613492379000001  
 
 1.8613492379000001  
 
 1.8613492379000001  
 
 0.7658276663000000  
 
 0.7658276663000000  
 
 0.7658276663000000  
 
 0.3145600983000000  
 
 0.3145600983000000  
 
 0.3145600983000000  
 
 0.1301491977000000  
 
 0.1301491977000000  
 
 0.1301491977000000  
 
 0.0550962965000000  
 
 0.0550962965000000  
 
 0.0550962965000000  
 
 0.0268364070000000  
 
 0.0268364070000000  
 
 0.0268364070000000  
 
 1.2503316269000000  
 
 1.2503316269000000  
 
 1.2503316269000000  
 
 1.2503316269000000  
 
 1.2503316269000000  
 
 1.2503316269000000  
 
 0.3466912228000000  
 
 0.3466912228000000  
 
 0.3466912228000000  
 
 0.3466912228000000  
 
 0.3466912228000000  
 
 0.3466912228000000  
 
 0.9988763227000000  
 
 0.9988763227000000  
 
 0.9988763227000000  
 
 0.9988763227000000  
 
 0.9988763227000000  
 
 0.9988763227000000  
 
 0.9988763227000000  
 
 0.9988763227000000  
 
 0.9988763227000000  
 
 0.9988763227000000  
 