
 7213.3178967036001268  
 
 3739.2158142381999824  
 
 1618.2918090815999221  
 
 680.2438023181000517  
 
 281.8634700388000169  
 
 117.0826444804999937  
 
 48.1277023979999967  
 
 19.9392841244999985  
 
 8.1927758612999995  
 
 3.3871337688000001  
 
 1.3867553485999999  
 
 0.5723411399000000  
 
 0.2352509287000000  
 
 0.0961183910000000  
 
 0.0398820878000000  
 
 0.0170781431000000  
 
 0.0087272730000000  
 
 3.2154329461000000  
 
 3.2154329461000000  
 
 3.2154329461000000  
 
 1.8806445836000001  
 
 1.8806445836000001  
 
 1.8806445836000001  
 
 0.9538166425000000  
 
 0.9538166425000000  
 
 0.9538166425000000  
 
 0.4797502316000000  
 
 0.4797502316000000  
 
 0.4797502316000000  
 
 0.2795288014000000  
 
 0.2795288014000000  
 
 0.2795288014000000  
 
 2.6926244266000001  
 
 2.6926244266000001  
 
 2.6926244266000001  
 
 2.6926244266000001  
 
 2.6926244266000001  
 
 2.6926244266000001  
 