  0.5510870E+00  0.4663070E+00 -0.0000000E+00 -0.0000000E+00 -0.0000000E+00
  0.2310200E-01 -0.0000000E+00 -0.0000000E+00 -0.0000000E+00  0.1292000E-02
 -0.0000000E+00 -0.0000000E+00 -0.0000000E+00 -0.5240000E-03 -0.0000000E+00
 -0.0000000E+00 -0.0000000E+00 -0.6796000E-02 -0.6340000E-02 -0.6340000E-02
 -0.0000000E+00 -0.0000000E+00 -0.0000000E+00
 -0.1331580E+00 -0.2169560E+00 -0.0000000E+00 -0.0000000E+00 -0.0000000E+00
  0.6635310E+00 -0.0000000E+00 -0.0000000E+00 -0.0000000E+00  0.4773560E+00
 -0.0000000E+00 -0.0000000E+00 -0.0000000E+00 -0.1089200E-01 -0.0000000E+00
 -0.0000000E+00 -0.0000000E+00 -0.1981200E-01  0.4137000E-02  0.4137000E-02
 -0.0000000E+00 -0.0000000E+00 -0.0000000E+00
 -0.0000000E+00 -0.0000000E+00 -0.0000000E+00 -0.0000000E+00  0.3315450E+00
 -0.0000000E+00 -0.0000000E+00 -0.0000000E+00  0.4863360E+00 -0.0000000E+00
 -0.0000000E+00 -0.0000000E+00  0.3796180E+00 -0.0000000E+00 -0.0000000E+00
 -0.0000000E+00  0.3813900E-01 -0.0000000E+00 -0.0000000E+00 -0.0000000E+00
 -0.0000000E+00 -0.0000000E+00 -0.0000000E+00
  0.0000000E+00  0.0000000E+00  0.0000000E+00  0.3315450E+00  0.0000000E+00
  0.0000000E+00  0.0000000E+00  0.4863360E+00  0.0000000E+00  0.0000000E+00
  0.0000000E+00  0.3796180E+00  0.0000000E+00  0.0000000E+00  0.0000000E+00
  0.3813900E-01  0.0000000E+00  0.0000000E+00  0.0000000E+00  0.0000000E+00
  0.0000000E+00  0.0000000E+00  0.0000000E+00
  0.0000000E+00  0.0000000E+00  0.3240550E+00  0.0000000E+00  0.0000000E+00
  0.0000000E+00  0.4677560E+00  0.0000000E+00  0.0000000E+00  0.0000000E+00
  0.3932960E+00  0.0000000E+00  0.0000000E+00  0.0000000E+00  0.6439400E-01
  0.0000000E+00  0.0000000E+00  0.0000000E+00  0.0000000E+00  0.0000000E+00
  0.0000000E+00  0.0000000E+00  0.0000000E+00
  0.4032300E-01  0.7436700E-01  0.0000000E+00  0.0000000E+00  0.0000000E+00
 -0.1992430E+00  0.0000000E+00  0.0000000E+00  0.0000000E+00 -0.9378730E+00
  0.0000000E+00  0.0000000E+00  0.0000000E+00  0.1565175E+01  0.0000000E+00
  0.0000000E+00  0.0000000E+00  0.2946500E-01  0.2332500E-01  0.2332500E-01
  0.0000000E+00  0.0000000E+00  0.0000000E+00
 -0.0000000E+00 -0.0000000E+00 -0.0000000E+00  0.0000000E+00 -0.1230910E+00
 -0.0000000E+00 -0.0000000E+00  0.0000000E+00 -0.1320230E+00 -0.0000000E+00
 -0.0000000E+00  0.0000000E+00 -0.4079380E+00 -0.0000000E+00 -0.0000000E+00
 -0.0000000E+00  0.1213792E+01 -0.0000000E+00 -0.0000000E+00 -0.0000000E+00
 -0.0000000E+00 -0.0000000E+00 -0.0000000E+00
  0.0000000E+00  0.0000000E+00  0.0000000E+00 -0.1230910E+00 -0.0000000E+00
  0.0000000E+00  0.0000000E+00 -0.1320230E+00 -0.0000000E+00  0.0000000E+00
  0.0000000E+00 -0.4079380E+00 -0.0000000E+00  0.0000000E+00  0.0000000E+00
  0.1213792E+01  0.0000000E+00  0.0000000E+00  0.0000000E+00  0.0000000E+00
  0.0000000E+00  0.0000000E+00  0.0000000E+00
 -0.0000000E+00 -0.0000000E+00 -0.1290420E+00 -0.0000000E+00 -0.0000000E+00
 -0.0000000E+00 -0.1326250E+00 -0.0000000E+00 -0.0000000E+00 -0.0000000E+00
 -0.4514090E+00 -0.0000000E+00 -0.0000000E+00 -0.0000000E+00  0.1227414E+01
 -0.0000000E+00 -0.0000000E+00 -0.0000000E+00 -0.0000000E+00 -0.0000000E+00
 -0.0000000E+00 -0.0000000E+00 -0.0000000E+00
 -0.0000000E+00 -0.0000000E+00 -0.0000000E+00 -0.0000000E+00 -0.2617460E+00
 -0.0000000E+00 -0.0000000E+00 -0.0000000E+00 -0.7942570E+00 -0.0000000E+00
 -0.0000000E+00  0.0000000E+00  0.1662951E+01 -0.0000000E+00 -0.0000000E+00
 -0.0000000E+00 -0.8335650E+00 -0.0000000E+00 -0.0000000E+00 -0.0000000E+00
 -0.0000000E+00 -0.0000000E+00 -0.0000000E+00
 -0.0000000E+00 -0.0000000E+00 -0.0000000E+00 -0.2617460E+00  0.0000000E+00
 -0.0000000E+00 -0.0000000E+00 -0.7942570E+00  0.0000000E+00 -0.0000000E+00
 -0.0000000E+00  0.1662951E+01 -0.0000000E+00 -0.0000000E+00 -0.0000000E+00
 -0.8335650E+00  0.0000000E+00 -0.0000000E+00 -0.0000000E+00 -0.0000000E+00
 -0.0000000E+00 -0.0000000E+00 -0.0000000E+00
  0.0000000E+00  0.0000000E+00 -0.2650080E+00  0.0000000E+00  0.0000000E+00
  0.0000000E+00 -0.8098490E+00  0.0000000E+00  0.0000000E+00  0.0000000E+00
  0.1651673E+01  0.0000000E+00  0.0000000E+00  0.0000000E+00 -0.8128620E+00
  0.0000000E+00  0.0000000E+00  0.0000000E+00  0.0000000E+00  0.0000000E+00
  0.0000000E+00  0.0000000E+00  0.0000000E+00
  0.1083160E+00  0.1463610E+00  0.0000000E+00  0.0000000E+00  0.0000000E+00
 -0.1467605E+01  0.0000000E+00  0.0000000E+00  0.0000000E+00  0.2715372E+01
  0.0000000E+00  0.0000000E+00  0.0000000E+00 -0.1214525E+01  0.0000000E+00
  0.0000000E+00  0.0000000E+00 -0.1890840E+00 -0.2010190E+00 -0.2010190E+00
  0.0000000E+00  0.0000000E+00  0.0000000E+00
  0.0000000E+00  0.0000000E+00 -0.0000000E+00 -0.0000000E+00 -0.0000000E+00
 -0.0000000E+00 -0.0000000E+00 -0.0000000E+00 -0.0000000E+00  0.0000000E+00
 -0.0000000E+00 -0.0000000E+00 -0.0000000E+00 -0.0000000E+00 -0.0000000E+00
 -0.0000000E+00 -0.0000000E+00 -0.0000000E+00 -0.8660250E+00  0.8660250E+00
 -0.0000000E+00 -0.0000000E+00  0.0000000E+00
 -0.0000000E+00 -0.0000000E+00 -0.0000000E+00 -0.0000000E+00 -0.0000000E+00
 -0.0000000E+00 -0.0000000E+00 -0.0000000E+00 -0.0000000E+00 -0.0000000E+00
 -0.0000000E+00 -0.0000000E+00 -0.0000000E+00 -0.0000000E+00 -0.0000000E+00
 -0.0000000E+00 -0.0000000E+00 -0.0000000E+00  0.0000000E+00 -0.0000000E+00
 -0.0000000E+00 -0.0000000E+00  0.1000000E+01
 -0.0000000E+00 -0.0000000E+00 -0.0000000E+00 -0.0000000E+00 -0.0000000E+00
 -0.0000000E+00 -0.0000000E+00 -0.0000000E+00 -0.0000000E+00 -0.0000000E+00
 -0.0000000E+00 -0.0000000E+00 -0.0000000E+00 -0.0000000E+00 -0.0000000E+00
 -0.0000000E+00 -0.0000000E+00 -0.0000000E+00 -0.0000000E+00 -0.0000000E+00
 -0.1000000E-05  0.1000000E+01 -0.0000000E+00
  0.0000000E+00  0.0000000E+00  0.0000000E+00  0.0000000E+00  0.0000000E+00
  0.0000000E+00  0.0000000E+00  0.0000000E+00  0.0000000E+00  0.0000000E+00
  0.0000000E+00  0.0000000E+00  0.0000000E+00  0.0000000E+00  0.0000000E+00
  0.0000000E+00  0.0000000E+00  0.0000000E+00  0.0000000E+00  0.0000000E+00
  0.1000000E+01  0.1000000E-05  0.0000000E+00
 -0.4077000E-02 -0.7859000E-02  0.0000000E+00  0.0000000E+00  0.0000000E+00
  0.3531300E-01  0.0000000E+00  0.0000000E+00  0.0000000E+00 -0.3569000E-02
  0.0000000E+00  0.0000000E+00  0.0000000E+00  0.8350000E-03  0.0000000E+00
  0.0000000E+00  0.0000000E+00  0.9939490E+00 -0.5057830E+00 -0.5057830E+00
  0.0000000E+00  0.0000000E+00  0.0000000E+00
  0.0000000E+00  0.0000000E+00  0.0000000E+00 -0.0000000E+00 -0.1268506E+01
  0.0000000E+00  0.0000000E+00  0.0000000E+00  0.1527143E+01  0.0000000E+00
  0.0000000E+00 -0.0000000E+00 -0.8646800E+00  0.0000000E+00  0.0000000E+00
  0.0000000E+00  0.3175640E+00  0.0000000E+00  0.0000000E+00  0.0000000E+00
  0.0000000E+00  0.0000000E+00  0.0000000E+00
 -0.0000000E+00 -0.0000000E+00 -0.0000000E+00 -0.1268506E+01  0.0000000E+00
 -0.0000000E+00 -0.0000000E+00  0.1527143E+01 -0.0000000E+00 -0.0000000E+00
 -0.0000000E+00 -0.8646800E+00  0.0000000E+00 -0.0000000E+00 -0.0000000E+00
  0.3175640E+00 -0.0000000E+00 -0.0000000E+00 -0.0000000E+00 -0.0000000E+00
 -0.0000000E+00 -0.0000000E+00 -0.0000000E+00
  0.0000000E+00  0.0000000E+00 -0.1269173E+01  0.0000000E+00  0.0000000E+00
  0.0000000E+00  0.1524704E+01  0.0000000E+00  0.0000000E+00  0.0000000E+00
 -0.8585600E+00  0.0000000E+00  0.0000000E+00  0.0000000E+00  0.3146180E+00
  0.0000000E+00  0.0000000E+00  0.0000000E+00  0.0000000E+00  0.0000000E+00
  0.0000000E+00  0.0000000E+00  0.0000000E+00
 -0.1901830E+00 -0.6791340E+00 -0.0000000E+00 -0.0000000E+00 -0.0000000E+00
  0.2553870E+01 -0.0000000E+00 -0.0000000E+00 -0.0000000E+00  0.1371519E+01
 -0.0000000E+00 -0.0000000E+00 -0.0000000E+00 -0.4688840E+00 -0.0000000E+00
 -0.0000000E+00 -0.0000000E+00 -0.1523640E+01 -0.1516419E+01 -0.1516419E+01
 -0.0000000E+00 -0.0000000E+00 -0.0000000E+00
 -0.2317654E+01  0.2697993E+01  0.0000000E+00  0.0000000E+00  0.0000000E+00
 -0.1092229E+01  0.0000000E+00  0.0000000E+00  0.0000000E+00 -0.3475570E+00
  0.0000000E+00  0.0000000E+00  0.0000000E+00  0.1227640E+00  0.0000000E+00
  0.0000000E+00  0.0000000E+00  0.5348220E+00  0.5349350E+00  0.5349350E+00
  0.0000000E+00  0.0000000E+00  0.0000000E+00
