 0.0018951501000000  
 0.0143859006000000  
 0.0707320031000000  
 0.2400010105000000  
 0.5947970261000000  
 0.2808020123000000  
 0.1138890124000000  
 0.9208111006000000  
-0.0032744704000000  
 0.0365113974000000  
 0.2371529830000000  
 0.8197019412000000  
 0.0365113974000000  
 0.2371529830000000  
 0.8197019412000000  
 0.0365113974000000  
 0.2371529830000000  
 0.8197019412000000  
 1.0000000000000000  
 1.0000000000000000  
 1.0000000000000000  
 1.0000000000000000  
 1.0000000000000000  
 1.0000000000000000  
 1.0000000000000000  
 1.0000000000000000  
 1.0000000000000000  
 1.0000000000000000  
 1.0000000000000000  
 1.0000000000000000  
 1.0000000000000000  
 1.0000000000000000  
 1.0000000000000000  
 1.0000000000000000  
 1.0000000000000000  
 1.0000000000000000  
