
 262700.0000000000000000  
 
 39350.0000000000000000  
 
 8955.0000000000000000  
 
 2538.0000000000000000  
 
 829.8999999999999773  
 
 301.5000000000000000  
 
 119.0000000000000000  
 
 50.0000000000000000  
 
 21.9800000000000004  
 
 9.8910000000000000  
 
 262700.0000000000000000  
 
 39350.0000000000000000  
 
 8955.0000000000000000  
 
 2538.0000000000000000  
 
 829.8999999999999773  
 
 301.5000000000000000  
 
 119.0000000000000000  
 
 50.0000000000000000  
 
 21.9800000000000004  
 
 9.8910000000000000  
 
 4.3270000000000000  
 
 1.8040000000000000  
 
 0.7288000000000000  
 
 0.2867000000000000  
 
 299.1000000000000227  
 
 70.7300000000000040  
 
 22.4800000000000004  
 
 8.2460000000000004  
 
 299.1000000000000227  
 
 70.7300000000000040  
 
 22.4800000000000004  
 
 8.2460000000000004  
 
 299.1000000000000227  
 
 70.7300000000000040  
 
 22.4800000000000004  
 
 8.2460000000000004  
 
 3.2690000000000001  
 
 3.2690000000000001  
 
 3.2690000000000001  
 
 1.3149999999999999  
 
 1.3149999999999999  
 
 1.3149999999999999  
 
 0.5158000000000000  
 
 0.5158000000000000  
 
 0.5158000000000000  
 
 0.1918000000000000  
 
 0.1918000000000000  
 
 0.1918000000000000  
 
 9.8369999999999997  
 
 9.8369999999999997  
 
 9.8369999999999997  
 
 9.8369999999999997  
 
 9.8369999999999997  
 
 9.8369999999999997  
 
 3.8439999999999999  
 
 3.8439999999999999  
 
 3.8439999999999999  
 
 3.8439999999999999  
 
 3.8439999999999999  
 
 3.8439999999999999  
 
 1.5020000000000000  
 
 1.5020000000000000  
 
 1.5020000000000000  
 
 1.5020000000000000  
 
 1.5020000000000000  
 
 1.5020000000000000  
 
 0.5870000000000000  
 
 0.5870000000000000  
 
 0.5870000000000000  
 
 0.5870000000000000  
 
 0.5870000000000000  
 
 0.5870000000000000  
 
 7.0899999999999999  
 
 7.0899999999999999  
 
 7.0899999999999999  
 
 7.0899999999999999  
 
 7.0899999999999999  
 
 7.0899999999999999  
 
 7.0899999999999999  
 
 7.0899999999999999  
 
 7.0899999999999999  
 
 7.0899999999999999  
 
 2.7380000000000000  
 
 2.7380000000000000  
 
 2.7380000000000000  
 
 2.7380000000000000  
 
 2.7380000000000000  
 
 2.7380000000000000  
 
 2.7380000000000000  
 
 2.7380000000000000  
 
 2.7380000000000000  
 
 2.7380000000000000  
 
 1.0569999999999999  
 
 1.0569999999999999  
 
 1.0569999999999999  
 
 1.0569999999999999  
 
 1.0569999999999999  
 
 1.0569999999999999  
 
 1.0569999999999999  
 
 1.0569999999999999  
 
 1.0569999999999999  
 
 1.0569999999999999  
 
 5.4600000000000000  
 
 5.4600000000000000  
 
 5.4600000000000000  
 
 5.4600000000000000  
 
 5.4600000000000000  
 
 5.4600000000000000  
 
 5.4600000000000000  
 
 5.4600000000000000  
 
 5.4600000000000000  
 
 5.4600000000000000  
 
 5.4600000000000000  
 
 5.4600000000000000  
 
 5.4600000000000000  
 
 5.4600000000000000  
 
 5.4600000000000000  
 
 1.8799999999999999  
 
 1.8799999999999999  
 
 1.8799999999999999  
 
 1.8799999999999999  
 
 1.8799999999999999  
 
 1.8799999999999999  
 
 1.8799999999999999  
 
 1.8799999999999999  
 
 1.8799999999999999  
 
 1.8799999999999999  
 
 1.8799999999999999  
 
 1.8799999999999999  
 
 1.8799999999999999  
 
 1.8799999999999999  
 
 1.8799999999999999  
 
 3.7759999999999998  
 
 3.7759999999999998  
 
 3.7759999999999998  
 
 3.7759999999999998  
 
 3.7759999999999998  
 
 3.7759999999999998  
 
 3.7759999999999998  
 
 3.7759999999999998  
 
 3.7759999999999998  
 
 3.7759999999999998  
 
 3.7759999999999998  
 
 3.7759999999999998  
 
 3.7759999999999998  
 
 3.7759999999999998  
 
 3.7759999999999998  
 
 3.7759999999999998  
 
 3.7759999999999998  
 
 3.7759999999999998  
 
 3.7759999999999998  
 
 3.7759999999999998  
 
 3.7759999999999998  
 