
 133465.7812151497055311  
 
 68331.5090707836934598  
 
 29525.7723939960014832  
 
 12286.7382392904000881  
 
 5095.3087582819998715  
 
 2085.8427700461998029  
 
 860.8005045940999480  
 
 354.7582519015999765  
 
 146.3330587593000018  
 
 60.1043232500000002  
 
 24.7876283201000014  
 
 10.2173199404999995  
 
 4.1898231398999997  
 
 1.7245636024000000  
 
 0.7146555837000000  
 
 0.2917740132000000  
 
 0.1202734166000000  
 
 0.0502509782000000  
 
 0.0215238821000000  
 
 0.0110145078000000  
 
 132.9984851355999922  
 
 132.9984851355999922  
 
 132.9984851355999922  
 
 76.2957921124999956  
 
 76.2957921124999956  
 
 76.2957921124999956  
 
 37.4071109441999994  
 
 37.4071109441999994  
 
 37.4071109441999994  
 
 17.6606998482000002  
 
 17.6606998482000002  
 
 17.6606998482000002  
 
 8.3047341200000009  
 
 8.3047341200000009  
 
 8.3047341200000009  
 
 3.9176438988000002  
 
 3.9176438988000002  
 
 3.9176438988000002  
 
 1.8383121761000001  
 
 1.8383121761000001  
 
 1.8383121761000001  
 
 0.8623489662000000  
 
 0.8623489662000000  
 
 0.8623489662000000  
 
 0.4047489483000000  
 
 0.4047489483000000  
 
 0.4047489483000000  
 
 0.1904410684000000  
 
 0.1904410684000000  
 
 0.1904410684000000  
 
 0.0900927075000000  
 
 0.0900927075000000  
 
 0.0900927075000000  
 
 0.0443455529000000  
 
 0.0443455529000000  
 
 0.0443455529000000  
 
 0.0252847645000000  
 
 0.0252847645000000  
 
 0.0252847645000000  
 
 1.9458755977000000  
 
 1.9458755977000000  
 
 1.9458755977000000  
 
 1.9458755977000000  
 
 1.9458755977000000  
 
 1.9458755977000000  
 
 1.2115674561000001  
 
 1.2115674561000001  
 
 1.2115674561000001  
 
 1.2115674561000001  
 
 1.2115674561000001  
 
 1.2115674561000001  
 
 0.6651451138000000  
 
 0.6651451138000000  
 
 0.6651451138000000  
 
 0.6651451138000000  
 
 0.6651451138000000  
 
 0.6651451138000000  
 
 0.3621674161000000  
 
 0.3621674161000000  
 
 0.3621674161000000  
 
 0.3621674161000000  
 
 0.3621674161000000  
 
 0.3621674161000000  
 
 0.2247199002000000  
 
 0.2247199002000000  
 
 0.2247199002000000  
 
 0.2247199002000000  
 
 0.2247199002000000  
 
 0.2247199002000000  
 
 0.9988763227000000  
 
 0.9988763227000000  
 
 0.9988763227000000  
 
 0.9988763227000000  
 
 0.9988763227000000  
 
 0.9988763227000000  
 
 0.9988763227000000  
 
 0.9988763227000000  
 
 0.9988763227000000  
 
 0.9988763227000000  
 
 7213.3178967036001268  
 
 3739.2158142381999824  
 
 1618.2918090815999221  
 
 680.2438023181000517  
 
 281.8634700388000169  
 
 117.0826444804999937  
 
 48.1277023979999967  
 
 19.9392841244999985  
 
 8.1927758612999995  
 
 3.3871337688000001  
 
 1.3867553485999999  
 
 0.5723411399000000  
 
 0.2352509287000000  
 
 0.0961183910000000  
 
 0.0398820878000000  
 
 0.0170781431000000  
 
 0.0087272730000000  
 
 3.2154329461000000  
 
 3.2154329461000000  
 
 3.2154329461000000  
 
 1.8806445836000001  
 
 1.8806445836000001  
 
 1.8806445836000001  
 
 0.9538166425000000  
 
 0.9538166425000000  
 
 0.9538166425000000  
 
 0.4797502316000000  
 
 0.4797502316000000  
 
 0.4797502316000000  
 
 0.2795288014000000  
 
 0.2795288014000000  
 
 0.2795288014000000  
 
 2.6926244266000001  
 
 2.6926244266000001  
 
 2.6926244266000001  
 
 2.6926244266000001  
 
 2.6926244266000001  
 
 2.6926244266000001  
 
 7213.3178967036001268  
 
 3739.2158142381999824  
 
 1618.2918090815999221  
 
 680.2438023181000517  
 
 281.8634700388000169  
 
 117.0826444804999937  
 
 48.1277023979999967  
 
 19.9392841244999985  
 
 8.1927758612999995  
 
 3.3871337688000001  
 
 1.3867553485999999  
 
 0.5723411399000000  
 
 0.2352509287000000  
 
 0.0961183910000000  
 
 0.0398820878000000  
 
 0.0170781431000000  
 
 0.0087272730000000  
 
 3.2154329461000000  
 
 3.2154329461000000  
 
 3.2154329461000000  
 
 1.8806445836000001  
 
 1.8806445836000001  
 
 1.8806445836000001  
 
 0.9538166425000000  
 
 0.9538166425000000  
 
 0.9538166425000000  
 
 0.4797502316000000  
 
 0.4797502316000000  
 
 0.4797502316000000  
 
 0.2795288014000000  
 
 0.2795288014000000  
 
 0.2795288014000000  
 
 2.6926244266000001  
 
 2.6926244266000001  
 
 2.6926244266000001  
 
 2.6926244266000001  
 
 2.6926244266000001  
 
 2.6926244266000001  
 
 7213.3178967036001268  
 
 3739.2158142381999824  
 
 1618.2918090815999221  
 
 680.2438023181000517  
 
 281.8634700388000169  
 
 117.0826444804999937  
 
 48.1277023979999967  
 
 19.9392841244999985  
 
 8.1927758612999995  
 
 3.3871337688000001  
 
 1.3867553485999999  
 
 0.5723411399000000  
 
 0.2352509287000000  
 
 0.0961183910000000  
 
 0.0398820878000000  
 
 0.0170781431000000  
 
 0.0087272730000000  
 
 3.2154329461000000  
 
 3.2154329461000000  
 
 3.2154329461000000  
 
 1.8806445836000001  
 
 1.8806445836000001  
 
 1.8806445836000001  
 
 0.9538166425000000  
 
 0.9538166425000000  
 
 0.9538166425000000  
 
 0.4797502316000000  
 
 0.4797502316000000  
 
 0.4797502316000000  
 
 0.2795288014000000  
 
 0.2795288014000000  
 
 0.2795288014000000  
 
 2.6926244266000001  
 
 2.6926244266000001  
 
 2.6926244266000001  
 
 2.6926244266000001  
 
 2.6926244266000001  
 
 2.6926244266000001  
 
 7213.3178967036001268  
 
 3739.2158142381999824  
 
 1618.2918090815999221  
 
 680.2438023181000517  
 
 281.8634700388000169  
 
 117.0826444804999937  
 
 48.1277023979999967  
 
 19.9392841244999985  
 
 8.1927758612999995  
 
 3.3871337688000001  
 
 1.3867553485999999  
 
 0.5723411399000000  
 
 0.2352509287000000  
 
 0.0961183910000000  
 
 0.0398820878000000  
 
 0.0170781431000000  
 
 0.0087272730000000  
 
 3.2154329461000000  
 
 3.2154329461000000  
 
 3.2154329461000000  
 
 1.8806445836000001  
 
 1.8806445836000001  
 
 1.8806445836000001  
 
 0.9538166425000000  
 
 0.9538166425000000  
 
 0.9538166425000000  
 
 0.4797502316000000  
 
 0.4797502316000000  
 
 0.4797502316000000  
 
 0.2795288014000000  
 
 0.2795288014000000  
 
 0.2795288014000000  
 
 2.6926244266000001  
 
 2.6926244266000001  
 
 2.6926244266000001  
 
 2.6926244266000001  
 
 2.6926244266000001  
 
 2.6926244266000001  
 