 5.85376933E-06  8.54918015E-07  2.53134680E-05  6.18312225E-05  2.23795223E-04
 6.89802261E-04  2.27695680E-03  6.92634726E-03  2.34113471E-02  6.30874217E-02
 1.49569334E-01  2.28991944E-01  1.36695451E-01  2.77495249E-03  3.43261875E-03
-1.30589984E-03  0.00000000E+00  0.00000000E+00  9.23409673E-03  0.00000000E+00
 0.00000000E+00  2.08934370E-02  2.90348039E-04  2.90348039E-04  1.85330319E-03
 0.00000000E+00  0.00000000E+00  0.00000000E+00  5.85376933E-06  8.54918020E-07
 2.53134680E-05  6.18312225E-05  2.23795222E-04  6.89802261E-04  2.27695680E-03
 6.92634726E-03  2.34113471E-02  6.30874217E-02  1.49569334E-01  2.28991944E-01
 1.36695451E-01  2.77495249E-03  3.43261874E-03 -1.30589982E-03  0.00000000E+00
 0.00000000E+00 -9.23409673E-03  0.00000000E+00  0.00000000E+00 -2.08934370E-02
 2.90348040E-04  2.90348040E-04  1.85330319E-03  0.00000000E+00  0.00000000E+00
 0.00000000E+00 
-4.35030234E-08 -1.05126432E-06  1.39399014E-06 -1.06345706E-05  8.70452221E-06
-9.69733229E-05  7.68795632E-05 -1.20880377E-03  6.90511928E-03 -1.31079899E-02
-2.81343690E-02  3.26634979E-02 -1.35383636E-01  2.73152372E-01 -8.28735513E-01
 1.06521703E+00  0.00000000E+00  0.00000000E+00 -2.28731509E-04  0.00000000E+00
 0.00000000E+00 -2.87993777E-03  4.57498030E-03  4.57498030E-03  4.41059493E-03
 0.00000000E+00  0.00000000E+00  0.00000000E+00 -4.35030230E-08 -1.05126432E-06
 1.39399015E-06 -1.06345706E-05  8.70452223E-06 -9.69733229E-05  7.68795632E-05
-1.20880377E-03  6.90511929E-03 -1.31079899E-02 -2.81343690E-02  3.26634979E-02
-1.35383637E-01  2.73152372E-01 -8.28735515E-01  1.06521703E+00  0.00000000E+00
 0.00000000E+00  2.28731509E-04  0.00000000E+00  0.00000000E+00  2.87993777E-03
 4.57498030E-03  4.57498030E-03  4.41059493E-03  0.00000000E+00  0.00000000E+00
 0.00000000E+00 
 3.24138887E-07 -8.23655024E-07  2.72034599E-06 -5.05564787E-06  2.10238228E-05
-3.81939110E-05  2.03338803E-04 -5.64923864E-04  7.06166991E-03 -6.81167057E-03
-1.43921352E-02  7.19284564E-02 -1.97979170E-01  9.93469364E-01 -4.56618374E+00
 1.18944419E+01 -0.00000000E+00 -0.00000000E+00 -6.29994304E-04 -0.00000000E+00
-0.00000000E+00  3.33274130E-03  3.77244035E-03  3.77244035E-03  3.75719904E-03
-0.00000000E+00 -0.00000000E+00 -0.00000000E+00 -3.24138888E-07  8.23655027E-07
-2.72034599E-06  5.05564787E-06 -2.10238228E-05  3.81939109E-05 -2.03338803E-04
 5.64923863E-04 -7.06166991E-03  6.81167057E-03  1.43921352E-02 -7.19284564E-02
 1.97979170E-01 -9.93469364E-01  4.56618374E+00 -1.18944419E+01 -0.00000000E+00
-0.00000000E+00 -6.29994304E-04 -0.00000000E+00 -0.00000000E+00  3.33274129E-03
-3.77244035E-03 -3.77244035E-03 -3.75719904E-03 -0.00000000E+00 -0.00000000E+00
-0.00000000E+00 
-1.57526906E-06  2.93718039E-06 -1.16078160E-05  1.41992236E-05 -9.16697213E-05
 9.24821321E-05 -8.98309044E-04  1.62316794E-03 -2.77594779E-02  2.03438265E-02
 3.80867539E-02 -1.82541210E-01  3.01500834E-01 -1.10138375E+00  2.34263100E+00
-1.30309270E+00 -0.00000000E+00 -0.00000000E+00 -2.42502863E-03 -0.00000000E+00
-0.00000000E+00 -2.49945642E-03 -1.38357108E-02 -1.38357108E-02 -1.39220336E-02
-0.00000000E+00 -0.00000000E+00 -0.00000000E+00 -1.57526906E-06  2.93718039E-06
-1.16078160E-05  1.41992236E-05 -9.16697213E-05  9.24821323E-05 -8.98309044E-04
 1.62316794E-03 -2.77594779E-02  2.03438265E-02  3.80867539E-02 -1.82541210E-01
 3.01500835E-01 -1.10138376E+00  2.34263101E+00 -1.30309271E+00 -0.00000000E+00
-0.00000000E+00  2.42502863E-03 -0.00000000E+00 -0.00000000E+00  2.49945644E-03
-1.38357108E-02 -1.38357108E-02 -1.39220337E-02 -0.00000000E+00 -0.00000000E+00
-0.00000000E+00 
-1.01210808E-07  1.99359785E-06 -3.47829668E-06  1.84842698E-05 -2.37714030E-05
 1.64302012E-04 -2.17476757E-04  2.07511709E-03 -1.38149565E-02  2.28362209E-02
 5.02081466E-02 -1.44516228E-01  6.23388578E-01 -2.39236165E+00  1.33918123E+01
-1.20332776E+01 -0.00000000E+00 -0.00000000E+00 -3.42321972E-04 -0.00000000E+00
-0.00000000E+00 -2.18667286E-02 -8.66577031E-03 -8.66577031E-03 -8.81156902E-03
-0.00000000E+00 -0.00000000E+00 -0.00000000E+00  1.01210807E-07 -1.99359785E-06
 3.47829667E-06 -1.84842698E-05  2.37714029E-05 -1.64302011E-04  2.17476757E-04
-2.07511709E-03  1.38149565E-02 -2.28362209E-02 -5.02081466E-02  1.44516227E-01
-6.23388578E-01  2.39236164E+00 -1.33918123E+01  1.20332776E+01 -0.00000000E+00
-0.00000000E+00 -3.42321971E-04 -0.00000000E+00 -0.00000000E+00 -2.18667286E-02
 8.66577030E-03  8.66577030E-03  8.81156901E-03 -0.00000000E+00 -0.00000000E+00
-0.00000000E+00 
-2.42640129E-06  4.52986736E-06 -1.78872289E-05  2.19182244E-05 -1.41167374E-04
 1.42241691E-04 -1.37673152E-03  2.43033795E-03 -4.18822728E-02  3.09623685E-02
 6.60006260E-02 -4.56542328E-01  1.11870195E+00 -8.18877579E+00  1.38924366E+01
-8.51343885E+00  0.00000000E+00  0.00000000E+00  5.14993180E-03  0.00000000E+00
 0.00000000E+00 -8.35501926E-03 -2.11722613E-02 -2.11722613E-02 -2.09063076E-02
 0.00000000E+00  0.00000000E+00  0.00000000E+00  2.42640129E-06 -4.52986736E-06
 1.78872289E-05 -2.19182244E-05  1.41167374E-04 -1.42241691E-04  1.37673152E-03
-2.43033795E-03  4.18822728E-02 -3.09623685E-02 -6.60006260E-02  4.56542328E-01
-1.11870195E+00  8.18877579E+00 -1.38924366E+01  8.51343885E+00  0.00000000E+00
 0.00000000E+00  5.14993180E-03  0.00000000E+00  0.00000000E+00 -8.35501925E-03
 2.11722612E-02  2.11722612E-02  2.09063076E-02  0.00000000E+00  0.00000000E+00
 0.00000000E+00 
 8.05308295E-07 -9.41147201E-06  1.79104335E-05 -8.42828855E-05  1.25319428E-04
-7.42415916E-04  1.16683103E-03 -9.57708643E-03  6.75590288E-02 -1.05403090E-01
-2.31278830E-01  3.85439473E-01 -1.46552121E+00  2.89026289E+00 -2.46074011E+00
 9.29471704E-01  0.00000000E+00  0.00000000E+00 -1.12512169E-04  0.00000000E+00
 0.00000000E+00 -2.15518014E-02  4.16722780E-02  4.16722780E-02  4.05577233E-02
 0.00000000E+00  0.00000000E+00  0.00000000E+00  8.05308295E-07 -9.41147201E-06
 1.79104335E-05 -8.42828855E-05  1.25319428E-04 -7.42415916E-04  1.16683103E-03
-9.57708643E-03  6.75590288E-02 -1.05403090E-01 -2.31278830E-01  3.85439473E-01
-1.46552121E+00  2.89026289E+00 -2.46074012E+00  9.29471705E-01  0.00000000E+00
 0.00000000E+00  1.12512169E-04  0.00000000E+00  0.00000000E+00  2.15518014E-02
 4.16722780E-02  4.16722780E-02  4.05577233E-02  0.00000000E+00  0.00000000E+00
 0.00000000E+00 
-6.72684108E-07  1.21229541E-05 -2.14108449E-05  1.11878988E-04 -1.46757920E-04
 9.92966766E-04 -1.33966755E-03  1.25414930E-02 -8.37561321E-02  1.37200403E-01
 3.21590261E-01 -9.30681341E-01  5.12259404E+00 -9.89510275E+00  1.03520297E+01
-5.56066019E+00 -0.00000000E+00 -0.00000000E+00 -1.71963418E-03 -0.00000000E+00
-0.00000000E+00 -1.21751412E-01 -5.26487824E-02 -5.26487824E-02 -5.34018299E-02
-0.00000000E+00 -0.00000000E+00 -0.00000000E+00  6.72684109E-07 -1.21229541E-05
 2.14108449E-05 -1.11878988E-04  1.46757920E-04 -9.92966766E-04  1.33966755E-03
-1.25414930E-02  8.37561321E-02 -1.37200403E-01 -3.21590261E-01  9.30681341E-01
-5.12259404E+00  9.89510275E+00 -1.03520297E+01  5.56066019E+00 -0.00000000E+00
-0.00000000E+00 -1.71963418E-03 -0.00000000E+00 -0.00000000E+00 -1.21751412E-01
 5.26487824E-02  5.26487824E-02  5.34018299E-02 -0.00000000E+00 -0.00000000E+00
-0.00000000E+00 
-1.12682286E-05  3.00533972E-05 -9.67262236E-05  1.89612471E-04 -7.45396574E-04
 1.45424568E-03 -7.22667538E-03  2.14373373E-02 -2.58573101E-01  2.43953885E-01
 5.49778278E-01 -2.04222655E+00  3.31410600E+00 -2.72386733E+00  1.57307107E+00
-5.33264504E-01  0.00000000E+00  0.00000000E+00 -1.74068922E-02  0.00000000E+00
 0.00000000E+00 -4.73861243E-03 -1.37945112E-01 -1.37945112E-01 -1.38006621E-01
 0.00000000E+00  0.00000000E+00  0.00000000E+00 -1.12682286E-05  3.00533972E-05
-9.67262236E-05  1.89612471E-04 -7.45396574E-04  1.45424568E-03 -7.22667538E-03
 2.14373373E-02 -2.58573101E-01  2.43953885E-01  5.49778278E-01 -2.04222655E+00
 3.31410600E+00 -2.72386733E+00  1.57307107E+00 -5.33264504E-01  0.00000000E+00
 0.00000000E+00  1.74068922E-02  0.00000000E+00  0.00000000E+00  4.73861245E-03
-1.37945112E-01 -1.37945112E-01 -1.38006621E-01  0.00000000E+00  0.00000000E+00
 0.00000000E+00 
 1.30905014E-05 -3.24523887E-05  1.08637067E-04 -1.96253607E-04  8.41047145E-04
-1.46820754E-03  8.13218484E-03 -2.16701225E-02  2.79128853E-01 -2.49170434E-01
-6.15253370E-01  4.14422283E+00 -7.07783439E+00  7.56897203E+00 -6.60286776E+00
 3.45400191E+00  0.00000000E+00  0.00000000E+00 -2.40133120E-02  1.93835980E-11
 3.10242310E-11  2.42222594E-01  1.48951283E-01  1.48951283E-01  1.48191810E-01
 0.00000000E+00  0.00000000E+00  0.00000000E+00 -1.30905014E-05  3.24523887E-05
-1.08637067E-04  1.96253607E-04 -8.41047145E-04  1.46820754E-03 -8.13218484E-03
 2.16701225E-02 -2.79128853E-01  2.49170434E-01  6.15253370E-01 -4.14422283E+00
 7.07783439E+00 -7.56897203E+00  6.60286776E+00 -3.45400191E+00  0.00000000E+00
 0.00000000E+00 -2.40133120E-02  1.95394473E-11  3.09118765E-11  2.42222594E-01
-1.48951283E-01 -1.48951283E-01 -1.48191810E-01  0.00000000E+00  0.00000000E+00
 0.00000000E+00 
 0.00000000E+00  0.00000000E+00  0.00000000E+00  0.00000000E+00  0.00000000E+00
 0.00000000E+00  0.00000000E+00  0.00000000E+00  0.00000000E+00  0.00000000E+00
 0.00000000E+00 -3.37322836E-11  5.66885335E-11 -5.94540989E-11  5.07460912E-11
-2.76690625E-11 -3.67155275E-02  1.72388385E-02  0.00000000E+00  5.16495995E-01
-2.42507508E-01  0.00000000E+00  0.00000000E+00  0.00000000E+00  0.00000000E+00
 0.00000000E+00 -1.86152771E-03  8.74032809E-04  0.00000000E+00  0.00000000E+00
 0.00000000E+00  0.00000000E+00  0.00000000E+00  0.00000000E+00  0.00000000E+00
 0.00000000E+00  0.00000000E+00  0.00000000E+00  0.00000000E+00  3.33981548E-11
-5.69437331E-11  6.02476827E-11 -5.15676549E-11  2.81518457E-11 -3.67155275E-02
 1.72388385E-02  0.00000000E+00  5.16495995E-01 -2.42507508E-01  0.00000000E+00
 0.00000000E+00  0.00000000E+00  0.00000000E+00  0.00000000E+00  1.86152771E-03
-8.74032809E-04 
 0.00000000E+00  0.00000000E+00  0.00000000E+00  0.00000000E+00  0.00000000E+00
 0.00000000E+00  0.00000000E+00  0.00000000E+00 -1.76759478E-11  1.55786947E-11
 3.77052582E-11 -2.61787550E-10  4.46183546E-10 -4.77311524E-10  4.16839853E-10
-2.18322481E-10 -1.72388385E-02 -3.67155275E-02  0.00000000E+00  2.42507508E-01
 5.16495995E-01 -1.39994036E-11  0.00000000E+00  0.00000000E+00  0.00000000E+00
 0.00000000E+00 -8.74032809E-04 -1.86152771E-03  0.00000000E+00  0.00000000E+00
 0.00000000E+00  0.00000000E+00  0.00000000E+00  0.00000000E+00  0.00000000E+00
 0.00000000E+00  1.77010265E-11 -1.57863207E-11 -4.12794147E-11  2.66401827E-10
-4.51941357E-10  4.81255305E-10 -4.18697367E-10  2.20142001E-10 -1.72388385E-02
-3.67155275E-02  0.00000000E+00  2.42507508E-01  5.16495995E-01 -1.67243349E-11
 0.00000000E+00  0.00000000E+00  0.00000000E+00  0.00000000E+00  8.74032809E-04
 1.86152771E-03 
 1.49137882E-07  2.34572785E-06 -2.87753032E-06  2.42512505E-05 -1.76653597E-05
 2.25420722E-04 -1.76316241E-04  3.14167181E-03 -2.49953632E-02  2.02527978E-02
 4.80414991E-02 -9.92356426E-01  1.04696987E+00 -5.75562297E-01  2.90978669E-01
-9.59283366E-02  0.00000000E+00  0.00000000E+00 -6.56681713E-02  0.00000000E+00
 0.00000000E+00  9.39186404E-01 -2.42759642E-02 -2.42759642E-02 -9.15543738E-03
 0.00000000E+00  0.00000000E+00  0.00000000E+00  1.49137880E-07  2.34572785E-06
-2.87753034E-06  2.42512505E-05 -1.76653598E-05  2.25420722E-04 -1.76316241E-04
 3.14167181E-03 -2.49953632E-02  2.02527978E-02  4.80414991E-02 -9.92356425E-01
 1.04696987E+00 -5.75562297E-01  2.90978669E-01 -9.59283365E-02  0.00000000E+00
 0.00000000E+00  6.56681713E-02  0.00000000E+00  0.00000000E+00 -9.39186404E-01
-2.42759642E-02 -2.42759642E-02 -9.15543738E-03  0.00000000E+00  0.00000000E+00
 0.00000000E+00 
 0.00000000E+00  0.00000000E+00  0.00000000E+00  0.00000000E+00  0.00000000E+00
 0.00000000E+00  0.00000000E+00  0.00000000E+00  0.00000000E+00  0.00000000E+00
 0.00000000E+00  0.00000000E+00  0.00000000E+00  0.00000000E+00  0.00000000E+00
 0.00000000E+00  3.73247488E-02  4.73979087E-02  0.00000000E+00 -7.62008747E-01
-9.67658785E-01  0.00000000E+00  0.00000000E+00  0.00000000E+00  0.00000000E+00
 0.00000000E+00 -5.04768207E-03 -6.40994465E-03  0.00000000E+00  0.00000000E+00
 0.00000000E+00  0.00000000E+00  0.00000000E+00  0.00000000E+00  0.00000000E+00
 0.00000000E+00  0.00000000E+00  0.00000000E+00  0.00000000E+00  0.00000000E+00
 0.00000000E+00  0.00000000E+00  0.00000000E+00  0.00000000E+00 -3.73247488E-02
-4.73979087E-02  0.00000000E+00  7.62008747E-01  9.67658785E-01  0.00000000E+00
 0.00000000E+00  0.00000000E+00  0.00000000E+00  0.00000000E+00 -5.04768207E-03
-6.40994465E-03 
 0.00000000E+00  0.00000000E+00  0.00000000E+00  0.00000000E+00  0.00000000E+00
 0.00000000E+00  0.00000000E+00  0.00000000E+00  0.00000000E+00  0.00000000E+00
 0.00000000E+00  0.00000000E+00  0.00000000E+00  0.00000000E+00  0.00000000E+00
 0.00000000E+00  4.73979087E-02 -3.73247488E-02  0.00000000E+00 -9.67658785E-01
 7.62008747E-01  0.00000000E+00  0.00000000E+00  0.00000000E+00  0.00000000E+00
 0.00000000E+00 -6.40994465E-03  5.04768207E-03  0.00000000E+00  0.00000000E+00
 0.00000000E+00  0.00000000E+00  0.00000000E+00  0.00000000E+00  0.00000000E+00
 0.00000000E+00  0.00000000E+00  0.00000000E+00  0.00000000E+00  0.00000000E+00
 0.00000000E+00  0.00000000E+00  0.00000000E+00  0.00000000E+00 -4.73979087E-02
 3.73247488E-02  0.00000000E+00  9.67658785E-01 -7.62008747E-01  0.00000000E+00
 0.00000000E+00  0.00000000E+00  0.00000000E+00  0.00000000E+00 -6.40994465E-03
 5.04768207E-03 
 2.16455532E-05 -1.03142323E-04  2.54566407E-04 -8.06543175E-04  1.88183208E-03
-6.78581220E-03  1.78619161E-02 -9.12174726E-02  7.96904462E-01 -9.93865252E-01
-2.81697386E+00  3.66824544E+00 -2.68757323E+00  1.57729002E+00 -8.34391217E-01
 2.81174535E-01  0.00000000E+00  0.00000000E+00 -1.35616736E-02  0.00000000E+00
 0.00000000E+00  2.24333351E-01  4.62742792E-01  4.62742792E-01  4.60639342E-01
 0.00000000E+00  0.00000000E+00  0.00000000E+00  2.16455532E-05 -1.03142323E-04
 2.54566407E-04 -8.06543175E-04  1.88183208E-03 -6.78581220E-03  1.78619161E-02
-9.12174726E-02  7.96904462E-01 -9.93865252E-01 -2.81697386E+00  3.66824544E+00
-2.68757323E+00  1.57729002E+00 -8.34391217E-01  2.81174535E-01  0.00000000E+00
 0.00000000E+00  1.35616736E-02  0.00000000E+00  0.00000000E+00 -2.24333351E-01
 4.62742792E-01  4.62742792E-01  4.60639342E-01  0.00000000E+00  0.00000000E+00
 0.00000000E+00 
-4.73420752E-06  3.36450279E-05 -7.24597350E-05  2.84370794E-04 -5.21188526E-04
 2.45850655E-03 -4.86392168E-03  3.21383112E-02 -2.50831132E-01  3.75630528E-01
 8.64009845E-01 -1.02757752E+01  5.05265362E+00 -3.84146112E+00  3.10252105E+00
-1.61081271E+00 -0.00000000E+00 -0.00000000E+00  4.93374209E-02 -0.00000000E+00
-0.00000000E+00 -3.62367431E+00 -1.41877821E-01 -1.41877821E-01 -1.76314931E-01
-0.00000000E+00 -0.00000000E+00 -0.00000000E+00  4.73420752E-06 -3.36450279E-05
 7.24597351E-05 -2.84370794E-04  5.21188526E-04 -2.45850655E-03  4.86392168E-03
-3.21383112E-02  2.50831132E-01 -3.75630528E-01 -8.64009845E-01  1.02757752E+01
-5.05265362E+00  3.84146112E+00 -3.10252105E+00  1.61081271E+00 -0.00000000E+00
-0.00000000E+00  4.93374209E-02 -0.00000000E+00 -0.00000000E+00 -3.62367431E+00
 1.41877821E-01  1.41877821E-01  1.76314931E-01 -0.00000000E+00 -0.00000000E+00
-0.00000000E+00 
-2.03310919E-05  1.01057394E-04 -2.45415452E-04  7.98110575E-04 -1.80718485E-03
 6.72720368E-03 -1.69878950E-02  8.87854551E-02 -7.61473976E-01  9.25161202E-01
 3.22674681E+00  1.17669389E+00  2.73958501E+00 -2.78310536E+00  2.44828707E+00
-1.30715882E+00 -0.00000000E+00 -0.00000000E+00 -9.71764878E-03 -0.00000000E+00
-0.00000000E+00  2.70253143E+00 -4.62913775E-01 -4.62913775E-01 -4.31010749E-01
-0.00000000E+00 -0.00000000E+00 -0.00000000E+00  2.03310919E-05 -1.01057394E-04
 2.45415452E-04 -7.98110575E-04  1.80718485E-03 -6.72720368E-03  1.69878950E-02
-8.87854551E-02  7.61473976E-01 -9.25161202E-01 -3.22674681E+00 -1.17669389E+00
-2.73958501E+00  2.78310536E+00 -2.44828707E+00  1.30715882E+00 -0.00000000E+00
-0.00000000E+00 -9.71764878E-03 -0.00000000E+00 -0.00000000E+00  2.70253143E+00
 4.62913775E-01  4.62913775E-01  4.31010749E-01 -0.00000000E+00 -0.00000000E+00
-0.00000000E+00 
-5.22109690E-05  1.77239133E-04 -5.05838412E-04  1.24925337E-03 -3.83735422E-03
 1.00993890E-02 -3.71108759E-02  1.42373684E-01 -1.52419953E+00  1.29758660E+00
 2.83935980E+00 -2.32472776E+00  1.39858155E+00 -7.42799227E-01  3.87129312E-01
-1.30838506E-01  0.00000000E+00  0.00000000E+00 -6.15000848E-01  0.00000000E+00
 0.00000000E+00  4.05016997E-01 -8.87906462E-01 -8.87906462E-01 -8.53163833E-01
 0.00000000E+00  0.00000000E+00  0.00000000E+00 -5.22109690E-05  1.77239133E-04
-5.05838412E-04  1.24925337E-03 -3.83735422E-03  1.00993890E-02 -3.71108759E-02
 1.42373684E-01 -1.52419953E+00  1.29758660E+00  2.83935980E+00 -2.32472776E+00
 1.39858155E+00 -7.42799227E-01  3.87129312E-01 -1.30838506E-01  0.00000000E+00
 0.00000000E+00  6.15000848E-01  0.00000000E+00  0.00000000E+00 -4.05016997E-01
-8.87906462E-01 -8.87906462E-01 -8.53163833E-01  0.00000000E+00  0.00000000E+00
 0.00000000E+00 
-0.00000000E+00 -0.00000000E+00 -0.00000000E+00 -0.00000000E+00 -0.00000000E+00
-0.00000000E+00 -0.00000000E+00 -0.00000000E+00 -0.00000000E+00 -0.00000000E+00
 1.24706528E-11 -0.00000000E+00 -0.00000000E+00 -0.00000000E+00 -0.00000000E+00
-0.00000000E+00  6.37335638E-01 -4.68954324E-01 -0.00000000E+00 -2.91200782E-01
 2.14266797E-01 -0.00000000E+00 -0.00000000E+00 -0.00000000E+00 -0.00000000E+00
-0.00000000E+00  5.80808405E-02 -4.27361341E-02 -0.00000000E+00 -0.00000000E+00
-0.00000000E+00 -0.00000000E+00 -0.00000000E+00 -0.00000000E+00 -0.00000000E+00
-0.00000000E+00 -0.00000000E+00 -0.00000000E+00 -1.83953354E-11  1.35199720E-11
-1.13293976E-11 -0.00000000E+00 -0.00000000E+00 -0.00000000E+00  6.37335638E-01
-4.68954324E-01 -0.00000000E+00 -2.91200782E-01  2.14266797E-01 -0.00000000E+00
-0.00000000E+00 -0.00000000E+00 -0.00000000E+00 -0.00000000E+00 -5.80808405E-02
 4.27361341E-02 
 0.00000000E+00  0.00000000E+00  0.00000000E+00  0.00000000E+00  0.00000000E+00
 0.00000000E+00  0.00000000E+00  0.00000000E+00  0.00000000E+00  0.00000000E+00
 0.00000000E+00  0.00000000E+00  0.00000000E+00  0.00000000E+00  0.00000000E+00
 0.00000000E+00  4.68954324E-01  6.37335638E-01  0.00000000E+00 -2.14266797E-01
-2.91200782E-01  0.00000000E+00  0.00000000E+00  0.00000000E+00  0.00000000E+00
 0.00000000E+00  4.27361341E-02  5.80808405E-02  0.00000000E+00  0.00000000E+00
 0.00000000E+00  0.00000000E+00  0.00000000E+00  0.00000000E+00  0.00000000E+00
 0.00000000E+00  0.00000000E+00  0.00000000E+00  1.03309838E-11  0.00000000E+00
 0.00000000E+00  0.00000000E+00  0.00000000E+00  0.00000000E+00  4.68954324E-01
 6.37335638E-01  0.00000000E+00 -2.14266797E-01 -2.91200782E-01  0.00000000E+00
 0.00000000E+00  0.00000000E+00  0.00000000E+00  0.00000000E+00 -4.27361341E-02
-5.80808405E-02 
-8.76888668E-05  2.85703087E-04 -8.31391301E-04  1.98094877E-03 -6.32202856E-03
 1.58583567E-02 -6.08790314E-02  2.20323201E-01 -2.40864216E+00  2.10271096E+00
 4.75379994E+00 -3.41993922E+00  3.11031608E+00 -2.62745946E+00  2.24294974E+00
-1.19483066E+00  0.00000000E+00  0.00000000E+00  7.91266000E-02  0.00000000E+00
 0.00000000E+00  3.80257883E-01 -1.38174914E+00 -1.38174914E+00 -1.34902979E+00
 0.00000000E+00  0.00000000E+00  0.00000000E+00  8.76888668E-05 -2.85703087E-04
 8.31391301E-04 -1.98094877E-03  6.32202856E-03 -1.58583567E-02  6.08790314E-02
-2.20323200E-01  2.40864216E+00 -2.10271096E+00 -4.75379994E+00  3.41993922E+00
-3.11031608E+00  2.62745946E+00 -2.24294974E+00  1.19483066E+00  0.00000000E+00
 0.00000000E+00  7.91266000E-02  0.00000000E+00  0.00000000E+00  3.80257883E-01
 1.38174914E+00  1.38174914E+00  1.34902979E+00  0.00000000E+00  0.00000000E+00
 0.00000000E+00 
-7.67363953E-05  2.53879008E-04 -7.33449335E-04  1.77161424E-03 -5.57480966E-03
 1.42526564E-02 -5.39226973E-02  2.00276376E-01 -2.14563558E+00  2.02612099E+00
 3.14067974E+00 -1.99230538E+00  1.04970761E+00 -5.81701767E-01  3.09540082E-01
-1.05448212E-01 -0.00000000E+00 -0.00000000E+00  4.32256565E-01 -0.00000000E+00
-0.00000000E+00 -3.40983288E-01 -1.17939018E+00 -1.17939018E+00 -1.23452508E+00
-0.00000000E+00 -0.00000000E+00 -0.00000000E+00 -7.67363953E-05  2.53879008E-04
-7.33449335E-04  1.77161424E-03 -5.57480966E-03  1.42526564E-02 -5.39226973E-02
 2.00276376E-01 -2.14563558E+00  2.02612099E+00  3.14067974E+00 -1.99230538E+00
 1.04970761E+00 -5.81701767E-01  3.09540082E-01 -1.05448212E-01 -0.00000000E+00
-0.00000000E+00 -4.32256565E-01 -0.00000000E+00 -0.00000000E+00  3.40983288E-01
-1.17939018E+00 -1.17939018E+00 -1.23452508E+00 -0.00000000E+00 -0.00000000E+00
-0.00000000E+00 
 0.00000000E+00  0.00000000E+00  0.00000000E+00  0.00000000E+00  0.00000000E+00
 0.00000000E+00  0.00000000E+00  0.00000000E+00  0.00000000E+00  0.00000000E+00
 0.00000000E+00  0.00000000E+00  0.00000000E+00  0.00000000E+00  0.00000000E+00
 0.00000000E+00 -5.41319731E-01 -6.73071594E-01  0.00000000E+00  3.81489890E-01
 4.74340752E-01  0.00000000E+00  0.00000000E+00  0.00000000E+00  0.00000000E+00
 0.00000000E+00  4.87882290E-02  6.06628009E-02  0.00000000E+00  0.00000000E+00
 0.00000000E+00  0.00000000E+00  0.00000000E+00  0.00000000E+00  0.00000000E+00
 0.00000000E+00  0.00000000E+00  0.00000000E+00  0.00000000E+00  0.00000000E+00
 0.00000000E+00  0.00000000E+00  0.00000000E+00  0.00000000E+00  5.41319731E-01
 6.73071594E-01  0.00000000E+00 -3.81489890E-01 -4.74340752E-01  0.00000000E+00
 0.00000000E+00  0.00000000E+00  0.00000000E+00  0.00000000E+00  4.87882290E-02
 6.06628009E-02 
 0.00000000E+00  0.00000000E+00  0.00000000E+00  0.00000000E+00  0.00000000E+00
 0.00000000E+00  0.00000000E+00  0.00000000E+00  0.00000000E+00  0.00000000E+00
 0.00000000E+00  0.00000000E+00  0.00000000E+00  0.00000000E+00  0.00000000E+00
 0.00000000E+00 -6.73071594E-01  5.41319731E-01  0.00000000E+00  4.74340752E-01
-3.81489890E-01  0.00000000E+00  0.00000000E+00  0.00000000E+00  0.00000000E+00
 0.00000000E+00  6.06628009E-02 -4.87882290E-02  0.00000000E+00  0.00000000E+00
 0.00000000E+00  0.00000000E+00  0.00000000E+00  0.00000000E+00  0.00000000E+00
 0.00000000E+00  0.00000000E+00  0.00000000E+00  0.00000000E+00  0.00000000E+00
 0.00000000E+00  0.00000000E+00  0.00000000E+00  0.00000000E+00  6.73071594E-01
-5.41319731E-01  0.00000000E+00 -4.74340752E-01  3.81489890E-01  0.00000000E+00
 0.00000000E+00  0.00000000E+00  0.00000000E+00  0.00000000E+00  6.06628009E-02
-4.87882290E-02 
 1.60837996E-05 -6.62072413E-05  1.73423362E-04 -4.98192121E-04  1.29777875E-03
-4.14510439E-03  1.24335694E-02 -5.76236973E-02  5.74398397E-01 -7.77708566E-01
-8.07897195E-01  3.42018702E+00 -1.13354127E+00  7.86858874E-01 -6.35891803E-01
 3.33555793E-01  0.00000000E+00  0.00000000E+00 -9.51094240E-01  0.00000000E+00
 0.00000000E+00  1.48741712E+00  2.09536893E-01  2.09536893E-01  6.18468662E-01
 0.00000000E+00  0.00000000E+00  0.00000000E+00 -1.60837996E-05  6.62072413E-05
-1.73423362E-04  4.98192121E-04 -1.29777875E-03  4.14510439E-03 -1.24335694E-02
 5.76236973E-02 -5.74398397E-01  7.77708566E-01  8.07897195E-01 -3.42018702E+00
 1.13354127E+00 -7.86858874E-01  6.35891803E-01 -3.33555793E-01  0.00000000E+00
 0.00000000E+00 -9.51094240E-01  0.00000000E+00  0.00000000E+00  1.48741712E+00
-2.09536893E-01 -2.09536893E-01 -6.18468662E-01  0.00000000E+00  0.00000000E+00
 0.00000000E+00 
 0.00000000E+00  0.00000000E+00  0.00000000E+00  0.00000000E+00  0.00000000E+00
 0.00000000E+00  0.00000000E+00  0.00000000E+00  0.00000000E+00  0.00000000E+00
 0.00000000E+00  0.00000000E+00  0.00000000E+00  0.00000000E+00  0.00000000E+00
 0.00000000E+00  1.02601026E-01 -1.82693155E-01  0.00000000E+00 -2.55821408E-02
 4.55520008E-02  0.00000000E+00  0.00000000E+00  0.00000000E+00  0.00000000E+00
 0.00000000E+00 -3.05276648E-01  5.43580860E-01  0.00000000E+00  0.00000000E+00
 0.00000000E+00  0.00000000E+00  0.00000000E+00  0.00000000E+00  0.00000000E+00
 0.00000000E+00  0.00000000E+00  0.00000000E+00  0.00000000E+00  0.00000000E+00
 0.00000000E+00  0.00000000E+00  0.00000000E+00  0.00000000E+00  1.02601026E-01
-1.82693155E-01  0.00000000E+00 -2.55821408E-02  4.55520008E-02  0.00000000E+00
 0.00000000E+00  0.00000000E+00  0.00000000E+00  0.00000000E+00  3.05276648E-01
-5.43580860E-01 
 0.00000000E+00  0.00000000E+00  0.00000000E+00  0.00000000E+00  0.00000000E+00
 0.00000000E+00  0.00000000E+00  0.00000000E+00  0.00000000E+00  0.00000000E+00
 0.00000000E+00  0.00000000E+00  0.00000000E+00  0.00000000E+00  0.00000000E+00
 0.00000000E+00  1.82693155E-01  1.02601026E-01  0.00000000E+00 -4.55520008E-02
-2.55821408E-02  0.00000000E+00  0.00000000E+00  0.00000000E+00  0.00000000E+00
 0.00000000E+00 -5.43580860E-01 -3.05276648E-01  0.00000000E+00  0.00000000E+00
 0.00000000E+00  0.00000000E+00  0.00000000E+00  0.00000000E+00  0.00000000E+00
 0.00000000E+00  0.00000000E+00  0.00000000E+00  0.00000000E+00  0.00000000E+00
 0.00000000E+00  0.00000000E+00  0.00000000E+00  0.00000000E+00  1.82693155E-01
 1.02601026E-01  0.00000000E+00 -4.55520008E-02 -2.55821408E-02  0.00000000E+00
 0.00000000E+00  0.00000000E+00  0.00000000E+00  0.00000000E+00  5.43580860E-01
 3.05276648E-01 
-0.00000000E+00 -0.00000000E+00 -0.00000000E+00 -0.00000000E+00 -0.00000000E+00
-0.00000000E+00 -0.00000000E+00 -0.00000000E+00 -0.00000000E+00 -0.00000000E+00
-0.00000000E+00 -0.00000000E+00 -0.00000000E+00 -0.00000000E+00 -0.00000000E+00
-0.00000000E+00 -0.00000000E+00 -0.00000000E+00 -0.00000000E+00 -0.00000000E+00
-0.00000000E+00 -0.00000000E+00  5.91410491E-01 -5.91410491E-01 -0.00000000E+00
 1.73952481E-02 -0.00000000E+00 -0.00000000E+00 -0.00000000E+00 -0.00000000E+00
-0.00000000E+00 -0.00000000E+00 -0.00000000E+00 -0.00000000E+00 -0.00000000E+00
-0.00000000E+00 -0.00000000E+00 -0.00000000E+00 -0.00000000E+00 -0.00000000E+00
-0.00000000E+00 -0.00000000E+00 -0.00000000E+00 -0.00000000E+00 -0.00000000E+00
-0.00000000E+00 -0.00000000E+00 -0.00000000E+00 -0.00000000E+00 -0.00000000E+00
 5.91410491E-01 -5.91410491E-01 -0.00000000E+00  1.73952481E-02 -0.00000000E+00
-0.00000000E+00 
 0.00000000E+00  0.00000000E+00  0.00000000E+00  0.00000000E+00  0.00000000E+00
 0.00000000E+00  0.00000000E+00  0.00000000E+00  0.00000000E+00  0.00000000E+00
 0.00000000E+00  0.00000000E+00  0.00000000E+00  0.00000000E+00  0.00000000E+00
 0.00000000E+00  0.00000000E+00  0.00000000E+00  0.00000000E+00  0.00000000E+00
 0.00000000E+00  0.00000000E+00 -1.50647267E-02  1.50647267E-02  0.00000000E+00
 6.82902013E-01  0.00000000E+00  0.00000000E+00  0.00000000E+00  0.00000000E+00
 0.00000000E+00  0.00000000E+00  0.00000000E+00  0.00000000E+00  0.00000000E+00
 0.00000000E+00  0.00000000E+00  0.00000000E+00  0.00000000E+00  0.00000000E+00
 0.00000000E+00  0.00000000E+00  0.00000000E+00  0.00000000E+00  0.00000000E+00
 0.00000000E+00  0.00000000E+00  0.00000000E+00  0.00000000E+00  0.00000000E+00
-1.50647267E-02  1.50647267E-02  0.00000000E+00  6.82902013E-01  0.00000000E+00
 0.00000000E+00 
-0.00000000E+00 -0.00000000E+00 -0.00000000E+00 -0.00000000E+00 -0.00000000E+00
-0.00000000E+00 -0.00000000E+00 -0.00000000E+00 -0.00000000E+00 -0.00000000E+00
-0.00000000E+00 -0.00000000E+00 -0.00000000E+00 -0.00000000E+00 -0.00000000E+00
-0.00000000E+00 -0.00000000E+00 -0.00000000E+00 -0.00000000E+00 -0.00000000E+00
-0.00000000E+00 -0.00000000E+00  6.20191809E-01 -6.20191809E-01 -0.00000000E+00
 1.60071542E-01 -0.00000000E+00 -0.00000000E+00 -0.00000000E+00 -0.00000000E+00
-0.00000000E+00 -0.00000000E+00 -0.00000000E+00 -0.00000000E+00 -0.00000000E+00
-0.00000000E+00 -0.00000000E+00 -0.00000000E+00 -0.00000000E+00 -0.00000000E+00
-0.00000000E+00 -0.00000000E+00 -0.00000000E+00 -0.00000000E+00 -0.00000000E+00
-0.00000000E+00 -0.00000000E+00 -0.00000000E+00 -0.00000000E+00 -0.00000000E+00
-6.20191809E-01  6.20191809E-01 -0.00000000E+00 -1.60071542E-01 -0.00000000E+00
-0.00000000E+00 
-0.00000000E+00 -0.00000000E+00 -0.00000000E+00 -0.00000000E+00 -0.00000000E+00
-0.00000000E+00 -0.00000000E+00 -0.00000000E+00 -0.00000000E+00 -0.00000000E+00
-0.00000000E+00 -0.00000000E+00 -0.00000000E+00 -0.00000000E+00 -0.00000000E+00
-0.00000000E+00 -0.00000000E+00 -0.00000000E+00 -0.00000000E+00 -0.00000000E+00
-0.00000000E+00 -0.00000000E+00 -1.38626022E-01  1.38626022E-01 -0.00000000E+00
 7.16135816E-01 -0.00000000E+00 -0.00000000E+00 -0.00000000E+00 -0.00000000E+00
-0.00000000E+00 -0.00000000E+00 -0.00000000E+00 -0.00000000E+00 -0.00000000E+00
-0.00000000E+00 -0.00000000E+00 -0.00000000E+00 -0.00000000E+00 -0.00000000E+00
-0.00000000E+00 -0.00000000E+00 -0.00000000E+00 -0.00000000E+00 -0.00000000E+00
-0.00000000E+00 -0.00000000E+00 -0.00000000E+00 -0.00000000E+00 -0.00000000E+00
 1.38626022E-01 -1.38626022E-01 -0.00000000E+00 -7.16135816E-01 -0.00000000E+00
-0.00000000E+00 
-2.33255811E-05  7.71062268E-05 -2.22930982E-04  5.38277898E-04 -1.69803461E-03
 4.33802056E-03 -1.65726750E-02  6.20880342E-02 -7.20006435E-01  7.86906026E-01
 5.33654647E-01 -2.99365574E-01  1.74536578E-01 -7.92115647E-02  3.87721517E-02
-1.28361757E-02  0.00000000E+00  0.00000000E+00 -1.93585649E-01  0.00000000E+00
 0.00000000E+00  2.57152122E-01 -7.45456645E-01 -7.45456645E-01  3.04835857E-01
 0.00000000E+00  0.00000000E+00  0.00000000E+00 -2.33255811E-05  7.71062268E-05
-2.22930982E-04  5.38277898E-04 -1.69803461E-03  4.33802056E-03 -1.65726750E-02
 6.20880342E-02 -7.20006435E-01  7.86906026E-01  5.33654647E-01 -2.99365574E-01
 1.74536578E-01 -7.92115647E-02  3.87721517E-02 -1.28361757E-02  0.00000000E+00
 0.00000000E+00  1.93585649E-01  0.00000000E+00  0.00000000E+00 -2.57152122E-01
-7.45456645E-01 -7.45456645E-01  3.04835857E-01  0.00000000E+00  0.00000000E+00
 0.00000000E+00 
-0.00000000E+00 -0.00000000E+00 -0.00000000E+00 -0.00000000E+00 -0.00000000E+00
-0.00000000E+00 -0.00000000E+00 -0.00000000E+00 -0.00000000E+00 -0.00000000E+00
-0.00000000E+00 -0.00000000E+00 -0.00000000E+00 -0.00000000E+00 -0.00000000E+00
-0.00000000E+00  1.35857500E-01  1.77458671E-01 -0.00000000E+00  8.48750626E-02
 1.10864809E-01 -0.00000000E+00 -0.00000000E+00 -0.00000000E+00 -0.00000000E+00
-0.00000000E+00  5.38618342E-01  7.03549640E-01 -0.00000000E+00 -0.00000000E+00
-0.00000000E+00 -0.00000000E+00 -0.00000000E+00 -0.00000000E+00 -0.00000000E+00
-0.00000000E+00 -0.00000000E+00 -0.00000000E+00 -0.00000000E+00 -0.00000000E+00
-0.00000000E+00 -0.00000000E+00 -0.00000000E+00 -0.00000000E+00 -1.35857500E-01
-1.77458671E-01 -0.00000000E+00 -8.48750626E-02 -1.10864809E-01 -0.00000000E+00
-0.00000000E+00 -0.00000000E+00 -0.00000000E+00 -0.00000000E+00  5.38618342E-01
 7.03549640E-01 
-0.00000000E+00 -0.00000000E+00 -0.00000000E+00 -0.00000000E+00 -0.00000000E+00
-0.00000000E+00 -0.00000000E+00 -0.00000000E+00 -0.00000000E+00 -0.00000000E+00
-0.00000000E+00 -0.00000000E+00 -0.00000000E+00 -0.00000000E+00 -0.00000000E+00
-0.00000000E+00  1.77458671E-01 -1.35857500E-01 -0.00000000E+00  1.10864809E-01
-8.48750626E-02 -0.00000000E+00 -0.00000000E+00 -0.00000000E+00 -0.00000000E+00
-0.00000000E+00  7.03549640E-01 -5.38618342E-01 -0.00000000E+00 -0.00000000E+00
-0.00000000E+00 -0.00000000E+00 -0.00000000E+00 -0.00000000E+00 -0.00000000E+00
-0.00000000E+00 -0.00000000E+00 -0.00000000E+00 -0.00000000E+00 -0.00000000E+00
-0.00000000E+00 -0.00000000E+00 -0.00000000E+00 -0.00000000E+00 -1.77458671E-01
 1.35857500E-01 -0.00000000E+00 -1.10864809E-01  8.48750626E-02 -0.00000000E+00
-0.00000000E+00 -0.00000000E+00 -0.00000000E+00 -0.00000000E+00  7.03549640E-01
-5.38618342E-01 
 1.67192859E-04 -6.94858543E-04  1.81352210E-03 -5.24966772E-03  1.35956568E-02
-4.39896345E-02  1.31209259E-01 -6.18958928E-01  5.96544503E+00 -1.02085098E+01
-3.42772878E+00  1.60703781E+00 -1.64386201E+00  1.41797128E+00 -1.22785398E+00
 6.58703289E-01 -0.00000000E+00 -0.00000000E+00 -2.64356110E-01 -0.00000000E+00
-0.00000000E+00 -4.47481394E-01  3.74390150E+00  3.74390150E+00  3.26108160E+00
-0.00000000E+00 -0.00000000E+00 -0.00000000E+00 -1.67192859E-04  6.94858543E-04
-1.81352210E-03  5.24966772E-03 -1.35956568E-02  4.39896345E-02 -1.31209259E-01
 6.18958928E-01 -5.96544503E+00  1.02085098E+01  3.42772878E+00 -1.60703781E+00
 1.64386201E+00 -1.41797128E+00  1.22785398E+00 -6.58703289E-01 -0.00000000E+00
-0.00000000E+00 -2.64356110E-01 -0.00000000E+00 -0.00000000E+00 -4.47481394E-01
-3.74390150E+00 -3.74390150E+00 -3.26108160E+00 -0.00000000E+00 -0.00000000E+00
-0.00000000E+00 
-1.87310589E-04  7.78791119E-04 -2.03237997E-03  5.88587542E-03 -1.52468120E-02
 4.94166590E-02 -1.47988731E-01  7.04898487E-01 -6.77660428E+00  1.16061914E+01
 2.84067200E+00 -1.67609446E+00  8.91013885E-01 -4.83954670E-01  2.57299422E-01
-8.78246447E-02 -0.00000000E+00 -0.00000000E+00  2.56142013E-02 -0.00000000E+00
-0.00000000E+00 -1.70121956E-02 -4.06324407E+00 -4.06324407E+00 -3.90398987E+00
-0.00000000E+00 -0.00000000E+00 -0.00000000E+00 -1.87310589E-04  7.78791119E-04
-2.03237997E-03  5.88587542E-03 -1.52468120E-02  4.94166590E-02 -1.47988731E-01
 7.04898487E-01 -6.77660428E+00  1.16061914E+01  2.84067200E+00 -1.67609446E+00
 8.91013884E-01 -4.83954670E-01  2.57299422E-01 -8.78246447E-02 -0.00000000E+00
-0.00000000E+00 -2.56142013E-02 -0.00000000E+00 -0.00000000E+00  1.70121956E-02
-4.06324407E+00 -4.06324407E+00 -3.90398987E+00 -0.00000000E+00 -0.00000000E+00
-0.00000000E+00 
 1.09084514E-04 -4.33689458E-04  1.15379344E-03 -3.23570547E-03  8.69531606E-03
-2.70748350E-02  8.49498767E-02 -3.92084559E-01  4.09855786E+00 -7.22766734E+00
-3.92431921E-02  1.09906678E+00 -4.23148949E-01  3.17671131E-01 -2.65286974E-01
 1.40855125E-01  0.00000000E+00  0.00000000E+00  1.43222733E+00  0.00000000E+00
 0.00000000E+00  4.55800212E-01  1.86752963E+00  1.86752963E+00  3.75082707E+00
 0.00000000E+00  0.00000000E+00  0.00000000E+00 -1.09084514E-04  4.33689458E-04
-1.15379344E-03  3.23570547E-03 -8.69531606E-03  2.70748350E-02 -8.49498767E-02
 3.92084559E-01 -4.09855786E+00  7.22766734E+00  3.92431921E-02 -1.09906678E+00
 4.23148949E-01 -3.17671131E-01  2.65286974E-01 -1.40855125E-01  0.00000000E+00
 0.00000000E+00  1.43222733E+00  0.00000000E+00  0.00000000E+00  4.55800212E-01
-1.86752963E+00 -1.86752963E+00 -3.75082707E+00  0.00000000E+00  0.00000000E+00
 0.00000000E+00 
-5.11719483E-04  1.82337437E-03 -5.09883588E-03  1.31554210E-02 -3.90656800E-02
 1.10056266E-01 -4.00399607E-01  1.68612897E+00 -1.89881769E+01  3.17401588E+01
 8.06598005E-01 -7.46278808E-01  4.24808167E-01 -2.38231765E-01  1.28469460E-01
-4.41010552E-02 -0.00000000E+00 -0.00000000E+00  1.75185320E-02 -0.00000000E+00
-0.00000000E+00 -1.90433282E-02 -8.50146648E+00 -8.50146648E+00 -8.47452212E+00
-0.00000000E+00 -0.00000000E+00 -0.00000000E+00 -5.11719483E-04  1.82337437E-03
-5.09883588E-03  1.31554210E-02 -3.90656800E-02  1.10056266E-01 -4.00399607E-01
 1.68612897E+00 -1.89881769E+01  3.17401588E+01  8.06598005E-01 -7.46278808E-01
 4.24808167E-01 -2.38231765E-01  1.28469460E-01 -4.41010552E-02 -0.00000000E+00
-0.00000000E+00 -1.75185320E-02 -0.00000000E+00 -0.00000000E+00  1.90433282E-02
-8.50146648E+00 -8.50146648E+00 -8.47452212E+00 -0.00000000E+00 -0.00000000E+00
-0.00000000E+00 
-4.89806572E-04  1.73631241E-03 -4.86682618E-03  1.25029085E-02 -3.72940901E-02
 1.04387545E-01 -3.81386573E-01  1.58603258E+00 -1.83153362E+01  3.06893107E+01
 8.63633455E-01 -8.37337498E-01  7.63731065E-01 -6.65854644E-01  5.80989379E-01
-3.12758988E-01  0.00000000E+00  0.00000000E+00 -1.81210812E-01  0.00000000E+00
 0.00000000E+00  7.77454024E-02 -8.19503916E+00 -8.19503916E+00 -8.39566193E+00
 0.00000000E+00  0.00000000E+00  0.00000000E+00  4.89806572E-04 -1.73631241E-03
 4.86682618E-03 -1.25029085E-02  3.72940901E-02 -1.04387545E-01  3.81386573E-01
-1.58603258E+00  1.83153362E+01 -3.06893107E+01 -8.63633455E-01  8.37337498E-01
-7.63731065E-01  6.65854644E-01 -5.80989379E-01  3.12758988E-01  0.00000000E+00
 0.00000000E+00 -1.81210812E-01  0.00000000E+00  0.00000000E+00  7.77454024E-02
 8.19503915E+00  8.19503915E+00  8.39566193E+00  0.00000000E+00  0.00000000E+00
 0.00000000E+00 
-1.15390544E-03  4.53343407E-03 -1.21706682E-02  3.40804096E-02 -9.43043929E-02
 3.03071150E-01 -1.04448089E+00  5.64228217E+00 -2.72813038E+01  4.09317511E+01
-6.52551056E-01 -9.92173339E-02  1.00199949E-01 -6.36403193E-02  3.57286577E-02
-1.24315655E-02  0.00000000E+00  0.00000000E+00  4.38130488E-03  0.00000000E+00
 0.00000000E+00 -5.14434483E-03 -1.01306500E+01 -1.01306500E+01 -1.01143363E+01
 0.00000000E+00  0.00000000E+00  0.00000000E+00 -1.15390544E-03  4.53343408E-03
-1.21706682E-02  3.40804096E-02 -9.43043929E-02  3.03071150E-01 -1.04448089E+00
 5.64228217E+00 -2.72813038E+01  4.09317511E+01 -6.52551056E-01 -9.92173339E-02
 1.00199949E-01 -6.36403193E-02  3.57286577E-02 -1.24315655E-02  0.00000000E+00
 0.00000000E+00 -4.38130488E-03  0.00000000E+00  0.00000000E+00  5.14434483E-03
-1.01306500E+01 -1.01306500E+01 -1.01143363E+01  0.00000000E+00  0.00000000E+00
 0.00000000E+00 
-1.18464042E-03  4.64837924E-03 -1.24864611E-02  3.49335302E-02 -9.67735621E-02
 3.10633171E-01 -1.07166649E+00  5.78397985E+00 -2.81781694E+01  4.23630166E+01
-6.63644752E-01 -1.26161077E-01  2.14025499E-01 -2.07426465E-01  1.86848612E-01
-1.01604602E-01  0.00000000E+00  0.00000000E+00 -7.40759539E-02  0.00000000E+00
 0.00000000E+00  2.68425455E-02 -1.04734686E+01 -1.04734686E+01 -1.05603254E+01
 0.00000000E+00  0.00000000E+00  0.00000000E+00  1.18464042E-03 -4.64837924E-03
 1.24864611E-02 -3.49335302E-02  9.67735621E-02 -3.10633171E-01  1.07166649E+00
-5.78397985E+00  2.81781694E+01 -4.23630166E+01  6.63644752E-01  1.26161077E-01
-2.14025499E-01  2.07426465E-01 -1.86848612E-01  1.01604602E-01  0.00000000E+00
 0.00000000E+00 -7.40759539E-02  0.00000000E+00  0.00000000E+00  2.68425455E-02
 1.04734686E+01  1.04734686E+01  1.05603254E+01  0.00000000E+00  0.00000000E+00
 0.00000000E+00 
-3.49165898E-03  1.28909485E-02 -3.57972211E-02  9.65563989E-02 -2.90920137E-01
 9.26556656E-01 -3.89315122E+00  7.70516244E+00 -2.29626649E+01  3.25518268E+01
-8.36615099E-01  7.66933842E-02 -4.08385332E-04 -6.99977978E-03  5.11386862E-03
-1.91061032E-03 -0.00000000E+00 -0.00000000E+00  3.02630129E-04 -0.00000000E+00
-0.00000000E+00 -4.80645020E-04 -7.87063833E+00 -7.87063833E+00 -7.85942775E+00
-0.00000000E+00 -0.00000000E+00 -0.00000000E+00 -3.49165898E-03  1.28909485E-02
-3.57972211E-02  9.65563989E-02 -2.90920137E-01  9.26556657E-01 -3.89315122E+00
 7.70516245E+00 -2.29626649E+01  3.25518268E+01 -8.36615099E-01  7.66933842E-02
-4.08385327E-04 -6.99977979E-03  5.11386863E-03 -1.91061033E-03 -0.00000000E+00
-0.00000000E+00 -3.02630116E-04 -0.00000000E+00 -0.00000000E+00  4.80645019E-04
-7.87063833E+00 -7.87063833E+00 -7.85942775E+00 -0.00000000E+00 -0.00000000E+00
-0.00000000E+00 
-3.52145742E-03  1.30038907E-02 -3.61074192E-02  9.74113051E-02 -2.93439248E-01
 9.34820770E-01 -3.92730247E+00  7.85207757E+00 -2.36996252E+01  3.36947465E+01
-8.80521093E-01  8.11232151E-02  2.02885865E-02 -3.76263976E-02  3.83228936E-02
-2.15637146E-02 -0.00000000E+00 -0.00000000E+00 -3.90171695E-02 -0.00000000E+00
-0.00000000E+00  3.77410601E-03 -8.14037574E+00 -8.14037574E+00 -8.19028120E+00
-0.00000000E+00 -0.00000000E+00 -0.00000000E+00  3.52145742E-03 -1.30038907E-02
 3.61074192E-02 -9.74113050E-02  2.93439248E-01 -9.34820770E-01  3.92730246E+00
-7.85207757E+00  2.36996252E+01 -3.36947465E+01  8.80521092E-01 -8.11232151E-02
-2.02885865E-02  3.76263976E-02 -3.83228936E-02  2.15637146E-02 -0.00000000E+00
-0.00000000E+00 -3.90171695E-02 -0.00000000E+00 -0.00000000E+00  3.77410601E-03
 8.14037573E+00  8.14037573E+00  8.19028120E+00 -0.00000000E+00 -0.00000000E+00
-0.00000000E+00 
-9.57357655E-03  3.70051625E-02 -1.02094582E-01  2.92638664E-01 -9.00479713E-01
 3.34385704E+00 -5.02355243E+00  5.87969564E+00 -1.45629089E+01  2.02903641E+01
-5.49255565E-01  5.95387410E-02 -5.82218030E-03 -1.43873948E-03  1.64779083E-03
-6.66559386E-04  0.00000000E+00  0.00000000E+00 -1.43439439E-04  0.00000000E+00
 0.00000000E+00  4.83509013E-05 -4.88467114E+00 -4.88467114E+00 -4.87738609E+00
 0.00000000E+00  0.00000000E+00  0.00000000E+00 -9.57357656E-03  3.70051626E-02
-1.02094582E-01  2.92638664E-01 -9.00479714E-01  3.34385704E+00 -5.02355243E+00
 5.87969564E+00 -1.45629089E+01  2.02903641E+01 -5.49255566E-01  5.95387410E-02
-5.82218030E-03 -1.43873949E-03  1.64779084E-03 -6.66559391E-04  0.00000000E+00
 0.00000000E+00  1.43439449E-04  0.00000000E+00  0.00000000E+00 -4.83509015E-05
-4.88467114E+00 -4.88467114E+00 -4.87738610E+00  0.00000000E+00  0.00000000E+00
 0.00000000E+00 
-9.58621465E-03  3.70535859E-02 -1.02231055E-01  2.93040640E-01 -9.01858249E-01
 3.35023324E+00 -5.04782240E+00  5.96507559E+00 -1.49598629E+01  2.09039563E+01
-5.78888539E-01  6.44599618E-02  1.61590107E-03 -1.43172555E-02  1.60524172E-02
-9.24576613E-03  0.00000000E+00  0.00000000E+00 -2.32286384E-02  0.00000000E+00
 0.00000000E+00  7.19173908E-04 -5.02734129E+00 -5.02734129E+00 -5.05786163E+00
 0.00000000E+00  0.00000000E+00  0.00000000E+00  9.58621465E-03 -3.70535858E-02
 1.02231054E-01 -2.93040640E-01  9.01858249E-01 -3.35023324E+00  5.04782240E+00
-5.96507558E+00  1.49598629E+01 -2.09039563E+01  5.78888538E-01 -6.44599618E-02
-1.61590107E-03  1.43172554E-02 -1.60524172E-02  9.24576613E-03  0.00000000E+00
 0.00000000E+00 -2.32286384E-02  0.00000000E+00  0.00000000E+00  7.19173908E-04
 5.02734128E+00  5.02734128E+00  5.05786163E+00  0.00000000E+00  0.00000000E+00
 0.00000000E+00 
-2.79109308E-02  1.05961931E-01 -3.04395157E-01  9.03339039E-01 -3.16199563E+00
 4.21637019E+00 -3.73430117E+00  3.61306690E+00 -8.60987681E+00  1.19753792E+01
-3.17946995E-01  3.11630060E-02 -1.12263838E-03 -2.17503202E-03  1.69594020E-03
-6.42972816E-04 -0.00000000E+00 -0.00000000E+00 -5.99247400E-05 -0.00000000E+00
-0.00000000E+00 -2.19360798E-05 -2.88471106E+00 -2.88471106E+00 -2.88015006E+00
-0.00000000E+00 -0.00000000E+00 -0.00000000E+00 -2.79109309E-02  1.05961931E-01
-3.04395157E-01  9.03339040E-01 -3.16199564E+00  4.21637019E+00 -3.73430118E+00
 3.61306690E+00 -8.60987682E+00  1.19753792E+01 -3.17946995E-01  3.11630060E-02
-1.12263838E-03 -2.17503202E-03  1.69594020E-03 -6.42972820E-04 -0.00000000E+00
-0.00000000E+00  5.99247469E-05 -0.00000000E+00 -0.00000000E+00  2.19360796E-05
-2.88471106E+00 -2.88471106E+00 -2.88015006E+00 -0.00000000E+00 -0.00000000E+00
-0.00000000E+00 
-2.79161217E-02  1.05982943E-01 -3.04465278E-01  9.03626887E-01 -3.16375473E+00
 4.22261142E+00 -3.75137238E+00  3.66541000E+00 -8.84497440E+00  1.23378089E+01
-3.35287505E-01  3.35118147E-02  5.13987217E-03 -1.21906007E-02  1.27774626E-02
-7.24368751E-03  0.00000000E+00  0.00000000E+00 -1.43308550E-02  0.00000000E+00
 0.00000000E+00  7.70320113E-04 -2.96865813E+00 -2.96865813E+00 -2.98749935E+00
 0.00000000E+00  0.00000000E+00  0.00000000E+00  2.79161217E-02 -1.05982943E-01
 3.04465278E-01 -9.03626887E-01  3.16375473E+00 -4.22261142E+00  3.75137238E+00
-3.66540999E+00  8.84497440E+00 -1.23378089E+01  3.35287505E-01 -3.35118147E-02
-5.13987217E-03  1.21906007E-02 -1.27774626E-02  7.24368751E-03  0.00000000E+00
 0.00000000E+00 -1.43308550E-02  0.00000000E+00  0.00000000E+00  7.70320113E-04
 2.96865813E+00  2.96865813E+00  2.98749935E+00  0.00000000E+00  0.00000000E+00
 0.00000000E+00 
-7.84794791E-02  3.11464357E-01 -9.38184134E-01  3.12078797E+00 -3.94275972E+00
 3.11845903E+00 -2.28814929E+00  2.13434397E+00 -5.10311850E+00  7.10754935E+00
-1.84594049E-01  1.61516963E-02  6.39220735E-04 -2.02699852E-03  1.40569602E-03
-5.19010214E-04 -0.00000000E+00 -0.00000000E+00 -9.10944915E-06 -0.00000000E+00
-0.00000000E+00 -5.20067232E-05 -1.71394654E+00 -1.71394654E+00 -1.71113577E+00
-0.00000000E+00 -0.00000000E+00 -0.00000000E+00 -7.84794791E-02  3.11464357E-01
-9.38184134E-01  3.12078797E+00 -3.94275972E+00  3.11845903E+00 -2.28814929E+00
 2.13434397E+00 -5.10311850E+00  7.10754936E+00 -1.84594049E-01  1.61516963E-02
 6.39220736E-04 -2.02699852E-03  1.40569602E-03 -5.19010215E-04 -0.00000000E+00
-0.00000000E+00  9.10945102E-06 -0.00000000E+00 -0.00000000E+00  5.20067232E-05
-1.71394654E+00 -1.71394654E+00 -1.71113577E+00 -0.00000000E+00 -0.00000000E+00
-0.00000000E+00 
-7.84821622E-02  3.11479237E-01 -9.38265908E-01  3.12139045E+00 -3.94485168E+00
 3.12320916E+00 -2.29906854E+00  2.16628022E+00 -5.24502538E+00  7.32605909E+00
-1.94698323E-01  1.72038661E-02  5.44586486E-03 -9.34255751E-03  9.43411665E-03
-5.29834156E-03 -0.00000000E+00 -0.00000000E+00 -8.83037334E-03 -0.00000000E+00
-0.00000000E+00  6.88905458E-04 -1.76451053E+00 -1.76451053E+00 -1.77608658E+00
-0.00000000E+00 -0.00000000E+00 -0.00000000E+00  7.84821622E-02 -3.11479237E-01
 9.38265907E-01 -3.12139045E+00  3.94485168E+00 -3.12320916E+00  2.29906853E+00
-2.16628022E+00  5.24502538E+00 -7.32605909E+00  1.94698323E-01 -1.72038661E-02
-5.44586486E-03  9.34255750E-03 -9.43411665E-03  5.29834156E-03 -0.00000000E+00
-0.00000000E+00 -8.83037334E-03 -0.00000000E+00 -0.00000000E+00  6.88905458E-04
 1.76451053E+00  1.76451053E+00  1.77608658E+00 -0.00000000E+00 -0.00000000E+00
-0.00000000E+00 
-2.33809101E-01  9.59181942E-01 -3.17921796E+00  3.90517444E+00 -2.92228776E+00
 1.91819149E+00 -1.35805373E+00  1.27289585E+00 -3.06720301E+00  4.27704211E+00
-1.09586948E-01  8.88606381E-03  8.44533910E-04 -1.47812068E-03  9.85784782E-04
-3.60452688E-04  0.00000000E+00  0.00000000E+00  4.80163417E-06  0.00000000E+00
 0.00000000E+00 -4.58251367E-05 -1.03209383E+00 -1.03209383E+00 -1.03036917E+00
 0.00000000E+00  0.00000000E+00  0.00000000E+00 -2.33809101E-01  9.59181942E-01
-3.17921796E+00  3.90517444E+00 -2.92228776E+00  1.91819149E+00 -1.35805373E+00
 1.27289585E+00 -3.06720301E+00  4.27704211E+00 -1.09586948E-01  8.88606381E-03
 8.44533910E-04 -1.47812068E-03  9.85784783E-04 -3.60452688E-04  0.00000000E+00
 0.00000000E+00 -4.80163402E-06  0.00000000E+00  0.00000000E+00  4.58251369E-05
-1.03209383E+00 -1.03209383E+00 -1.03036917E+00  0.00000000E+00  0.00000000E+00
 0.00000000E+00 
-2.33812579E-01  9.59210127E-01 -3.17944653E+00  3.90594484E+00 -2.92389128E+00
 1.92122038E+00 -1.36474640E+00  1.29233939E+00 -3.15343042E+00  4.40976866E+00
-1.15589446E-01  9.39688830E-03  4.12237460E-03 -6.36294184E-03  6.32691087E-03
-3.53903210E-03  0.00000000E+00  0.00000000E+00 -5.42627881E-03  0.00000000E+00
 0.00000000E+00  4.98730511E-04 -1.06279833E+00 -1.06279833E+00 -1.06989737E+00
 0.00000000E+00  0.00000000E+00  0.00000000E+00  2.33812579E-01 -9.59210127E-01
 3.17944653E+00 -3.90594484E+00  2.92389128E+00 -1.92122038E+00  1.36474640E+00
-1.29233939E+00  3.15343042E+00 -4.40976866E+00  1.15589446E-01 -9.39688830E-03
-4.12237460E-03  6.36294184E-03 -6.32691087E-03  3.53903210E-03  0.00000000E+00
 0.00000000E+00 -5.42627881E-03  0.00000000E+00  0.00000000E+00  4.98730511E-04
 1.06279833E+00  1.06279833E+00  1.06989737E+00  0.00000000E+00  0.00000000E+00
 0.00000000E+00 
 7.27867297E-01 -3.22971339E+00  4.00911923E+00 -2.92236448E+00  1.80825749E+00
-1.14470476E+00  8.14499653E-01 -7.70013117E-01  1.86502784E+00 -2.60244802E+00
 6.62156300E-02 -5.15016644E-03 -6.54961326E-04  9.78522486E-04 -6.42639918E-04
 2.34054128E-04 -0.00000000E+00 -0.00000000E+00 -6.20706251E-06 -0.00000000E+00
-0.00000000E+00  3.24450493E-05  6.28222828E-01  6.28222828E-01  6.27163654E-01
-0.00000000E+00 -0.00000000E+00 -0.00000000E+00  7.27867298E-01 -3.22971340E+00
 4.00911923E+00 -2.92236449E+00  1.80825749E+00 -1.14470476E+00  8.14499654E-01
-7.70013119E-01  1.86502784E+00 -2.60244803E+00  6.62156302E-02 -5.15016645E-03
-6.54961331E-04  9.78522493E-04 -6.42639925E-04  2.34054131E-04 -0.00000000E+00
-0.00000000E+00  6.20705688E-06 -0.00000000E+00 -0.00000000E+00 -3.24450489E-05
 6.28222829E-01  6.28222829E-01  6.27163655E-01 -0.00000000E+00 -0.00000000E+00
-0.00000000E+00 
 7.27876729E-01 -3.22980370E+00  4.00941938E+00 -2.92295530E+00  1.80927010E+00
-1.14654889E+00  8.18581963E-01 -7.81898278E-01  1.91773919E+00 -2.68357685E+00
 6.98423426E-02 -5.42324806E-03 -2.76774207E-03  4.09866318E-03 -4.04869692E-03
 2.26074725E-03  0.00000000E+00  0.00000000E+00  3.33605888E-03  0.00000000E+00
 0.00000000E+00 -3.29584873E-04  6.46988953E-01  6.46988953E-01  6.51348653E-01
 0.00000000E+00  0.00000000E+00  0.00000000E+00 -7.27876728E-01  3.22980369E+00
-4.00941937E+00  2.92295529E+00 -1.80927009E+00  1.14654889E+00 -8.18581962E-01
 7.81898276E-01 -1.91773919E+00  2.68357685E+00 -6.98423425E-02  5.42324805E-03
 2.76774207E-03 -4.09866318E-03  4.04869692E-03 -2.26074725E-03  0.00000000E+00
 0.00000000E+00  3.33605888E-03  0.00000000E+00  0.00000000E+00 -3.29584873E-04
-6.46988952E-01 -6.46988952E-01 -6.51348652E-01  0.00000000E+00  0.00000000E+00
 0.00000000E+00 
-2.72177926E+00  4.26349620E+00 -3.04938650E+00  1.81970117E+00 -1.08120942E+00
 6.87186395E-01 -4.93157169E-01  4.68816175E-01 -1.13861030E+00  1.58935217E+00
-4.03039320E-02  3.07112163E-03  4.40654642E-04 -6.20380953E-04  4.04793338E-04
-1.47178947E-04 -0.00000000E+00 -0.00000000E+00  4.75884216E-06 -0.00000000E+00
-0.00000000E+00 -2.11459068E-05 -3.83730965E-01 -3.83730965E-01 -3.83081361E-01
-0.00000000E+00 -0.00000000E+00 -0.00000000E+00 -2.72177922E+00  4.26349613E+00
-3.04938645E+00  1.81970114E+00 -1.08120940E+00  6.87186385E-01 -4.93157161E-01
 4.68816168E-01 -1.13861028E+00  1.58935215E+00 -4.03039313E-02  3.07112158E-03
 4.40654616E-04 -6.20380914E-04  4.04793300E-04 -1.47178925E-04 -0.00000000E+00
-0.00000000E+00 -4.75887268E-06 -0.00000000E+00 -0.00000000E+00  2.11459099E-05
-3.83730959E-01 -3.83730959E-01 -3.83081356E-01 -0.00000000E+00 -0.00000000E+00
-0.00000000E+00 
 2.72181489E+00 -4.26362060E+00  3.04961870E+00 -1.82007263E+00  1.08182071E+00
-6.88304216E-01  4.95648826E-01 -4.76087847E-01  1.17087027E+00 -1.63900282E+00
 4.25111633E-02 -3.22699137E-03 -1.76505980E-03  2.56847151E-03 -2.52986142E-03
 1.41156456E-03  0.00000000E+00  0.00000000E+00  2.04725598E-03  0.00000000E+00
 0.00000000E+00 -2.08854021E-04  3.95215342E-01  3.95215342E-01  3.97889353E-01
 0.00000000E+00  0.00000000E+00  0.00000000E+00 -2.72181493E+00  4.26362067E+00
-3.04961875E+00  1.82007265E+00 -1.08182073E+00  6.88304226E-01 -4.95648833E-01
 4.76087854E-01 -1.17087029E+00  1.63900284E+00 -4.25111639E-02  3.22699142E-03
 1.76505981E-03 -2.56847152E-03  2.52986143E-03 -1.41156456E-03  0.00000000E+00
 0.00000000E+00  2.04725598E-03  0.00000000E+00  0.00000000E+00 -2.08854021E-04
-3.95215347E-01 -3.95215347E-01 -3.97889359E-01  0.00000000E+00  0.00000000E+00
 0.00000000E+00
