 5.51530422E-01  4.71379177E-01  0.00000000E+00  1.74278816E-03  0.00000000E+00
 5.68616370E-03  0.00000000E+00 -8.57728952E-04  0.00000000E+00  1.07077361E-03
 0.00000000E+00 -4.54754902E-05  0.00000000E+00  9.39876924E-05  0.00000000E+00
 1.46319734E-05  0.00000000E+00 -2.73201642E-04 -2.57048673E-04 -2.78550007E-04
 0.00000000E+00  0.00000000E+00  0.00000000E+00 -1.05280363E-03 -8.69662246E-04
-5.29766313E-04  0.00000000E+00  0.00000000E+00  0.00000000E+00  2.86282802E-04
 5.09501883E-04 -1.90361416E-04 -2.91841633E-04 -1.96373639E-04  0.00000000E+00
 2.86282802E-04  5.09501883E-04 -1.90361416E-04  2.91841633E-04 -1.96373639E-04
 0.00000000E+00 
-1.14494300E-01 -1.83435513E-01  0.00000000E+00  3.58582536E-02  0.00000000E+00
 5.45861395E-01  0.00000000E+00  6.29153346E-02  0.00000000E+00  2.92019870E-01
 0.00000000E+00  1.77638476E-02  0.00000000E+00  4.02395393E-02  0.00000000E+00
 8.11765577E-03  0.00000000E+00  1.03240955E-02  8.35695400E-03  3.28861710E-03
 0.00000000E+00  0.00000000E+00  0.00000000E+00  2.78681505E-02  2.81047445E-02
 1.99782797E-02  0.00000000E+00  0.00000000E+00  0.00000000E+00  9.18450057E-02
 8.29876737E-02 -1.49564185E-02 -2.13313915E-02 -1.34775113E-02  0.00000000E+00
 9.18450057E-02  8.29876737E-02 -1.49564185E-02  2.13313915E-02 -1.34775113E-02
 0.00000000E+00 
-0.00000000E+00 -0.00000000E+00  2.28716394E-01 -0.00000000E+00 -0.00000000E+00
-0.00000000E+00  3.51278447E-01 -0.00000000E+00 -0.00000000E+00 -0.00000000E+00
 2.27801005E-01 -0.00000000E+00 -0.00000000E+00 -0.00000000E+00  1.09947296E-02
-0.00000000E+00 -0.00000000E+00 -0.00000000E+00 -0.00000000E+00 -0.00000000E+00
 1.31530662E-02 -0.00000000E+00 -0.00000000E+00 -0.00000000E+00 -0.00000000E+00
-0.00000000E+00  2.45295587E-02 -0.00000000E+00 -0.00000000E+00  1.46118172E-01
 1.99597860E-01  4.36538181E-02 -1.83805151E-02 -2.62503995E-02 -0.00000000E+00
-1.46118172E-01 -1.99597860E-01 -4.36538181E-02 -1.83805151E-02  2.62503995E-02
-0.00000000E+00 
 3.76868075E-02  6.12887711E-02 -0.00000000E+00  2.53183792E-01 -0.00000000E+00
-2.01642740E-01 -0.00000000E+00  3.84006507E-01 -0.00000000E+00 -2.62195855E-01
-0.00000000E+00  3.08966061E-01 -0.00000000E+00 -3.40080004E-02 -0.00000000E+00
 5.49169889E-02 -0.00000000E+00 -1.95962767E-03  1.77538247E-03 -8.37153817E-03
-0.00000000E+00 -0.00000000E+00 -0.00000000E+00 -2.36695381E-02  1.25612454E-02
-2.18228694E-02 -0.00000000E+00 -0.00000000E+00 -0.00000000E+00  8.90432182E-02
 1.43215907E-01  2.54748222E-02 -2.79683451E-02  3.13786669E-03 -0.00000000E+00
 8.90432182E-02  1.43215907E-01  2.54748222E-02  2.79683451E-02  3.13786669E-03
-0.00000000E+00 
-0.00000000E+00 -0.00000000E+00 -0.00000000E+00 -0.00000000E+00  2.87472603E-01
-0.00000000E+00 -0.00000000E+00 -0.00000000E+00  4.44616640E-01 -0.00000000E+00
-0.00000000E+00 -0.00000000E+00  4.15924414E-01 -0.00000000E+00 -0.00000000E+00
-0.00000000E+00  8.16073098E-02 -0.00000000E+00 -0.00000000E+00 -0.00000000E+00
-0.00000000E+00 -0.00000000E+00  4.28491434E-03 -0.00000000E+00 -0.00000000E+00
-0.00000000E+00 -0.00000000E+00 -0.00000000E+00  2.37942117E-02 -0.00000000E+00
-0.00000000E+00 -0.00000000E+00 -0.00000000E+00 -0.00000000E+00  2.82922264E-02
-0.00000000E+00 -0.00000000E+00 -0.00000000E+00 -0.00000000E+00 -0.00000000E+00
 2.82922264E-02 
-3.32088929E-02 -6.86537407E-02 -0.00000000E+00  7.22539066E-02 -0.00000000E+00
-8.11670985E-02 -0.00000000E+00  8.44285553E-02 -0.00000000E+00  1.45415275E+00
-0.00000000E+00  1.51730626E-01 -0.00000000E+00  1.47512003E-01 -0.00000000E+00
 1.91340514E-01 -0.00000000E+00 -9.30772475E-03 -7.50957840E-03 -1.02547397E-02
-0.00000000E+00 -0.00000000E+00 -0.00000000E+00 -1.98374103E-01 -1.78388884E-01
-1.63155505E-01 -0.00000000E+00 -0.00000000E+00 -0.00000000E+00 -2.99277601E-02
 1.03291785E-01 -1.03110565E+00 -3.88137923E-02 -2.29976533E-02 -0.00000000E+00
-2.99277601E-02  1.03291785E-01 -1.03110565E+00  3.88137923E-02 -2.29976533E-02
-0.00000000E+00 
-0.00000000E+00 -0.00000000E+00  1.22317184E-01 -0.00000000E+00 -0.00000000E+00
-0.00000000E+00  1.33592377E-01 -0.00000000E+00 -0.00000000E+00 -0.00000000E+00
 5.46792817E-01 -0.00000000E+00 -0.00000000E+00 -0.00000000E+00 -2.48077903E-01
-0.00000000E+00 -0.00000000E+00 -0.00000000E+00 -0.00000000E+00 -0.00000000E+00
 3.07796689E-04 -0.00000000E+00 -0.00000000E+00 -0.00000000E+00 -0.00000000E+00
-0.00000000E+00  1.62347268E-02 -0.00000000E+00 -0.00000000E+00 -2.48029007E-02
 7.24426236E-02 -1.26833668E+00 -3.27446305E-03 -2.34545005E-03 -0.00000000E+00
 2.48029007E-02 -7.24426236E-02  1.26833668E+00 -3.27446305E-03  2.34545005E-03
-0.00000000E+00 
-1.27167376E-02 -2.47113470E-02 -0.00000000E+00 -8.49374520E-02 -0.00000000E+00
 1.93491481E-02 -0.00000000E+00 -8.21556368E-02 -0.00000000E+00  1.73597820E-01
-0.00000000E+00 -6.15066958E-01 -0.00000000E+00  2.51144425E+00 -0.00000000E+00
 2.17838751E+00 -0.00000000E+00 -2.15081930E-03 -2.07325853E-03 -6.56657629E-04
-0.00000000E+00 -0.00000000E+00 -0.00000000E+00 -7.28486083E-02 -7.00218835E-02
-1.32971339E-02 -0.00000000E+00 -0.00000000E+00 -0.00000000E+00 -1.73228808E-02
 1.64042717E-01 -1.72893964E+00 -4.49878922E-02 -9.38716984E-03 -0.00000000E+00
-1.73228808E-02  1.64042717E-01 -1.72893964E+00  4.49878922E-02 -9.38716984E-03
-0.00000000E+00 
-0.00000000E+00 -0.00000000E+00 -0.00000000E+00 -0.00000000E+00 -1.15470033E-01
-0.00000000E+00 -0.00000000E+00 -0.00000000E+00 -9.50981395E-02 -0.00000000E+00
-0.00000000E+00 -0.00000000E+00 -5.92852249E-01 -0.00000000E+00 -0.00000000E+00
-0.00000000E+00  1.28150252E+00 -0.00000000E+00 -0.00000000E+00 -0.00000000E+00
-0.00000000E+00 -0.00000000E+00 -1.14866255E-03 -0.00000000E+00 -0.00000000E+00
-0.00000000E+00 -0.00000000E+00 -0.00000000E+00 -1.09915085E-02 -0.00000000E+00
-0.00000000E+00 -0.00000000E+00 -0.00000000E+00 -0.00000000E+00  1.33472502E-02
-0.00000000E+00 -0.00000000E+00 -0.00000000E+00 -0.00000000E+00 -0.00000000E+00
 1.33472502E-02 
-0.00000000E+00 -0.00000000E+00  2.48987314E-02 -0.00000000E+00 -0.00000000E+00
-0.00000000E+00  2.67860295E-02 -0.00000000E+00 -0.00000000E+00 -0.00000000E+00
-3.46071315E-01 -0.00000000E+00 -0.00000000E+00 -0.00000000E+00  3.12168176E+00
-0.00000000E+00 -0.00000000E+00 -0.00000000E+00 -0.00000000E+00 -0.00000000E+00
-1.11441114E-03 -0.00000000E+00 -0.00000000E+00 -0.00000000E+00 -0.00000000E+00
-0.00000000E+00 -1.00617024E-01 -0.00000000E+00 -0.00000000E+00 -5.03927254E-02
 3.21518338E-01 -3.55843073E+00 -4.08857886E-02 -5.78835154E-02 -0.00000000E+00
 5.03927254E-02 -3.21518338E-01  3.55843073E+00 -4.08857886E-02  5.78835154E-02
-0.00000000E+00 
 4.71562345E-03  1.98368221E-02  0.00000000E+00  5.38578401E-02  0.00000000E+00
 2.68223579E-01  0.00000000E+00  4.73462041E-02  0.00000000E+00 -1.63901415E+00
 0.00000000E+00  6.99952263E-02  0.00000000E+00  9.48098417E+00  0.00000000E+00
 2.65894111E+00  0.00000000E+00  5.63639982E-03  1.00292364E-02  1.24326047E-02
 0.00000000E+00  0.00000000E+00  0.00000000E+00  1.47455716E-01  1.84402266E-01
 2.21770532E-01  0.00000000E+00  0.00000000E+00  0.00000000E+00 -4.92426218E-02
 3.07609355E-01 -5.09806529E+00 -3.18028714E-02 -1.01312098E-02  0.00000000E+00
-4.92426218E-02  3.07609355E-01 -5.09806529E+00  3.18028714E-02 -1.01312098E-02
 0.00000000E+00 
 0.00000000E+00  0.00000000E+00 -1.48957597E-01  0.00000000E+00  0.00000000E+00
 0.00000000E+00 -3.04317485E-01  0.00000000E+00  0.00000000E+00  0.00000000E+00
-1.36515873E+00  0.00000000E+00  0.00000000E+00  0.00000000E+00  1.84140655E+00
 0.00000000E+00  0.00000000E+00  0.00000000E+00  0.00000000E+00  0.00000000E+00
 2.77106251E-02  0.00000000E+00  0.00000000E+00  0.00000000E+00  0.00000000E+00
 0.00000000E+00 -1.15094275E-01  0.00000000E+00  0.00000000E+00  9.63668652E-02
 1.86382013E+00 -2.99250653E+00 -6.45611917E-02 -2.89260588E-02  0.00000000E+00
-9.63668652E-02 -1.86382013E+00  2.99250653E+00 -6.45611917E-02  2.89260588E-02
 0.00000000E+00 
 5.13651935E-02  6.93176306E-02 -0.00000000E+00 -1.05073698E-01 -0.00000000E+00
-5.50482879E-01 -0.00000000E+00 -2.52921296E-01 -0.00000000E+00 -5.37702373E-01
-0.00000000E+00 -9.91562242E-01 -0.00000000E+00  4.19088707E+00 -0.00000000E+00
 1.46400325E+00 -0.00000000E+00 -3.00087109E-03 -1.64135744E-02 -3.22823699E-02
-0.00000000E+00 -0.00000000E+00 -0.00000000E+00 -2.80831717E-01 -2.82735105E-01
-1.70907037E-01 -0.00000000E+00 -0.00000000E+00 -0.00000000E+00  7.22866920E-02
 1.90705150E+00 -3.14396460E+00 -5.99492552E-02 -5.32258402E-02 -0.00000000E+00
 7.22866920E-02  1.90705150E+00 -3.14396460E+00  5.99492552E-02 -5.32258402E-02
-0.00000000E+00 
 5.69994765E-02  4.02160380E-02 -0.00000000E+00  1.01430411E-02 -0.00000000E+00
-2.29897132E+00 -0.00000000E+00 -6.38310049E-02 -0.00000000E+00  7.29168585E+00
-0.00000000E+00  1.02750972E+00 -0.00000000E+00 -5.01551786E+00 -0.00000000E+00
-1.22108431E+00 -0.00000000E+00 -6.75950810E-02 -5.29839649E-02 -3.50050461E-02
-0.00000000E+00 -0.00000000E+00 -0.00000000E+00 -1.21085697E+00 -1.12514594E+00
-1.15658587E+00 -0.00000000E+00 -0.00000000E+00 -0.00000000E+00 -4.31850016E-02
-1.44388540E+00  2.28054305E+00 -3.65039262E-03  6.72423124E-02 -0.00000000E+00
-4.31850016E-02 -1.44388540E+00  2.28054305E+00  3.65039262E-03  6.72423124E-02
-0.00000000E+00 
-0.00000000E+00 -0.00000000E+00 -2.28980428E-01 -0.00000000E+00 -0.00000000E+00
-0.00000000E+00 -6.22222557E-01 -0.00000000E+00 -0.00000000E+00 -0.00000000E+00
 2.53570659E+00 -0.00000000E+00 -0.00000000E+00 -0.00000000E+00 -1.27639476E+00
-0.00000000E+00 -0.00000000E+00 -0.00000000E+00 -0.00000000E+00 -0.00000000E+00
-3.32910581E-02 -0.00000000E+00 -0.00000000E+00 -0.00000000E+00 -0.00000000E+00
-0.00000000E+00  2.63681536E-01 -0.00000000E+00 -0.00000000E+00 -7.48160675E-02
-1.11616007E+00  8.41714134E-01  2.83283934E-01  2.07183657E-01 -0.00000000E+00
 7.48160675E-02  1.11616007E+00 -8.41714134E-01  2.83283934E-01 -2.07183657E-01
-0.00000000E+00 
-1.34079155E-02 -8.30798548E-03  0.00000000E+00 -2.41126467E-01  0.00000000E+00
 3.72103999E-01  0.00000000E+00 -7.06443262E-01  0.00000000E+00  7.05750376E-03
 0.00000000E+00  2.03676491E+00  0.00000000E+00 -6.23317344E-01  0.00000000E+00
-9.97477366E-01  0.00000000E+00  4.22975945E-03  2.89186039E-03  2.53760055E-02
 0.00000000E+00  0.00000000E+00  0.00000000E+00  3.02430107E-01  3.83114616E-01
 1.41451020E-01  0.00000000E+00  0.00000000E+00  0.00000000E+00 -2.89360136E-02
-8.38473189E-01  5.96027654E-01  1.77392541E-01  2.24798490E-01  0.00000000E+00
-2.89360136E-02 -8.38473189E-01  5.96027654E-01 -1.77392541E-01  2.24798490E-01
 0.00000000E+00 
-0.00000000E+00 -0.00000000E+00 -0.00000000E+00 -0.00000000E+00 -2.48475512E-01
-0.00000000E+00 -0.00000000E+00 -0.00000000E+00 -8.87504721E-01 -0.00000000E+00
-0.00000000E+00 -0.00000000E+00  1.59751275E+00 -0.00000000E+00 -0.00000000E+00
-0.00000000E+00 -7.30287251E-01 -0.00000000E+00 -0.00000000E+00 -0.00000000E+00
-0.00000000E+00 -0.00000000E+00 -7.79677349E-03 -0.00000000E+00 -0.00000000E+00
-0.00000000E+00 -0.00000000E+00 -0.00000000E+00  5.95164709E-02 -0.00000000E+00
-0.00000000E+00 -0.00000000E+00 -0.00000000E+00 -0.00000000E+00  2.01230463E-02
-0.00000000E+00 -0.00000000E+00 -0.00000000E+00 -0.00000000E+00 -0.00000000E+00
 2.01230463E-02 
 5.91808018E-03  6.05170810E-03 -0.00000000E+00 -2.09653550E-02 -0.00000000E+00
-3.72879731E-01 -0.00000000E+00 -1.15149727E-01 -0.00000000E+00  1.87950641E+00
-0.00000000E+00  1.34270134E+00 -0.00000000E+00 -1.17091634E+00 -0.00000000E+00
-5.29909216E-01 -0.00000000E+00  6.49993579E-03 -2.33832151E-02  2.14329428E-03
-0.00000000E+00 -0.00000000E+00 -0.00000000E+00  1.58693099E-01 -5.46576130E-01
-2.33263406E-02 -0.00000000E+00 -0.00000000E+00 -0.00000000E+00  2.73156972E-02
-1.04278440E+00  7.43202968E-01  3.96633764E-01 -3.12033375E-01 -0.00000000E+00
 2.73156972E-02 -1.04278440E+00  7.43202968E-01 -3.96633764E-01 -3.12033375E-01
-0.00000000E+00 
-0.00000000E+00 -0.00000000E+00 -0.00000000E+00 -0.00000000E+00 -0.00000000E+00
-0.00000000E+00 -0.00000000E+00 -0.00000000E+00 -0.00000000E+00 -0.00000000E+00
-0.00000000E+00 -0.00000000E+00 -0.00000000E+00 -0.00000000E+00 -0.00000000E+00
-0.00000000E+00 -0.00000000E+00 -0.00000000E+00 -0.00000000E+00 -0.00000000E+00
-0.00000000E+00 -1.37091887E-02 -0.00000000E+00 -0.00000000E+00 -0.00000000E+00
-0.00000000E+00 -0.00000000E+00 -4.61224414E-01 -0.00000000E+00 -0.00000000E+00
-0.00000000E+00 -0.00000000E+00 -0.00000000E+00 -0.00000000E+00 -4.76237525E-01
-0.00000000E+00 -0.00000000E+00 -0.00000000E+00 -0.00000000E+00 -0.00000000E+00
 4.76237525E-01 
-0.00000000E+00 -0.00000000E+00 -0.00000000E+00 -0.00000000E+00 -1.16327077E-02
-0.00000000E+00 -0.00000000E+00 -0.00000000E+00  5.46074452E-02 -0.00000000E+00
-0.00000000E+00 -0.00000000E+00 -5.27117651E-01 -0.00000000E+00 -0.00000000E+00
-0.00000000E+00  1.17487708E-01 -0.00000000E+00 -0.00000000E+00 -0.00000000E+00
-0.00000000E+00 -0.00000000E+00  8.93080045E-03 -0.00000000E+00 -0.00000000E+00
-0.00000000E+00 -0.00000000E+00 -0.00000000E+00  6.03850564E-01 -0.00000000E+00
-0.00000000E+00 -0.00000000E+00 -0.00000000E+00 -0.00000000E+00  4.42786284E-01
-0.00000000E+00 -0.00000000E+00 -0.00000000E+00 -0.00000000E+00 -0.00000000E+00
 4.42786284E-01 
-0.00000000E+00 -0.00000000E+00 -6.41312153E-02 -0.00000000E+00 -0.00000000E+00
-0.00000000E+00 -2.63646219E-02 -0.00000000E+00 -0.00000000E+00 -0.00000000E+00
 1.85643459E+00 -0.00000000E+00 -0.00000000E+00 -0.00000000E+00 -8.75504835E-01
-0.00000000E+00 -0.00000000E+00 -0.00000000E+00 -0.00000000E+00 -0.00000000E+00
 2.84536791E-03 -0.00000000E+00 -0.00000000E+00 -0.00000000E+00 -0.00000000E+00
-0.00000000E+00  6.65052748E-01 -0.00000000E+00 -0.00000000E+00  2.65139355E-01
-1.88271848E+00  1.40611708E+00 -2.94846771E-01  6.30965842E-01 -0.00000000E+00
-2.65139355E-01  1.88271848E+00 -1.40611708E+00 -2.94846771E-01 -6.30965842E-01
-0.00000000E+00 
 2.83449797E-02  5.99429906E-02  0.00000000E+00 -7.12345009E-02  0.00000000E+00
-7.96938772E-01  0.00000000E+00 -9.42220865E-02  0.00000000E+00  3.08042133E+00
 0.00000000E+00  1.37632050E+00  0.00000000E+00 -2.26400517E+00  0.00000000E+00
-7.03620304E-01  0.00000000E+00  4.51359421E-03 -8.71051913E-05  4.15075459E-03
 0.00000000E+00  0.00000000E+00  0.00000000E+00  6.18142564E-01  1.54707980E-01
-1.21079512E+00  0.00000000E+00  0.00000000E+00  0.00000000E+00  2.87978856E-01
-2.13160173E+00  1.57408495E+00  7.91086830E-02  8.70986152E-03  0.00000000E+00
 2.87978856E-01 -2.13160173E+00  1.57408495E+00 -7.91086830E-02  8.70986152E-03
 0.00000000E+00 
-0.00000000E+00 -0.00000000E+00 -1.05485890E-01 -0.00000000E+00 -0.00000000E+00
-0.00000000E+00 -3.27234882E-02 -0.00000000E+00 -0.00000000E+00 -0.00000000E+00
 8.50930733E-01 -0.00000000E+00 -0.00000000E+00 -0.00000000E+00 -6.82332459E-01
-0.00000000E+00 -0.00000000E+00 -0.00000000E+00 -0.00000000E+00 -0.00000000E+00
-1.18582022E-03 -0.00000000E+00 -0.00000000E+00 -0.00000000E+00 -0.00000000E+00
-0.00000000E+00  9.66732771E-01 -0.00000000E+00 -0.00000000E+00  3.28755100E-01
-1.57882840E+00  1.29798715E+00  3.69261220E-01 -3.28274543E-01 -0.00000000E+00
-3.28755100E-01  1.57882840E+00 -1.29798715E+00  3.69261220E-01  3.28274543E-01
-0.00000000E+00 
-0.00000000E+00 -0.00000000E+00 -0.00000000E+00 -0.00000000E+00 -0.00000000E+00
-0.00000000E+00 -0.00000000E+00 -0.00000000E+00 -0.00000000E+00 -0.00000000E+00
-0.00000000E+00 -0.00000000E+00 -0.00000000E+00 -0.00000000E+00 -0.00000000E+00
-0.00000000E+00 -0.00000000E+00 -0.00000000E+00 -0.00000000E+00 -0.00000000E+00
-0.00000000E+00 -8.64810693E-03 -0.00000000E+00 -0.00000000E+00 -0.00000000E+00
-0.00000000E+00 -0.00000000E+00  1.12865234E+00 -0.00000000E+00 -0.00000000E+00
-0.00000000E+00 -0.00000000E+00 -0.00000000E+00 -0.00000000E+00 -7.44243906E-01
-0.00000000E+00 -0.00000000E+00 -0.00000000E+00 -0.00000000E+00 -0.00000000E+00
 7.44243906E-01 
-0.00000000E+00 -0.00000000E+00 -0.00000000E+00 -0.00000000E+00  2.17940603E-02
-0.00000000E+00 -0.00000000E+00 -0.00000000E+00 -4.43633556E-03 -0.00000000E+00
-0.00000000E+00 -0.00000000E+00  7.02016371E-01 -0.00000000E+00 -0.00000000E+00
-0.00000000E+00 -1.09279488E-01 -0.00000000E+00 -0.00000000E+00 -0.00000000E+00
-0.00000000E+00 -0.00000000E+00 -7.28798327E-03 -0.00000000E+00 -0.00000000E+00
-0.00000000E+00 -0.00000000E+00 -0.00000000E+00  9.80758657E-01 -0.00000000E+00
-0.00000000E+00 -0.00000000E+00 -0.00000000E+00 -0.00000000E+00 -8.29040921E-01
-0.00000000E+00 -0.00000000E+00 -0.00000000E+00 -0.00000000E+00 -0.00000000E+00
-8.29040921E-01 
-4.77286192E-02 -1.36027199E-01 -0.00000000E+00  4.94308888E-02 -0.00000000E+00
-3.58993797E-01 -0.00000000E+00 -5.43746170E-01 -0.00000000E+00 -2.34735578E-01
-0.00000000E+00 -7.28501242E-01 -0.00000000E+00  2.10605846E+00 -0.00000000E+00
 6.75383973E-01 -0.00000000E+00 -2.68713318E-02 -3.39891485E-02 -3.64466687E-02
-0.00000000E+00 -0.00000000E+00 -0.00000000E+00 -1.08689453E+00 -6.75053020E-01
-9.14817378E-01 -0.00000000E+00 -0.00000000E+00 -0.00000000E+00 -7.81627641E-01
 2.41804601E+00 -1.71941143E+00 -5.87386420E-01 -6.43658548E-01 -0.00000000E+00
-7.81627641E-01  2.41804601E+00 -1.71941143E+00  5.87386420E-01 -6.43658548E-01
-0.00000000E+00 
 1.67824842E-02  4.86041905E-02  0.00000000E+00 -8.84880068E-03  0.00000000E+00
-1.38384258E-01  0.00000000E+00  2.24399423E-02  0.00000000E+00  4.04159237E-01
 0.00000000E+00  9.82130527E-01  0.00000000E+00 -3.96190521E-01  0.00000000E+00
-2.26650688E-01  0.00000000E+00  1.47600499E-02  1.56083487E-02  5.97687116E-03
 0.00000000E+00  0.00000000E+00  0.00000000E+00 -9.13886189E-01  1.35405438E+00
 2.29577738E-02  0.00000000E+00  0.00000000E+00  0.00000000E+00  1.78797729E-01
-7.19619771E-01  3.75030018E-01  6.27003286E-01 -6.82564537E-01  0.00000000E+00
 1.78797729E-01 -7.19619771E-01  3.75030018E-01 -6.27003286E-01 -6.82564537E-01
 0.00000000E+00 
-0.00000000E+00 -0.00000000E+00  6.72549897E-02 -0.00000000E+00 -0.00000000E+00
-0.00000000E+00  1.07375425E+00 -0.00000000E+00 -0.00000000E+00 -0.00000000E+00
 1.69436102E+00 -0.00000000E+00 -0.00000000E+00 -0.00000000E+00 -8.18937697E-01
-0.00000000E+00 -0.00000000E+00 -0.00000000E+00 -0.00000000E+00 -0.00000000E+00
-2.72601035E-02 -0.00000000E+00 -0.00000000E+00 -0.00000000E+00 -0.00000000E+00
-0.00000000E+00  7.05044888E-01 -0.00000000E+00 -0.00000000E+00  5.29284910E-01
-2.88241724E+00  1.43443556E+00  1.14027576E+00  9.06141880E-01 -0.00000000E+00
-5.29284910E-01  2.88241724E+00 -1.43443556E+00  1.14027576E+00 -9.06141880E-01
-0.00000000E+00 
-7.22048236E-02 -2.01863414E-01  0.00000000E+00  2.11205824E-01  0.00000000E+00
 2.72624744E-01  0.00000000E+00  6.75378953E-01  0.00000000E+00  6.03710218E+00
 0.00000000E+00  2.31064850E+00  0.00000000E+00 -2.72040937E+00  0.00000000E+00
-9.25238931E-01  0.00000000E+00 -6.14494404E-02 -3.63672522E-02 -3.67125822E-02
 0.00000000E+00  0.00000000E+00  0.00000000E+00  2.69285336E-01 -1.39519433E-01
-1.56441527E+00  0.00000000E+00  0.00000000E+00  0.00000000E+00 -2.08854663E-01
-3.15889266E+00  1.58556321E+00  1.33712547E+00  8.05127596E-01  0.00000000E+00
-2.08854663E-01 -3.15889266E+00  1.58556321E+00 -1.33712547E+00  8.05127596E-01
 0.00000000E+00 
 0.00000000E+00  0.00000000E+00  3.62701447E-01  0.00000000E+00  0.00000000E+00
 0.00000000E+00  3.71183519E-01  0.00000000E+00  0.00000000E+00  0.00000000E+00
 1.97592833E+00  0.00000000E+00  0.00000000E+00  0.00000000E+00 -5.04239970E-01
 0.00000000E+00  0.00000000E+00  0.00000000E+00  0.00000000E+00  0.00000000E+00
-1.31401269E-02  0.00000000E+00  0.00000000E+00  0.00000000E+00  0.00000000E+00
 0.00000000E+00  1.65405570E+00  0.00000000E+00  0.00000000E+00 -9.91295730E-01
-1.18477686E+00  2.59651665E-01  7.14322613E-01  6.11283196E-01  0.00000000E+00
 9.91295730E-01  1.18477686E+00 -2.59651665E-01  7.14322613E-01 -6.11283196E-01
 0.00000000E+00 
-9.69051542E-02 -3.04528823E-01  0.00000000E+00 -2.17014135E-01  0.00000000E+00
-6.51204592E-01  0.00000000E+00 -1.95662194E-01  0.00000000E+00  4.51815597E+00
 0.00000000E+00 -4.99104769E-01  0.00000000E+00 -1.86591503E+00  0.00000000E+00
-1.74098551E-01  0.00000000E+00 -4.85161613E-02 -7.40200993E-02 -9.83755389E-02
 0.00000000E+00  0.00000000E+00  0.00000000E+00 -2.45628792E+00 -2.08172802E+00
-1.52239298E+00  0.00000000E+00  0.00000000E+00  0.00000000E+00  7.70722860E-01
-3.00847541E-02  7.10335934E-01 -4.67435559E-01 -3.61944048E-01  0.00000000E+00
 7.70722860E-01 -3.00847541E-02  7.10335934E-01  4.67435559E-01 -3.61944048E-01
 0.00000000E+00 
-0.00000000E+00 -0.00000000E+00 -0.00000000E+00 -0.00000000E+00 -1.28285517E+00
-0.00000000E+00 -0.00000000E+00 -0.00000000E+00  1.49048858E+00 -0.00000000E+00
-0.00000000E+00 -0.00000000E+00 -7.76385792E-01 -0.00000000E+00 -0.00000000E+00
-0.00000000E+00  2.87897110E-01 -0.00000000E+00 -0.00000000E+00 -0.00000000E+00
-0.00000000E+00 -0.00000000E+00  4.04968551E-03 -0.00000000E+00 -0.00000000E+00
-0.00000000E+00 -0.00000000E+00 -0.00000000E+00  2.16651114E-02 -0.00000000E+00
-0.00000000E+00 -0.00000000E+00 -0.00000000E+00 -0.00000000E+00 -4.38645209E-02
-0.00000000E+00 -0.00000000E+00 -0.00000000E+00 -0.00000000E+00 -0.00000000E+00
-4.38645209E-02 
 5.69181233E-03  1.69670023E-02  0.00000000E+00 -1.30069273E+00  0.00000000E+00
 4.08221219E-01  0.00000000E+00  1.98603669E+00  0.00000000E+00  5.74704195E-01
 0.00000000E+00  9.15938651E-02  0.00000000E+00 -3.58854051E-01  0.00000000E+00
 2.09835355E-02  0.00000000E+00 -1.98918989E-02  4.92822408E-02 -1.92698075E-02
 0.00000000E+00  0.00000000E+00  0.00000000E+00  8.84915667E-01  6.08116602E-01
 1.91461107E-02  0.00000000E+00  0.00000000E+00  0.00000000E+00 -3.63118595E-01
-1.05893475E+00  3.20454422E-01  6.87814378E-01  4.36777095E-01  0.00000000E+00
-3.63118595E-01 -1.05893475E+00  3.20454422E-01 -6.87814378E-01  4.36777095E-01
 0.00000000E+00 
-0.00000000E+00 -0.00000000E+00 -1.31018267E+00 -0.00000000E+00 -0.00000000E+00
-0.00000000E+00  2.23019560E+00 -0.00000000E+00 -0.00000000E+00 -0.00000000E+00
 4.92756200E-01 -0.00000000E+00 -0.00000000E+00 -0.00000000E+00 -1.06308288E-01
-0.00000000E+00 -0.00000000E+00 -0.00000000E+00 -0.00000000E+00 -0.00000000E+00
 1.22362203E-01 -0.00000000E+00 -0.00000000E+00 -0.00000000E+00 -0.00000000E+00
-0.00000000E+00  9.20984982E-01 -0.00000000E+00 -0.00000000E+00 -4.98665261E-01
-1.14555335E+00  3.32276335E-01  7.07649344E-01  6.15763793E-01 -0.00000000E+00
 4.98665261E-01  1.14555335E+00 -3.32276335E-01  7.07649344E-01 -6.15763793E-01
-0.00000000E+00 
 0.00000000E+00  0.00000000E+00  0.00000000E+00  0.00000000E+00  6.92232727E-03
 0.00000000E+00  0.00000000E+00  0.00000000E+00 -2.02285661E-02  0.00000000E+00
 0.00000000E+00  0.00000000E+00 -8.67846754E-02  0.00000000E+00  0.00000000E+00
 0.00000000E+00  1.26082041E-02  0.00000000E+00  0.00000000E+00  0.00000000E+00
 0.00000000E+00  0.00000000E+00  1.13508266E+00  0.00000000E+00  0.00000000E+00
 0.00000000E+00  0.00000000E+00  0.00000000E+00 -5.95943091E-01  0.00000000E+00
 0.00000000E+00  0.00000000E+00  0.00000000E+00  0.00000000E+00  1.18963744E-01
 0.00000000E+00  0.00000000E+00  0.00000000E+00  0.00000000E+00  0.00000000E+00
 1.18963744E-01 
 0.00000000E+00  0.00000000E+00  0.00000000E+00  0.00000000E+00  0.00000000E+00
 0.00000000E+00  0.00000000E+00  0.00000000E+00  0.00000000E+00  0.00000000E+00
 0.00000000E+00  0.00000000E+00  0.00000000E+00  0.00000000E+00  0.00000000E+00
 0.00000000E+00  0.00000000E+00  0.00000000E+00  0.00000000E+00  0.00000000E+00
 0.00000000E+00  1.13997440E+00  0.00000000E+00  0.00000000E+00  0.00000000E+00
 0.00000000E+00  0.00000000E+00 -6.33781742E-01  0.00000000E+00  0.00000000E+00
 0.00000000E+00  0.00000000E+00  0.00000000E+00  0.00000000E+00  1.34109227E-01
 0.00000000E+00  0.00000000E+00  0.00000000E+00  0.00000000E+00  0.00000000E+00
-1.34109227E-01 
-3.92344067E-03  1.27251824E-04  0.00000000E+00 -5.15572577E-02  0.00000000E+00
-1.58014684E-01  0.00000000E+00  1.21010954E-01  0.00000000E+00  1.13018533E+00
 0.00000000E+00  5.12965170E-01  0.00000000E+00 -4.07421580E-01  0.00000000E+00
-1.34649926E-01  0.00000000E+00 -5.99937515E-01 -5.34285932E-01  1.15330824E+00
 0.00000000E+00  0.00000000E+00  0.00000000E+00  3.57926365E-01  2.72556099E-01
-7.82976627E-01  0.00000000E+00  0.00000000E+00  0.00000000E+00 -5.73667446E-02
-6.78193508E-01  2.90087945E-01  1.51230262E-01  4.60169027E-02  0.00000000E+00
-5.73667446E-02 -6.78193508E-01  2.90087945E-01 -1.51230262E-01  4.60169027E-02
 0.00000000E+00 
-2.90980995E-04 -3.62584790E-03  0.00000000E+00  4.58375256E-02  0.00000000E+00
-2.42702144E-02  0.00000000E+00 -1.02981611E-01  0.00000000E+00 -5.92973596E-02
 0.00000000E+00 -1.88002990E-01  0.00000000E+00  8.58196321E-02  0.00000000E+00
 5.08348405E-02  0.00000000E+00 -9.89006231E-01  1.01290063E+00 -3.62895155E-02
 0.00000000E+00  0.00000000E+00  0.00000000E+00  6.05336601E-01 -7.23309518E-01
 5.58600889E-03  0.00000000E+00  0.00000000E+00  0.00000000E+00 -5.82340518E-03
 1.09589524E-01 -6.31073837E-02 -2.02414115E-01  1.50855365E-01  0.00000000E+00
-5.82340518E-03  1.09589524E-01 -6.31073837E-02  2.02414115E-01  1.50855365E-01
 0.00000000E+00 
 0.00000000E+00  0.00000000E+00  1.95200054E-01  0.00000000E+00  0.00000000E+00
 0.00000000E+00 -4.04501727E-01  0.00000000E+00  0.00000000E+00  0.00000000E+00
-8.65625388E-01  0.00000000E+00  0.00000000E+00  0.00000000E+00  3.10547661E-01
 0.00000000E+00  0.00000000E+00  0.00000000E+00  0.00000000E+00  0.00000000E+00
 1.17526539E+00  0.00000000E+00  0.00000000E+00  0.00000000E+00  0.00000000E+00
 0.00000000E+00 -1.13877740E+00  0.00000000E+00  0.00000000E+00  2.67147478E-01
 8.64962202E-01 -4.56771913E-01 -2.09079683E-01 -1.80807785E-01  0.00000000E+00
-2.67147478E-01 -8.64962202E-01  4.56771913E-01 -2.09079683E-01  1.80807785E-01
 0.00000000E+00 
-8.68108845E-03 -2.00623205E+00  0.00000000E+00 -9.04926512E-03  0.00000000E+00
 8.19639290E+00  0.00000000E+00  5.36306718E-02  0.00000000E+00  4.50756294E+00
 0.00000000E+00  2.49977009E-01  0.00000000E+00 -1.17828997E+00  0.00000000E+00
-1.92241772E-01  0.00000000E+00 -3.28676651E+00 -3.29067916E+00 -3.27196241E+00
 0.00000000E+00  0.00000000E+00  0.00000000E+00 -2.24798548E+00 -2.26615650E+00
-2.37118117E+00  0.00000000E+00  0.00000000E+00  0.00000000E+00  5.44902559E-02
-4.14923831E-01  3.81673478E-01  9.57344240E-02  4.95706868E-02  0.00000000E+00
 5.44902559E-02 -4.14923831E-01  3.81673478E-01 -9.57344240E-02  4.95706868E-02
 0.00000000E+00 
 2.67110209E+00 -4.12339678E+00 -0.00000000E+00 -5.72131006E-04 -0.00000000E+00
 5.27961066E+00 -0.00000000E+00  2.29941020E-02 -0.00000000E+00  4.02134042E+00
-0.00000000E+00  2.14069730E-01 -0.00000000E+00 -1.15754729E+00 -0.00000000E+00
-1.89461689E-01 -0.00000000E+00 -2.11334308E+00 -2.11581124E+00 -2.10400778E+00
-0.00000000E+00 -0.00000000E+00 -0.00000000E+00 -1.84416136E+00 -1.85096629E+00
-1.92325057E+00 -0.00000000E+00 -0.00000000E+00 -0.00000000E+00  7.64391849E-02
-3.74695337E-01  3.85038379E-01  6.47099650E-02  2.93820780E-02 -0.00000000E+00
 7.64391849E-02 -3.74695337E-01  3.85038379E-01 -6.47099650E-02  2.93820780E-02
-0.00000000E+00
