
 8588.5000000000000000  
 
 1297.2300000000000182  
 
 299.2959999999999923  
 
 87.3770999999999987  
 
 25.6788999999999987  
 
 3.7400400000000000  
 
 42.1174999999999997  
 
 9.6283700000000003  
 
 2.8533200000000001  
 
 42.1174999999999997  
 
 9.6283700000000003  
 
 2.8533200000000001  
 
 42.1174999999999997  
 
 9.6283700000000003  
 
 2.8533200000000001  
 
 42.1174999999999997  
 
 9.6283700000000003  
 
 2.8533200000000001  
 
 0.9056610000000000  
 
 0.9056610000000000  
 
 0.9056610000000000  
 
 0.9056610000000000  
 
 0.2556110000000000  
 
 0.2556110000000000  
 
 0.2556110000000000  
 
 0.2556110000000000  
 
 1.2920000000000000  
 
 1.2920000000000000  
 
 1.2920000000000000  
 
 1.2920000000000000  
 
 1.2920000000000000  
 
 1.2920000000000000  
 
 33.8650000000000020  
 
 5.0947899999999997  
 
 1.1587900000000000  
 
 0.3258400000000000  
 
 0.1027410000000000  
 
 33.8650000000000020  
 
 5.0947899999999997  
 
 1.1587900000000000  
 
 0.3258400000000000  
 
 0.1027410000000000  
 