
 9.9989847227129292E-01 

 1.1648770388703606E+00 

 1.9984802016639358E+00 

 1.0000000000000000E+00 

 1.0000000000000000E+00 

 1.0000000000000000E+00 

 1.0000000000000000E+00 

 1.0375811094807785E+00 

 1.0375811094807785E+00 

 1.0375811094807785E+00 

 3.3992559428558873E+00 

 3.3992559428558873E+00 

 3.3992559428558873E+00 

 1.0000000000000000E+00 

 1.0000000000000000E+00 

 1.0000000000000000E+00 

 1.0000000000000000E+00 

 1.0000000000000000E+00 

 1.0000000000000000E+00 

 1.0000000000000000E+00 

 1.0000000000000000E+00 

 1.0000000000000000E+00 

 9.9999999999999978E-01 

 9.9999999999999978E-01 

 9.9999999999999978E-01 

 1.0000000000000000E+00 

 1.0000000000000000E+00 

 1.0000000000000000E+00 

 1.0000000000000000E+00 

 1.0000000000000000E+00 

 1.0000000000000000E+00 

 1.0000000000000000E+00 

 1.0000000000000000E+00 

 1.0000000000000000E+00 

 1.0000000000000000E+00 

 1.0000000000000000E+00 

 1.0000000000000000E+00 

 9.9999999999999978E-01 

 9.9999999999999978E-01 

 9.9999999999999978E-01 

 1.0000000000000000E+00 

 1.0000000000000000E+00 

 1.0000000000000000E+00 

 1.0000000000000002E+00 

 1.0000000000000002E+00 

 1.0000000000000002E+00 

 1.0000000000000000E+00 

 1.0000000000000000E+00 

 1.0000000000000000E+00 

 1.0000000000000000E+00 

 1.0000000000000000E+00 

 1.0000000000000000E+00 

 9.9999999999999978E-01 

 9.9999999999999978E-01 

 1.0000000000000000E+00 

 9.9999999999999978E-01 

 1.0000000000000000E+00 

 1.0000000000000000E+00 

 1.0000000000000000E+00 

 1.0000000000000000E+00 

 1.0000000000000000E+00 

 1.0000000000000000E+00 

 1.0000000000000002E+00 

 1.0000000000000002E+00 

 1.0000000000000002E+00 

 1.0000000000000002E+00 

 1.0000000000000002E+00 

 1.0000000000000002E+00 

 1.0000000000000000E+00 

 1.0000000000000000E+00 

 1.0000000000000000E+00 

 1.0000000000000000E+00 

 1.0000000000000000E+00 

 1.0000000000000000E+00 

 1.0000000000000000E+00 

 1.0000000000000000E+00 

 1.0000000000000000E+00 

 1.0000000000000000E+00 

 1.0000000000000000E+00 

 1.0000000000000000E+00 

 1.0000000000000000E+00 

 1.0000000000000000E+00 

 1.0000000000000000E+00 

 1.0000000000000000E+00 

 1.0000000000000000E+00 

 1.0000000000000000E+00 

 1.0000000000000000E+00 

 1.0000000000000000E+00 

 9.9999999999999978E-01 

 9.9999999999999978E-01 

 9.9999999999999978E-01 

 1.0000000000000000E+00 

 1.0000000000000000E+00 

 9.9999999999999978E-01 

 1.0000000000000002E+00 

 1.0000000000000002E+00 

 1.0000000000000002E+00 

 1.0000000000000002E+00 

 1.0000000000000002E+00 

 1.0000000000000002E+00 

 1.0000000000000002E+00 

 1.0000000000000002E+00 

 1.0000000000000002E+00 

 1.0000000000000000E+00 

 1.0000000000000000E+00 

 1.0000000000000000E+00 

 1.0000000000000000E+00 

 1.0000000000000000E+00 

 1.0000000000000002E+00 

 1.0000000000000000E+00 

 1.0000000000000000E+00 

 1.0000000000000000E+00 

 9.9999999999999978E-01 

 9.9999999999999978E-01 

 1.0000000000000000E+00 

 9.9999999999999978E-01 

 1.0000000000000000E+00 

 1.0000000000000000E+00 

 1.0000000000000000E+00 

 1.0000000000000000E+00 

 1.0000000000000000E+00 

 1.0000000000000000E+00 

 1.0000000000000000E+00 

 1.0000000000000000E+00 

 1.0000000000000002E+00 

 1.0000000000000002E+00 

 1.0000000000000002E+00 

 1.0000000000000000E+00 

 1.0000000000000000E+00 

 1.0000000000000000E+00 
