
 7401000.0000000000000000  
 
 1108000.0000000000000000  
 
 252100.0000000000000000  
 
 71380.0000000000000000  
 
 23260.0000000000000000  
 
 8390.0000000000000000  
 
 3271.0000000000000000  
 
 1357.0000000000000000  
 
 592.0000000000000000  
 
 269.1000000000000227  
 
 126.5000000000000000  
 
 61.0300000000000011  
 
 29.8599999999999994  
 
 14.1699999999999999  
 
 7.0220000000000002  
 
 3.5110000000000001  
 
 7401000.0000000000000000  
 
 1108000.0000000000000000  
 
 252100.0000000000000000  
 
 71380.0000000000000000  
 
 23260.0000000000000000  
 
 8390.0000000000000000  
 
 3271.0000000000000000  
 
 1357.0000000000000000  
 
 592.0000000000000000  
 
 269.1000000000000227  
 
 126.5000000000000000  
 
 61.0300000000000011  
 
 29.8599999999999994  
 
 14.1699999999999999  
 
 7.0220000000000002  
 
 3.5110000000000001  
 
 7401000.0000000000000000  
 
 1108000.0000000000000000  
 
 252100.0000000000000000  
 
 71380.0000000000000000  
 
 23260.0000000000000000  
 
 8390.0000000000000000  
 
 3271.0000000000000000  
 
 1357.0000000000000000  
 
 592.0000000000000000  
 
 269.1000000000000227  
 
 126.5000000000000000  
 
 61.0300000000000011  
 
 29.8599999999999994  
 
 14.1699999999999999  
 
 7.0220000000000002  
 
 3.5110000000000001  
 
 1.7580000000000000  
 
 0.7841000000000000  
 
 0.3480000000000000  
 
 0.1491000000000000  
 
 2927.0000000000000000  
 
 693.5000000000000000  
 
 224.6999999999999886  
 
 85.1700000000000017  
 
 35.5300000000000011  
 
 15.7300000000000004  
 
 7.1650000000000000  
 
 3.3220000000000001  
 
 2927.0000000000000000  
 
 693.5000000000000000  
 
 224.6999999999999886  
 
 85.1700000000000017  
 
 35.5300000000000011  
 
 15.7300000000000004  
 
 7.1650000000000000  
 
 3.3220000000000001  
 
 2927.0000000000000000  
 
 693.5000000000000000  
 
 224.6999999999999886  
 
 85.1700000000000017  
 
 35.5300000000000011  
 
 15.7300000000000004  
 
 7.1650000000000000  
 
 3.3220000000000001  
 
 2927.0000000000000000  
 
 693.5000000000000000  
 
 224.6999999999999886  
 
 85.1700000000000017  
 
 35.5300000000000011  
 
 15.7300000000000004  
 
 7.1650000000000000  
 
 3.3220000000000001  
 
 2927.0000000000000000  
 
 693.5000000000000000  
 
 224.6999999999999886  
 
 85.1700000000000017  
 
 35.5300000000000011  
 
 15.7300000000000004  
 
 7.1650000000000000  
 
 3.3220000000000001  
 
 2927.0000000000000000  
 
 693.5000000000000000  
 
 224.6999999999999886  
 
 85.1700000000000017  
 
 35.5300000000000011  
 
 15.7300000000000004  
 
 7.1650000000000000  
 
 3.3220000000000001  
 
 1.4780000000000000  
 
 1.4780000000000000  
 
 1.4780000000000000  
 
 0.6552000000000000  
 
 0.6552000000000000  
 
 0.6552000000000000  
 
 0.2751000000000000  
 
 0.2751000000000000  
 
 0.2751000000000000  
 
 0.1097000000000000  
 
 0.1097000000000000  
 
 0.1097000000000000  
 
 0.3090000000000000  
 
 0.3090000000000000  
 
 0.3090000000000000  
 
 0.3090000000000000  
 
 0.3090000000000000  
 
 0.3090000000000000  
 
 0.7700000000000000  
 
 0.7700000000000000  
 
 0.7700000000000000  
 
 0.7700000000000000  
 
 0.7700000000000000  
 
 0.7700000000000000  
 
 1.9170000000000000  
 
 1.9170000000000000  
 
 1.9170000000000000  
 
 1.9170000000000000  
 
 1.9170000000000000  
 
 1.9170000000000000  
 
 4.7759999999999998  
 
 4.7759999999999998  
 
 4.7759999999999998  
 
 4.7759999999999998  
 
 4.7759999999999998  
 
 4.7759999999999998  
 
 0.4080000000000000  
 
 0.4080000000000000  
 
 0.4080000000000000  
 
 0.4080000000000000  
 
 0.4080000000000000  
 
 0.4080000000000000  
 
 0.4080000000000000  
 
 0.4080000000000000  
 
 0.4080000000000000  
 
 0.4080000000000000  
 
 0.8250000000000000  
 
 0.8250000000000000  
 
 0.8250000000000000  
 
 0.8250000000000000  
 
 0.8250000000000000  
 
 0.8250000000000000  
 
 0.8250000000000000  
 
 0.8250000000000000  
 
 0.8250000000000000  
 
 0.8250000000000000  
 
 1.6679999999999999  
 
 1.6679999999999999  
 
 1.6679999999999999  
 
 1.6679999999999999  
 
 1.6679999999999999  
 
 1.6679999999999999  
 
 1.6679999999999999  
 
 1.6679999999999999  
 
 1.6679999999999999  
 
 1.6679999999999999  
 
 0.6650000000000000  
 
 0.6650000000000000  
 
 0.6650000000000000  
 
 0.6650000000000000  
 
 0.6650000000000000  
 
 0.6650000000000000  
 
 0.6650000000000000  
 
 0.6650000000000000  
 
 0.6650000000000000  
 
 0.6650000000000000  
 
 0.6650000000000000  
 
 0.6650000000000000  
 
 0.6650000000000000  
 
 0.6650000000000000  
 
 0.6650000000000000  
 
 1.5620000000000001  
 
 1.5620000000000001  
 
 1.5620000000000001  
 
 1.5620000000000001  
 
 1.5620000000000001  
 
 1.5620000000000001  
 
 1.5620000000000001  
 
 1.5620000000000001  
 
 1.5620000000000001  
 
 1.5620000000000001  
 
 1.5620000000000001  
 
 1.5620000000000001  
 
 1.5620000000000001  
 
 1.5620000000000001  
 
 1.5620000000000001  
 
 1.2640000000000000  
 
 1.2640000000000000  
 
 1.2640000000000000  
 
 1.2640000000000000  
 
 1.2640000000000000  
 
 1.2640000000000000  
 
 1.2640000000000000  
 
 1.2640000000000000  
 
 1.2640000000000000  
 
 1.2640000000000000  
 
 1.2640000000000000  
 
 1.2640000000000000  
 
 1.2640000000000000  
 
 1.2640000000000000  
 
 1.2640000000000000  
 
 1.2640000000000000  
 
 1.2640000000000000  
 
 1.2640000000000000  
 
 1.2640000000000000  
 
 1.2640000000000000  
 
 1.2640000000000000  
 