
 0.0000017500000000  
 
 0.0000136100000000  
 
 0.0000716300000000  
 
 0.0003030300000000  
 
 0.0011060800000000  
 
 0.0036067100000000  
 
 0.0107132100000000  
 
 0.0291067700000000  
 
 0.0716601100000000  
 
 0.1541405300000000  
 
 0.2704170700000000  
 
 0.3348547000000000  
 
 0.2243463100000000  
 
 0.0500028400000000  
 
 0.0000645900000000  
 
 0.0016864100000000  
 
 -0.0000005000000000  
 
 -0.0000038700000000  
 
 -0.0000203400000000  
 
 -0.0000860900000000  
 
 -0.0003144400000000  
 
 -0.0010284100000000  
 
 -0.0030726700000000  
 
 -0.0084753200000000  
 
 -0.0215200800000000  
 
 -0.0494493200000000  
 
 -0.0987759200000000  
 
 -0.1583082200000000  
 
 -0.1514029800000000  
 
 0.0582426400000000  
 
 0.4293830500000000  
 
 0.4990888400000000  
 
 0.0000001600000000  
 
 0.0000012100000000  
 
 0.0000063600000000  
 
 0.0000268900000000  
 
 0.0000983400000000  
 
 0.0003212900000000  
 
 0.0009620000000000  
 
 0.0026524500000000  
 
 0.0067703500000000  
 
 0.0156172700000000  
 
 0.0317166600000000  
 
 0.0519974200000000  
 
 0.0524751400000000  
 
 -0.0226414700000000  
 
 -0.1860622900000000  
 
 -0.3501454700000000  
 
 1.0000000000000000  
 
 1.0000000000000000  
 
 1.0000000000000000  
 
 1.0000000000000000  
 
 0.0002319900000000  
 
 0.0020232900000000  
 
 0.0110340100000000  
 
 0.0438397000000000  
 
 0.1303590400000000  
 
 0.2757499100000000  
 
 0.3876433000000000  
 
 0.2874074100000000  
 
 0.0002319900000000  
 
 0.0020232900000000  
 
 0.0110340100000000  
 
 0.0438397000000000  
 
 0.1303590400000000  
 
 0.2757499100000000  
 
 0.3876433000000000  
 
 0.2874074100000000  
 
 0.0002319900000000  
 
 0.0020232900000000  
 
 0.0110340100000000  
 
 0.0438397000000000  
 
 0.1303590400000000  
 
 0.2757499100000000  
 
 0.3876433000000000  
 
 0.2874074100000000  
 
 -0.0000649100000000  
 
 -0.0005653100000000  
 
 -0.0031098800000000  
 
 -0.0124696400000000  
 
 -0.0382246500000000  
 
 -0.0830791800000000  
 
 -0.1245940900000000  
 
 -0.0832971300000000  
 
 -0.0000649100000000  
 
 -0.0005653100000000  
 
 -0.0031098800000000  
 
 -0.0124696400000000  
 
 -0.0382246500000000  
 
 -0.0830791800000000  
 
 -0.1245940900000000  
 
 -0.0832971300000000  
 
 -0.0000649100000000  
 
 -0.0005653100000000  
 
 -0.0031098800000000  
 
 -0.0124696400000000  
 
 -0.0382246500000000  
 
 -0.0830791800000000  
 
 -0.1245940900000000  
 
 -0.0832971300000000  
 
 1.0000000000000000  
 
 1.0000000000000000  
 
 1.0000000000000000  
 
 1.0000000000000000  
 
 1.0000000000000000  
 
 1.0000000000000000  
 
 1.0000000000000000  
 
 1.0000000000000000  
 
 1.0000000000000000  
 
 1.0000000000000000  
 
 1.0000000000000000  
 
 1.0000000000000000  
 
 1.0000000000000000  
 
 1.0000000000000000  
 
 1.0000000000000000  
 
 1.0000000000000000  
 
 1.0000000000000000  
 
 1.0000000000000000  
 
 1.0000000000000000  
 
 1.0000000000000000  
 
 1.0000000000000000  
 
 1.0000000000000000  
 
 1.0000000000000000  
 
 1.0000000000000000  
 
 1.0000000000000000  
 
 1.0000000000000000  
 
 1.0000000000000000  
 
 1.0000000000000000  
 
 1.0000000000000000  
 
 1.0000000000000000  
 
 1.0000000000000000  
 
 1.0000000000000000  
 
 1.0000000000000000  
 
 1.0000000000000000  
 
 1.0000000000000000  
 
 1.0000000000000000  
 
 1.0000000000000000  
 
 1.0000000000000000  
 
 1.0000000000000000  
 
 1.0000000000000000  
 
 1.0000000000000000  
 
 1.0000000000000000  
 
 1.0000000000000000  
 
 1.0000000000000000  
 
 1.0000000000000000  
 
 1.0000000000000000  
 
 1.0000000000000000  
 
 1.0000000000000000  
 
 1.0000000000000000  
 
 1.0000000000000000  
 
 1.0000000000000000  
 
 1.0000000000000000  
 
 1.0000000000000000  
 
 1.0000000000000000  
 
 1.0000000000000000  
 
 1.0000000000000000  
 
 1.0000000000000000  
 
 1.0000000000000000  
 
 1.0000000000000000  
 
 1.0000000000000000  
 
 1.0000000000000000  
 
 1.0000000000000000  
 
 1.0000000000000000  
 
 1.0000000000000000  
 
 1.0000000000000000  
 
 1.0000000000000000  
 
 1.0000000000000000  
 
 1.0000000000000000  
 
 1.0000000000000000  
 
 1.0000000000000000  
 
 1.0000000000000000  
 
 1.0000000000000000  
 
 1.0000000000000000  
 
 1.0000000000000000  
 
 1.0000000000000000  
 
 1.0000000000000000  
 
 1.0000000000000000  
 
 1.0000000000000000  
 
 1.0000000000000000  
 
 1.0000000000000000  
 
 1.0000000000000000  
 
 1.0000000000000000  
 
 1.0000000000000000  
 
 1.0000000000000000  
 
 1.0000000000000000  
 
 1.0000000000000000  
 
 1.0000000000000000  
 
 1.0000000000000000  
 
 1.0000000000000000  
 
 1.0000000000000000  
 
 1.0000000000000000  
 
 1.0000000000000000  
 
 1.0000000000000000  
 
 1.0000000000000000  
 
 1.0000000000000000  
 
 1.0000000000000000  
 
 1.0000000000000000  
 
 1.0000000000000000  
 
 1.0000000000000000  
 
 1.0000000000000000  
 
 1.0000000000000000  
 
 1.0000000000000000  
 
 1.0000000000000000  
 
 1.0000000000000000  
 
 1.0000000000000000  
 
 1.0000000000000000  
 
 1.0000000000000000  
 
 1.0000000000000000  
 
 1.0000000000000000  
 
 1.0000000000000000  
 
 1.0000000000000000  
 
 1.0000000000000000  
 
 1.0000000000000000  
 
 1.0000000000000000  
 
 1.0000000000000000  
 
 1.0000000000000000  
 
 1.0000000000000000  
 