69379.2299999999959255
10354.9400000000005093
2333.8796000000002095
657.1429500000000417
214.3011300000000006
77.6291680000000071
77.6291680000000071
30.6308070000000008
12.8012949999999996
3.9268660000000000
1.4523429999999999
0.2562340000000000
0.0942790000000000
335.4831899999999791
78.9003660000000053
24.9881500000000010
9.2197110000000002
335.4831899999999791
78.9003660000000053
24.9881500000000010
9.2197110000000002
335.4831899999999791
78.9003660000000053
24.9881500000000010
9.2197110000000002
3.6211400000000000
1.4513100000000001
3.6211400000000000
1.4513100000000001
3.6211400000000000
1.4513100000000001
0.0331000000000000
0.0331000000000000
0.0331000000000000
0.0331000000000000
0.5049770000000000
0.5049770000000000
0.5049770000000000
0.1863170000000000
0.1863170000000000
0.1863170000000000
0.0654320000000000
0.0654320000000000
0.0654320000000000
0.4500000000000000
0.4500000000000000
0.4500000000000000
0.4500000000000000
0.4500000000000000
0.4500000000000000
