0.0007570004080000
0.0059320031980000
0.0310880167590000
0.1249670673680000
0.3868972085690000
0.5548882991300000
0.1778809450900000
0.6277648062170000
0.2476229235620000
1.0000000000000000
1.0000000000000000
1.0000000000000000
1.0000000000000000
0.0088659981480000
0.0682989857310000
0.2909579392150000
0.7321168470500000
0.0088659981480000
0.0682989857310000
0.2909579392150000
0.7321168470500000
0.0088659981480000
0.0682989857310000
0.2909579392150000
0.7321168470500000
0.6198794403870000
0.4391483119880000
0.6198794403870000
0.4391483119880000
0.6198794403870000
0.4391483119880000
1.0000000000000000
1.0000000000000000
1.0000000000000000
1.0000000000000000
1.0000000000000000
1.0000000000000000
1.0000000000000000
1.0000000000000000
1.0000000000000000
1.0000000000000000
1.0000000000000000
1.0000000000000000
1.0000000000000000
1.0000000000000000
1.0000000000000000
1.0000000000000000
1.0000000000000000
1.0000000000000000
1.0000000000000000
