  0.3915070E+00  0.3309080E+00  0.0000000E+00  0.0000000E+00  0.1175000E-02
  0.1336300E-01  0.0000000E+00  0.0000000E+00 -0.3620000E-03  0.6490000E-03
  0.0000000E+00  0.0000000E+00  0.2940000E-03 -0.2030000E-03  0.0000000E+00
  0.0000000E+00 -0.2160000E-03 -0.3857000E-02 -0.3857000E-02 -0.3376000E-02
  0.0000000E+00  0.0000000E+00  0.0000000E+00  0.3893010E+00  0.3290430E+00
  0.0000000E+00  0.0000000E+00 -0.1168000E-02  0.1328700E-01  0.0000000E+00
  0.0000000E+00  0.3580000E-03  0.6390000E-03  0.0000000E+00  0.0000000E+00
 -0.2880000E-03 -0.1940000E-03  0.0000000E+00  0.0000000E+00  0.2130000E-03
 -0.3836000E-02 -0.3836000E-02 -0.3354000E-02  0.0000000E+00  0.0000000E+00
  0.0000000E+00
 -0.3893370E+00 -0.3289920E+00  0.0000000E+00  0.0000000E+00 -0.1285000E-02
 -0.1344000E-01  0.0000000E+00  0.0000000E+00  0.8330000E-03 -0.2178000E-02
  0.0000000E+00  0.0000000E+00 -0.1047000E-02  0.4086000E-02  0.0000000E+00
  0.0000000E+00  0.1390000E-02  0.3890000E-02  0.3890000E-02  0.3952000E-02
  0.0000000E+00  0.0000000E+00  0.0000000E+00  0.3915430E+00  0.3308570E+00
  0.0000000E+00  0.0000000E+00 -0.1291000E-02  0.1351600E-01  0.0000000E+00
  0.0000000E+00  0.8350000E-03  0.2181000E-02  0.0000000E+00  0.0000000E+00
 -0.1049000E-02 -0.4087000E-02  0.0000000E+00  0.0000000E+00  0.1391000E-02
 -0.3911000E-02 -0.3911000E-02 -0.3971000E-02  0.0000000E+00  0.0000000E+00
  0.0000000E+00
 -0.8356000E-01 -0.1328930E+00  0.0000000E+00  0.0000000E+00  0.8550700E-01
  0.3912930E+00  0.0000000E+00  0.0000000E+00  0.1378270E+00  0.2238180E+00
  0.0000000E+00  0.0000000E+00  0.3840200E-01 -0.1154100E-01  0.0000000E+00
  0.0000000E+00 -0.1160700E-01 -0.1191000E-01 -0.1191000E-01  0.2811200E-01
  0.0000000E+00  0.0000000E+00  0.0000000E+00 -0.8356100E-01 -0.1328930E+00
  0.0000000E+00  0.0000000E+00 -0.8550700E-01  0.3912980E+00  0.0000000E+00
  0.0000000E+00 -0.1378260E+00  0.2238000E+00  0.0000000E+00  0.0000000E+00
 -0.3840200E-01 -0.1127600E-01  0.0000000E+00  0.0000000E+00  0.1151600E-01
 -0.1190900E-01 -0.1190900E-01  0.2811300E-01  0.0000000E+00  0.0000000E+00
  0.0000000E+00
  0.9035600E-01  0.1472020E+00  0.0000000E+00  0.0000000E+00  0.6713000E-01
 -0.4446030E+00  0.0000000E+00  0.0000000E+00  0.8725600E-01 -0.4562210E+00
  0.0000000E+00  0.0000000E+00  0.2584300E-01  0.1617390E+00  0.0000000E+00
  0.0000000E+00  0.6350300E-01  0.2256000E-02  0.2256000E-02  0.5883000E-02
  0.0000000E+00  0.0000000E+00  0.0000000E+00 -0.9035600E-01 -0.1472020E+00
  0.0000000E+00  0.0000000E+00  0.6713100E-01  0.4446050E+00  0.0000000E+00
  0.0000000E+00  0.8725600E-01  0.4562220E+00  0.0000000E+00  0.0000000E+00
  0.2584400E-01 -0.1617410E+00  0.0000000E+00  0.0000000E+00  0.6350300E-01
 -0.2257000E-02 -0.2257000E-02 -0.5884000E-02  0.0000000E+00  0.0000000E+00
  0.0000000E+00
 -0.3273300E-01 -0.5459300E-01 -0.0000000E+00 -0.0000000E+00 -0.2122000E+00
  0.1529360E+00 -0.0000000E+00 -0.0000000E+00 -0.3167910E+00  0.2221160E+00
 -0.0000000E+00 -0.0000000E+00 -0.1941330E+00  0.4820500E-01 -0.0000000E+00
 -0.0000000E+00 -0.6732000E-02  0.5104000E-02  0.5104000E-02 -0.2521600E-01
 -0.0000000E+00 -0.0000000E+00 -0.0000000E+00 -0.3273300E-01 -0.5459300E-01
 -0.0000000E+00 -0.0000000E+00  0.2122000E+00  0.1529350E+00 -0.0000000E+00
 -0.0000000E+00  0.3167910E+00  0.2221310E+00 -0.0000000E+00 -0.0000000E+00
  0.1941290E+00  0.4805000E-01 -0.0000000E+00 -0.0000000E+00  0.6786000E-02
  0.5103000E-02  0.5103000E-02 -0.2521700E-01 -0.0000000E+00 -0.0000000E+00
 -0.0000000E+00
 -0.0000000E+00 -0.0000000E+00  0.0000000E+00  0.2045280E+00 -0.0000000E+00
 -0.0000000E+00  0.0000000E+00  0.3052530E+00 -0.0000000E+00 -0.0000000E+00
  0.0000000E+00  0.2516080E+00 -0.0000000E+00 -0.0000000E+00  0.0000000E+00
  0.2111500E-01 -0.0000000E+00 -0.0000000E+00 -0.0000000E+00 -0.0000000E+00
 -0.0000000E+00  0.0000000E+00  0.3209000E-01 -0.0000000E+00 -0.0000000E+00
  0.0000000E+00  0.2045270E+00 -0.0000000E+00 -0.0000000E+00  0.0000000E+00
  0.3052530E+00 -0.0000000E+00 -0.0000000E+00  0.0000000E+00  0.2516080E+00
 -0.0000000E+00 -0.0000000E+00  0.0000000E+00  0.2111600E-01 -0.0000000E+00
 -0.0000000E+00 -0.0000000E+00 -0.0000000E+00 -0.0000000E+00 -0.0000000E+00
 -0.3209000E-01
 -0.0000000E+00 -0.0000000E+00  0.2045280E+00 -0.0000000E+00 -0.0000000E+00
 -0.0000000E+00  0.3052530E+00 -0.0000000E+00 -0.0000000E+00 -0.0000000E+00
  0.2516080E+00 -0.0000000E+00 -0.0000000E+00 -0.0000000E+00  0.2111500E-01
 -0.0000000E+00 -0.0000000E+00 -0.0000000E+00 -0.0000000E+00 -0.0000000E+00
 -0.0000000E+00  0.3209000E-01 -0.0000000E+00 -0.0000000E+00 -0.0000000E+00
  0.2045270E+00 -0.0000000E+00 -0.0000000E+00 -0.0000000E+00  0.3052530E+00
 -0.0000000E+00 -0.0000000E+00 -0.0000000E+00  0.2516080E+00 -0.0000000E+00
 -0.0000000E+00 -0.0000000E+00  0.2111600E-01 -0.0000000E+00 -0.0000000E+00
 -0.0000000E+00 -0.0000000E+00 -0.0000000E+00 -0.0000000E+00 -0.3209000E-01
  0.0000000E+00
  0.0000000E+00  0.0000000E+00 -0.0000000E+00 -0.2346500E+00  0.0000000E+00
  0.0000000E+00 -0.0000000E+00 -0.3414920E+00  0.0000000E+00  0.0000000E+00
 -0.0000000E+00 -0.3766720E+00  0.0000000E+00  0.0000000E+00 -0.0000000E+00
 -0.1839050E+00  0.0000000E+00  0.0000000E+00  0.0000000E+00  0.0000000E+00
  0.0000000E+00  0.0000000E+00  0.5938000E-02  0.0000000E+00  0.0000000E+00
  0.0000000E+00  0.2346510E+00  0.0000000E+00  0.0000000E+00  0.0000000E+00
  0.3414930E+00  0.0000000E+00  0.0000000E+00  0.0000000E+00  0.3766720E+00
  0.0000000E+00  0.0000000E+00  0.0000000E+00  0.1839040E+00  0.0000000E+00
  0.0000000E+00  0.0000000E+00  0.0000000E+00  0.0000000E+00  0.0000000E+00
  0.5938000E-02
  0.0000000E+00  0.0000000E+00 -0.2346510E+00  0.0000000E+00  0.0000000E+00
  0.0000000E+00 -0.3414920E+00  0.0000000E+00  0.0000000E+00  0.0000000E+00
 -0.3766720E+00  0.0000000E+00  0.0000000E+00  0.0000000E+00 -0.1839050E+00
  0.0000000E+00  0.0000000E+00  0.0000000E+00  0.0000000E+00  0.0000000E+00
  0.0000000E+00  0.5938000E-02 -0.0000000E+00  0.0000000E+00  0.0000000E+00
  0.2346510E+00 -0.0000000E+00  0.0000000E+00  0.0000000E+00  0.3414930E+00
 -0.0000000E+00  0.0000000E+00  0.0000000E+00  0.3766720E+00 -0.0000000E+00
  0.0000000E+00  0.0000000E+00  0.1839040E+00 -0.0000000E+00  0.0000000E+00
  0.0000000E+00  0.0000000E+00  0.0000000E+00  0.0000000E+00  0.5938000E-02
 -0.0000000E+00
  0.2791600E-01  0.5055100E-01 -0.0000000E+00 -0.0000000E+00  0.5041900E-01
 -0.1328150E+00 -0.0000000E+00 -0.0000000E+00  0.4769800E-01 -0.6863960E+00
 -0.0000000E+00 -0.0000000E+00  0.1724420E+00  0.9480950E+00 -0.0000000E+00
 -0.0000000E+00 -0.2735160E+00  0.1844700E-01  0.1844700E-01  0.9309000E-02
 -0.0000000E+00 -0.0000000E+00 -0.0000000E+00  0.2790500E-01  0.5053400E-01
 -0.0000000E+00 -0.0000000E+00 -0.5043500E-01 -0.1327410E+00 -0.0000000E+00
 -0.0000000E+00 -0.4772700E-01 -0.6864300E+00 -0.0000000E+00 -0.0000000E+00
 -0.1724170E+00  0.9515290E+00 -0.0000000E+00 -0.0000000E+00  0.2720820E+00
  0.1845500E-01  0.1845500E-01  0.9308000E-02 -0.0000000E+00 -0.0000000E+00
 -0.0000000E+00
 -0.3286000E-01 -0.5535200E-01 -0.0000000E+00 -0.0000000E+00  0.4841700E-01
  0.1935010E+00 -0.0000000E+00 -0.0000000E+00  0.9599200E-01  0.2986050E+00
 -0.0000000E+00 -0.0000000E+00 -0.1292800E-01  0.4835496E+01 -0.0000000E+00
 -0.0000000E+00  0.2383835E+01  0.5268000E-02  0.5268000E-02 -0.1470700E-01
 -0.0000000E+00 -0.0000000E+00 -0.0000000E+00  0.3287000E-01  0.5536700E-01
 -0.0000000E+00 -0.0000000E+00  0.4839600E-01 -0.1935420E+00 -0.0000000E+00
 -0.0000000E+00  0.9596500E-01 -0.2988220E+00 -0.0000000E+00 -0.0000000E+00
 -0.1298600E-01 -0.4835157E+01 -0.0000000E+00 -0.0000000E+00  0.2383988E+01
 -0.5269000E-02 -0.5269000E-02  0.1470600E-01 -0.0000000E+00 -0.0000000E+00
 -0.0000000E+00
  0.0000000E+00  0.0000000E+00 -0.0000000E+00 -0.8447700E-01  0.0000000E+00
  0.0000000E+00 -0.0000000E+00 -0.8929600E-01  0.0000000E+00  0.0000000E+00
 -0.0000000E+00 -0.3058990E+00  0.0000000E+00  0.0000000E+00  0.0000000E+00
  0.6759670E+00  0.0000000E+00  0.0000000E+00  0.0000000E+00  0.0000000E+00
  0.0000000E+00 -0.0000000E+00 -0.1329500E-01  0.0000000E+00  0.0000000E+00
 -0.0000000E+00 -0.8447700E-01  0.0000000E+00  0.0000000E+00 -0.0000000E+00
 -0.8929600E-01  0.0000000E+00  0.0000000E+00 -0.0000000E+00 -0.3058990E+00
  0.0000000E+00  0.0000000E+00  0.0000000E+00  0.6759680E+00  0.0000000E+00
  0.0000000E+00  0.0000000E+00  0.0000000E+00  0.0000000E+00  0.0000000E+00
  0.1329500E-01
 -0.0000000E+00 -0.0000000E+00 -0.8447700E-01  0.0000000E+00 -0.0000000E+00
 -0.0000000E+00 -0.8929600E-01  0.0000000E+00 -0.0000000E+00 -0.0000000E+00
 -0.3058980E+00  0.0000000E+00 -0.0000000E+00 -0.0000000E+00  0.6759660E+00
 -0.0000000E+00 -0.0000000E+00 -0.0000000E+00 -0.0000000E+00 -0.0000000E+00
 -0.0000000E+00 -0.1329500E-01  0.0000000E+00 -0.0000000E+00 -0.0000000E+00
 -0.8447700E-01  0.0000000E+00 -0.0000000E+00 -0.0000000E+00 -0.8929600E-01
  0.0000000E+00 -0.0000000E+00 -0.0000000E+00 -0.3059000E+00  0.0000000E+00
 -0.0000000E+00 -0.0000000E+00  0.6759690E+00 -0.0000000E+00 -0.0000000E+00
 -0.0000000E+00 -0.0000000E+00 -0.0000000E+00 -0.0000000E+00  0.1329500E-01
 -0.0000000E+00
 -0.7972000E-02 -0.1540400E-01 -0.0000000E+00 -0.0000000E+00  0.3832800E-01
  0.3038900E-01 -0.0000000E+00 -0.0000000E+00  0.3519700E-01  0.3898960E+00
 -0.0000000E+00 -0.0000000E+00  0.1475400E+00 -0.1938900E-01 -0.0000000E+00
 -0.0000000E+00 -0.1321398E+01 -0.1943300E-01 -0.1943300E-01  0.1466600E-01
 -0.0000000E+00 -0.0000000E+00 -0.0000000E+00 -0.7975000E-02 -0.1541100E-01
 -0.0000000E+00 -0.0000000E+00 -0.3832900E-01  0.3039900E-01 -0.0000000E+00
 -0.0000000E+00 -0.3520500E-01  0.3900580E+00 -0.0000000E+00 -0.0000000E+00
 -0.1475290E+00 -0.2153400E-01 -0.0000000E+00 -0.0000000E+00  0.1322081E+01
 -0.1943900E-01 -0.1943900E-01  0.1466000E-01 -0.0000000E+00 -0.0000000E+00
 -0.0000000E+00
  0.0000000E+00  0.0000000E+00  0.0000000E+00  0.9456300E-01  0.0000000E+00
  0.0000000E+00  0.0000000E+00  0.1000600E+00  0.0000000E+00  0.0000000E+00
  0.0000000E+00  0.3913790E+00  0.0000000E+00  0.0000000E+00 -0.0000000E+00
 -0.1844895E+01  0.0000000E+00  0.0000000E+00  0.0000000E+00  0.0000000E+00
  0.0000000E+00  0.0000000E+00  0.6228000E-02  0.0000000E+00  0.0000000E+00
 -0.0000000E+00 -0.9456300E-01  0.0000000E+00  0.0000000E+00 -0.0000000E+00
 -0.1000600E+00  0.0000000E+00  0.0000000E+00 -0.0000000E+00 -0.3913790E+00
  0.0000000E+00  0.0000000E+00  0.0000000E+00  0.1844895E+01  0.0000000E+00
  0.0000000E+00  0.0000000E+00  0.0000000E+00  0.0000000E+00  0.0000000E+00
  0.6228000E-02
  0.0000000E+00  0.0000000E+00 -0.9456300E-01  0.0000000E+00  0.0000000E+00
  0.0000000E+00 -0.1000600E+00  0.0000000E+00  0.0000000E+00  0.0000000E+00
 -0.3913790E+00  0.0000000E+00  0.0000000E+00  0.0000000E+00  0.1844895E+01
 -0.0000000E+00  0.0000000E+00  0.0000000E+00  0.0000000E+00  0.0000000E+00
  0.0000000E+00 -0.6228000E-02  0.0000000E+00  0.0000000E+00  0.0000000E+00
  0.9456300E-01 -0.0000000E+00  0.0000000E+00  0.0000000E+00  0.1000600E+00
 -0.0000000E+00  0.0000000E+00  0.0000000E+00  0.3913790E+00 -0.0000000E+00
  0.0000000E+00  0.0000000E+00 -0.1844895E+01  0.0000000E+00  0.0000000E+00
  0.0000000E+00  0.0000000E+00  0.0000000E+00  0.0000000E+00 -0.6228000E-02
  0.0000000E+00
 -0.3849800E-01 -0.6544500E-01 -0.0000000E+00 -0.0000000E+00  0.2639890E+00
  0.2086070E+00 -0.0000000E+00 -0.0000000E+00  0.3752170E+00  0.9835880E+00
 -0.0000000E+00 -0.0000000E+00  0.1130820E+01 -0.2428710E+00 -0.0000000E+00
 -0.0000000E+00 -0.5114890E+00  0.9096000E-02  0.9096000E-02 -0.2692300E-01
 -0.0000000E+00 -0.0000000E+00 -0.0000000E+00  0.3849700E-01  0.6544500E-01
 -0.0000000E+00 -0.0000000E+00  0.2639900E+00 -0.2086040E+00 -0.0000000E+00
 -0.0000000E+00  0.3752190E+00 -0.9835910E+00 -0.0000000E+00 -0.0000000E+00
  0.1130819E+01  0.2428680E+00 -0.0000000E+00 -0.0000000E+00 -0.5115020E+00
 -0.9096000E-02 -0.9096000E-02  0.2692200E-01 -0.0000000E+00 -0.0000000E+00
 -0.0000000E+00
  0.2415100E-01  0.4604200E-01 -0.0000000E+00 -0.0000000E+00 -0.1006800E-01
 -0.8322200E-01 -0.0000000E+00 -0.0000000E+00 -0.4420100E-01 -0.1170082E+01
 -0.0000000E+00 -0.0000000E+00  0.1878100E-01  0.2056553E+02 -0.0000000E+00
 -0.0000000E+00  0.6951008E+01  0.2596200E-01  0.2596200E-01  0.1555400E-01
 -0.0000000E+00 -0.0000000E+00 -0.0000000E+00 -0.2414800E-01 -0.4604400E-01
 -0.0000000E+00 -0.0000000E+00 -0.1007400E-01  0.8322300E-01 -0.0000000E+00
 -0.0000000E+00 -0.4424500E-01  0.1170072E+01 -0.0000000E+00 -0.0000000E+00
  0.1886000E-01 -0.2056550E+02 -0.0000000E+00 -0.0000000E+00  0.6950836E+01
 -0.2598700E-01 -0.2598700E-01 -0.1557800E-01 -0.0000000E+00 -0.0000000E+00
 -0.0000000E+00
  0.7531000E-02  0.1670500E-01  0.0000000E+00  0.0000000E+00  0.1238690E+00
  0.6675700E-01  0.0000000E+00  0.0000000E+00  0.5736810E+00  0.1235490E+00
  0.0000000E+00  0.0000000E+00 -0.1236363E+01 -0.1960100E+00  0.0000000E+00
  0.0000000E+00  0.8700600E+00 -0.1191400E-01 -0.1191400E-01  0.9963200E-01
  0.0000000E+00  0.0000000E+00  0.0000000E+00  0.7536000E-02  0.1671200E-01
  0.0000000E+00  0.0000000E+00 -0.1238910E+00  0.6669900E-01  0.0000000E+00
  0.0000000E+00 -0.5737450E+00  0.1234840E+00  0.0000000E+00  0.0000000E+00
  0.1236575E+01 -0.1951930E+00  0.0000000E+00  0.0000000E+00 -0.8704160E+00
 -0.1192300E-01 -0.1192300E-01  0.9962200E-01  0.0000000E+00  0.0000000E+00
  0.0000000E+00
 -0.0000000E+00 -0.0000000E+00  0.0000000E+00 -0.1907990E+00 -0.0000000E+00
 -0.0000000E+00  0.0000000E+00 -0.6095570E+00 -0.0000000E+00 -0.0000000E+00
 -0.0000000E+00  0.1008529E+01 -0.0000000E+00 -0.0000000E+00  0.0000000E+00
 -0.4538240E+00 -0.0000000E+00 -0.0000000E+00 -0.0000000E+00 -0.0000000E+00
 -0.0000000E+00  0.0000000E+00 -0.2351800E-01 -0.0000000E+00 -0.0000000E+00
  0.0000000E+00 -0.1908020E+00 -0.0000000E+00 -0.0000000E+00  0.0000000E+00
 -0.6095660E+00 -0.0000000E+00 -0.0000000E+00 -0.0000000E+00  0.1008552E+01
 -0.0000000E+00 -0.0000000E+00  0.0000000E+00 -0.4538400E+00 -0.0000000E+00
 -0.0000000E+00 -0.0000000E+00 -0.0000000E+00 -0.0000000E+00 -0.0000000E+00
  0.2351800E-01
  0.0000000E+00  0.0000000E+00 -0.1907990E+00 -0.0000000E+00  0.0000000E+00
  0.0000000E+00 -0.6095560E+00 -0.0000000E+00  0.0000000E+00  0.0000000E+00
  0.1008525E+01  0.0000000E+00  0.0000000E+00  0.0000000E+00 -0.4538210E+00
 -0.0000000E+00  0.0000000E+00  0.0000000E+00  0.0000000E+00  0.0000000E+00
  0.0000000E+00 -0.2351800E-01 -0.0000000E+00  0.0000000E+00  0.0000000E+00
 -0.1908020E+00 -0.0000000E+00  0.0000000E+00  0.0000000E+00 -0.6095680E+00
 -0.0000000E+00  0.0000000E+00  0.0000000E+00  0.1008556E+01  0.0000000E+00
  0.0000000E+00  0.0000000E+00 -0.4538430E+00 -0.0000000E+00  0.0000000E+00
  0.0000000E+00  0.0000000E+00  0.0000000E+00  0.0000000E+00  0.2351800E-01
  0.0000000E+00
 -0.1055700E-01 -0.1726400E-01  0.0000000E+00  0.0000000E+00 -0.2027500E+00
  0.3317200E-01  0.0000000E+00  0.0000000E+00 -0.5400510E+00  0.1829109E+01
  0.0000000E+00  0.0000000E+00  0.2472193E+01  0.9212500E-01  0.0000000E+00
  0.0000000E+00 -0.5236130E+00 -0.8649000E-02 -0.8649000E-02  0.2082600E-01
  0.0000000E+00  0.0000000E+00  0.0000000E+00  0.1055400E-01  0.1725800E-01
  0.0000000E+00  0.0000000E+00 -0.2027340E+00 -0.3315000E-01  0.0000000E+00
  0.0000000E+00 -0.5399850E+00 -0.1829158E+01  0.0000000E+00  0.0000000E+00
  0.2472050E+01 -0.9208900E-01  0.0000000E+00  0.0000000E+00 -0.5235210E+00
  0.8648000E-02  0.8648000E-02 -0.2083700E-01  0.0000000E+00  0.0000000E+00
  0.0000000E+00
  0.0000000E+00  0.0000000E+00  0.0000000E+00 -0.1810740E+00  0.0000000E+00
  0.0000000E+00  0.0000000E+00 -0.5791820E+00  0.0000000E+00  0.0000000E+00
 -0.0000000E+00  0.1534940E+01  0.0000000E+00  0.0000000E+00  0.0000000E+00
 -0.1096923E+01  0.0000000E+00  0.0000000E+00  0.0000000E+00  0.0000000E+00
  0.0000000E+00  0.0000000E+00 -0.1780000E-01  0.0000000E+00  0.0000000E+00
 -0.0000000E+00  0.1810710E+00  0.0000000E+00  0.0000000E+00 -0.0000000E+00
  0.5791740E+00  0.0000000E+00  0.0000000E+00  0.0000000E+00 -0.1534925E+01
  0.0000000E+00  0.0000000E+00 -0.0000000E+00  0.1096916E+01  0.0000000E+00
  0.0000000E+00  0.0000000E+00  0.0000000E+00  0.0000000E+00  0.0000000E+00
 -0.1780000E-01
  0.0000000E+00  0.0000000E+00 -0.1810740E+00 -0.0000000E+00  0.0000000E+00
  0.0000000E+00 -0.5791840E+00 -0.0000000E+00  0.0000000E+00  0.0000000E+00
  0.1534942E+01  0.0000000E+00  0.0000000E+00  0.0000000E+00 -0.1096925E+01
 -0.0000000E+00  0.0000000E+00  0.0000000E+00  0.0000000E+00  0.0000000E+00
  0.0000000E+00 -0.1780100E-01 -0.0000000E+00  0.0000000E+00  0.0000000E+00
  0.1810700E+00  0.0000000E+00  0.0000000E+00  0.0000000E+00  0.5791720E+00
  0.0000000E+00  0.0000000E+00  0.0000000E+00 -0.1534922E+01 -0.0000000E+00
  0.0000000E+00  0.0000000E+00  0.1096915E+01  0.0000000E+00  0.0000000E+00
  0.0000000E+00  0.0000000E+00  0.0000000E+00  0.0000000E+00 -0.1780000E-01
 -0.0000000E+00
  0.7334100E-01  0.9439900E-01  0.0000000E+00  0.0000000E+00  0.4018300E-01
 -0.1064886E+01  0.0000000E+00  0.0000000E+00 -0.3805000E-02  0.1857819E+01
  0.0000000E+00  0.0000000E+00 -0.4571000E-02 -0.7046010E+00  0.0000000E+00
  0.0000000E+00 -0.2473040E+00 -0.1236750E+00 -0.1236750E+00 -0.2288100E+00
  0.0000000E+00  0.0000000E+00  0.0000000E+00  0.7335000E-01  0.9441100E-01
  0.0000000E+00  0.0000000E+00 -0.4018500E-01 -0.1065029E+01  0.0000000E+00
  0.0000000E+00  0.3789000E-02  0.1858293E+01  0.0000000E+00  0.0000000E+00
  0.4428000E-02 -0.7051410E+00  0.0000000E+00  0.0000000E+00  0.2474530E+00
 -0.1236930E+00 -0.1236930E+00 -0.2288240E+00  0.0000000E+00  0.0000000E+00
  0.0000000E+00
 -0.7290500E-01 -0.9433100E-01 -0.0000000E+00 -0.0000000E+00  0.1702200E-01
  0.1251173E+01 -0.0000000E+00 -0.0000000E+00 -0.5357300E-01 -0.4826399E+01
 -0.0000000E+00 -0.0000000E+00 -0.1700334E+01  0.1051341E+02 -0.0000000E+00
 -0.0000000E+00  0.3390078E+01  0.1615780E+00  0.1615780E+00  0.1684330E+00
 -0.0000000E+00 -0.0000000E+00 -0.0000000E+00  0.7289600E-01  0.9431800E-01
 -0.0000000E+00 -0.0000000E+00  0.1703400E-01 -0.1251048E+01 -0.0000000E+00
 -0.0000000E+00 -0.5355300E-01  0.4826184E+01 -0.0000000E+00 -0.0000000E+00
 -0.1700388E+01  0.1051332E+02 -0.0000000E+00 -0.0000000E+00  0.3390082E+01
 -0.1615700E+00 -0.1615700E+00 -0.1684160E+00 -0.0000000E+00 -0.0000000E+00
 -0.0000000E+00
  0.0000000E+00  0.0000000E+00 -0.0000000E+00 -0.8826400E-01  0.0000000E+00
  0.0000000E+00  0.0000000E+00  0.1786200E-01  0.0000000E+00  0.0000000E+00
 -0.0000000E+00 -0.1016890E+00  0.0000000E+00  0.0000000E+00  0.0000000E+00
  0.5503000E-01  0.0000000E+00  0.0000000E+00  0.0000000E+00  0.0000000E+00
  0.0000000E+00  0.1000000E-05  0.6458260E+00  0.0000000E+00  0.0000000E+00
 -0.0000000E+00 -0.8826400E-01  0.0000000E+00  0.0000000E+00  0.0000000E+00
  0.1786300E-01  0.0000000E+00  0.0000000E+00 -0.0000000E+00 -0.1016900E+00
  0.0000000E+00  0.0000000E+00  0.0000000E+00  0.5503000E-01  0.0000000E+00
  0.0000000E+00  0.0000000E+00  0.0000000E+00  0.0000000E+00 -0.1000000E-05
 -0.6458260E+00
 -0.0000000E+00 -0.0000000E+00 -0.8826400E-01  0.0000000E+00 -0.0000000E+00
 -0.0000000E+00  0.1786200E-01 -0.0000000E+00 -0.0000000E+00 -0.0000000E+00
 -0.1016890E+00  0.0000000E+00 -0.0000000E+00 -0.0000000E+00  0.5503000E-01
 -0.0000000E+00 -0.0000000E+00 -0.0000000E+00 -0.0000000E+00 -0.0000000E+00
 -0.0000000E+00  0.6458260E+00 -0.1000000E-05 -0.0000000E+00 -0.0000000E+00
 -0.8826400E-01  0.0000000E+00 -0.0000000E+00 -0.0000000E+00  0.1786300E-01
 -0.0000000E+00 -0.0000000E+00 -0.0000000E+00 -0.1016900E+00  0.0000000E+00
 -0.0000000E+00 -0.0000000E+00  0.5503000E-01 -0.0000000E+00 -0.0000000E+00
 -0.0000000E+00 -0.0000000E+00 -0.0000000E+00 -0.0000000E+00 -0.6458260E+00
  0.1000000E-05
 -0.0000000E+00 -0.0000000E+00 -0.0000000E+00 -0.0000000E+00  0.0000000E+00
  0.0000000E+00 -0.0000000E+00 -0.0000000E+00  0.0000000E+00  0.0000000E+00
 -0.0000000E+00 -0.0000000E+00  0.0000000E+00  0.0000000E+00 -0.0000000E+00
 -0.0000000E+00 -0.0000000E+00  0.6020430E+00 -0.6020430E+00  0.0000000E+00
  0.0000000E+00 -0.0000000E+00 -0.0000000E+00  0.0000000E+00  0.0000000E+00
 -0.0000000E+00 -0.0000000E+00  0.0000000E+00 -0.0000000E+00 -0.0000000E+00
 -0.0000000E+00  0.0000000E+00 -0.0000000E+00 -0.0000000E+00 -0.0000000E+00
  0.0000000E+00 -0.0000000E+00 -0.0000000E+00 -0.0000000E+00 -0.0000000E+00
  0.6020420E+00 -0.6020420E+00 -0.0000000E+00  0.0000000E+00 -0.0000000E+00
 -0.0000000E+00
  0.0000000E+00  0.0000000E+00  0.0000000E+00  0.0000000E+00  0.0000000E+00
  0.0000000E+00  0.0000000E+00  0.0000000E+00  0.0000000E+00  0.0000000E+00
  0.0000000E+00  0.0000000E+00  0.0000000E+00  0.0000000E+00  0.0000000E+00
  0.0000000E+00  0.0000000E+00 -0.0000000E+00  0.0000000E+00  0.0000000E+00
  0.6951790E+00  0.0000000E+00  0.0000000E+00  0.0000000E+00  0.0000000E+00
  0.0000000E+00  0.0000000E+00  0.0000000E+00  0.0000000E+00  0.0000000E+00
  0.0000000E+00  0.0000000E+00  0.0000000E+00  0.0000000E+00  0.0000000E+00
  0.0000000E+00  0.0000000E+00  0.0000000E+00  0.0000000E+00  0.0000000E+00
 -0.0000000E+00  0.0000000E+00  0.0000000E+00  0.6951780E+00  0.0000000E+00
  0.0000000E+00
  0.0000000E+00  0.0000000E+00  0.0000000E+00  0.0000000E+00  0.0000000E+00
  0.0000000E+00  0.0000000E+00  0.0000000E+00  0.0000000E+00  0.0000000E+00
  0.0000000E+00  0.0000000E+00  0.0000000E+00  0.0000000E+00  0.0000000E+00
  0.0000000E+00  0.0000000E+00 -0.0000000E+00  0.0000000E+00  0.0000000E+00
 -0.7196700E+00  0.0000000E+00  0.0000000E+00  0.0000000E+00  0.0000000E+00
  0.0000000E+00  0.0000000E+00  0.0000000E+00  0.0000000E+00  0.0000000E+00
  0.0000000E+00  0.0000000E+00  0.0000000E+00  0.0000000E+00  0.0000000E+00
  0.0000000E+00  0.0000000E+00  0.0000000E+00  0.0000000E+00  0.0000000E+00
  0.0000000E+00 -0.0000000E+00  0.0000000E+00  0.7196710E+00  0.0000000E+00
  0.0000000E+00
 -0.0000000E+00 -0.0000000E+00  0.0000000E+00  0.0000000E+00  0.1000000E-05
  0.3000000E-05  0.0000000E+00  0.0000000E+00  0.2000000E-05 -0.2000000E-05
  0.0000000E+00  0.0000000E+00 -0.3000000E-05  0.0000000E+00  0.0000000E+00
  0.0000000E+00  0.1000000E-05 -0.6232500E+00  0.6232550E+00 -0.5000000E-05
  0.0000000E+00  0.0000000E+00  0.0000000E+00 -0.0000000E+00 -0.0000000E+00
  0.0000000E+00  0.0000000E+00 -0.1000000E-05  0.3000000E-05  0.0000000E+00
  0.0000000E+00 -0.2000000E-05 -0.2000000E-05  0.0000000E+00  0.0000000E+00
  0.3000000E-05  0.0000000E+00  0.0000000E+00  0.0000000E+00 -0.1000000E-05
  0.6232560E+00 -0.6232510E+00 -0.5000000E-05 -0.0000000E+00  0.0000000E+00
  0.0000000E+00
  0.2979800E-01  0.4972000E-01 -0.0000000E+00 -0.0000000E+00 -0.1199340E+00
 -0.3963060E+00 -0.0000000E+00 -0.0000000E+00 -0.2401890E+00  0.2386960E+00
 -0.0000000E+00 -0.0000000E+00  0.3621890E+00 -0.1940300E-01 -0.0000000E+00
 -0.0000000E+00 -0.1568790E+00 -0.3426290E+00 -0.3426190E+00  0.6357510E+00
 -0.0000000E+00 -0.0000000E+00 -0.0000000E+00  0.2979800E-01  0.4972100E-01
 -0.0000000E+00 -0.0000000E+00  0.1199340E+00 -0.3963070E+00 -0.0000000E+00
 -0.0000000E+00  0.2401900E+00  0.2386840E+00 -0.0000000E+00 -0.0000000E+00
 -0.3621850E+00 -0.1939400E-01 -0.0000000E+00 -0.0000000E+00  0.1568760E+00
 -0.3426170E+00 -0.3426260E+00  0.6357540E+00 -0.0000000E+00 -0.0000000E+00
 -0.0000000E+00
  0.0000000E+00  0.0000000E+00 -0.0000000E+00  0.7395100E-01  0.0000000E+00
  0.0000000E+00  0.0000000E+00 -0.1129870E+00  0.0000000E+00  0.0000000E+00
 -0.0000000E+00  0.3794560E+00  0.0000000E+00  0.0000000E+00  0.0000000E+00
 -0.1819150E+00  0.0000000E+00  0.0000000E+00  0.0000000E+00  0.0000000E+00
  0.0000000E+00 -0.0000000E+00  0.8046540E+00  0.0000000E+00  0.0000000E+00
  0.0000000E+00 -0.7395200E-01  0.0000000E+00  0.0000000E+00 -0.0000000E+00
  0.1129880E+00  0.0000000E+00  0.0000000E+00  0.0000000E+00 -0.3794560E+00
  0.0000000E+00  0.0000000E+00 -0.0000000E+00  0.1819150E+00  0.0000000E+00
  0.0000000E+00  0.0000000E+00  0.0000000E+00  0.0000000E+00 -0.0000000E+00
  0.8046550E+00
 -0.0000000E+00 -0.0000000E+00  0.7395100E-01  0.0000000E+00 -0.0000000E+00
 -0.0000000E+00 -0.1129870E+00 -0.0000000E+00 -0.0000000E+00 -0.0000000E+00
  0.3794560E+00  0.0000000E+00 -0.0000000E+00 -0.0000000E+00 -0.1819150E+00
 -0.0000000E+00 -0.0000000E+00 -0.0000000E+00 -0.0000000E+00 -0.0000000E+00
 -0.0000000E+00  0.8046540E+00  0.0000000E+00 -0.0000000E+00 -0.0000000E+00
 -0.7395200E-01 -0.0000000E+00 -0.0000000E+00 -0.0000000E+00  0.1129880E+00
  0.0000000E+00 -0.0000000E+00 -0.0000000E+00 -0.3794560E+00 -0.0000000E+00
 -0.0000000E+00 -0.0000000E+00  0.1819150E+00  0.0000000E+00 -0.0000000E+00
 -0.0000000E+00 -0.0000000E+00 -0.0000000E+00 -0.0000000E+00  0.8046550E+00
  0.0000000E+00
 -0.1114300E-01 -0.3232000E-01 -0.0000000E+00 -0.0000000E+00  0.3881960E+00
 -0.1145910E+00 -0.0000000E+00 -0.0000000E+00 -0.2458050E+00  0.2158334E+01
 -0.0000000E+00 -0.0000000E+00  0.1482655E+01 -0.2094708E+01 -0.0000000E+00
 -0.0000000E+00 -0.8509800E+00 -0.4793690E+00 -0.4793690E+00  0.7537390E+00
 -0.0000000E+00 -0.0000000E+00 -0.0000000E+00  0.1114300E-01  0.3231900E-01
 -0.0000000E+00 -0.0000000E+00  0.3881940E+00  0.1145910E+00 -0.0000000E+00
 -0.0000000E+00 -0.2458030E+00 -0.2158326E+01 -0.0000000E+00 -0.0000000E+00
  0.1482655E+01  0.2094704E+01 -0.0000000E+00 -0.0000000E+00 -0.8509800E+00
  0.4793670E+00  0.4793670E+00 -0.7537400E+00 -0.0000000E+00 -0.0000000E+00
 -0.0000000E+00
  0.0000000E+00  0.0000000E+00 -0.0000000E+00 -0.8935630E+00  0.0000000E+00
  0.0000000E+00  0.0000000E+00  0.1054170E+01  0.0000000E+00  0.0000000E+00
 -0.0000000E+00 -0.5371750E+00  0.0000000E+00  0.0000000E+00  0.0000000E+00
  0.1784810E+00  0.0000000E+00  0.0000000E+00  0.0000000E+00  0.0000000E+00
  0.0000000E+00 -0.0000000E+00 -0.7790400E-01  0.0000000E+00  0.0000000E+00
 -0.0000000E+00 -0.8935700E+00  0.0000000E+00  0.0000000E+00  0.0000000E+00
  0.1054177E+01  0.0000000E+00  0.0000000E+00 -0.0000000E+00 -0.5371790E+00
  0.0000000E+00  0.0000000E+00  0.0000000E+00  0.1784840E+00  0.0000000E+00
  0.0000000E+00  0.0000000E+00  0.0000000E+00  0.0000000E+00  0.0000000E+00
  0.7790300E-01
 -0.0000000E+00 -0.0000000E+00 -0.8935630E+00  0.0000000E+00 -0.0000000E+00
 -0.0000000E+00  0.1054169E+01 -0.0000000E+00 -0.0000000E+00 -0.0000000E+00
 -0.5371740E+00  0.0000000E+00 -0.0000000E+00 -0.0000000E+00  0.1784810E+00
 -0.0000000E+00 -0.0000000E+00 -0.0000000E+00 -0.0000000E+00 -0.0000000E+00
 -0.0000000E+00 -0.7790400E-01  0.0000000E+00 -0.0000000E+00 -0.0000000E+00
 -0.8935710E+00  0.0000000E+00 -0.0000000E+00 -0.0000000E+00  0.1054178E+01
 -0.0000000E+00 -0.0000000E+00 -0.0000000E+00 -0.5371800E+00  0.0000000E+00
 -0.0000000E+00 -0.0000000E+00  0.1784840E+00 -0.0000000E+00 -0.0000000E+00
 -0.0000000E+00 -0.0000000E+00 -0.0000000E+00 -0.0000000E+00  0.7790300E-01
 -0.0000000E+00
 -0.1191600E-01 -0.2814300E-01  0.0000000E+00  0.0000000E+00  0.8957340E+00
  0.5822600E-01  0.0000000E+00  0.0000000E+00 -0.1000463E+01 -0.4310400E-01
  0.0000000E+00  0.0000000E+00  0.6290830E+00  0.7450400E-01  0.0000000E+00
  0.0000000E+00 -0.3030680E+00 -0.1229110E+00 -0.1229110E+00  0.1109510E+00
  0.0000000E+00  0.0000000E+00  0.0000000E+00 -0.1191400E-01 -0.2813800E-01
  0.0000000E+00  0.0000000E+00 -0.8957430E+00  0.5820900E-01  0.0000000E+00
  0.0000000E+00  0.1000475E+01 -0.4310100E-01  0.0000000E+00  0.0000000E+00
 -0.6290890E+00  0.7442900E-01  0.0000000E+00  0.0000000E+00  0.3030960E+00
 -0.1229020E+00 -0.1229020E+00  0.1109560E+00  0.0000000E+00  0.0000000E+00
  0.0000000E+00
 -0.0000000E+00 -0.0000000E+00 -0.0000000E+00 -0.9046620E+00 -0.0000000E+00
 -0.0000000E+00  0.0000000E+00  0.1113272E+01 -0.0000000E+00 -0.0000000E+00
 -0.0000000E+00 -0.7253520E+00 -0.0000000E+00 -0.0000000E+00  0.0000000E+00
  0.3926380E+00 -0.0000000E+00 -0.0000000E+00 -0.0000000E+00 -0.0000000E+00
 -0.0000000E+00  0.0000000E+00  0.9844600E-01 -0.0000000E+00 -0.0000000E+00
  0.0000000E+00  0.9046550E+00 -0.0000000E+00 -0.0000000E+00 -0.0000000E+00
 -0.1113264E+01 -0.0000000E+00 -0.0000000E+00  0.0000000E+00  0.7253470E+00
 -0.0000000E+00 -0.0000000E+00 -0.0000000E+00 -0.3926360E+00 -0.0000000E+00
 -0.0000000E+00 -0.0000000E+00 -0.0000000E+00 -0.0000000E+00  0.0000000E+00
  0.9844700E-01
 -0.0000000E+00 -0.0000000E+00 -0.9046620E+00  0.0000000E+00 -0.0000000E+00
 -0.0000000E+00  0.1113273E+01 -0.0000000E+00 -0.0000000E+00 -0.0000000E+00
 -0.7253520E+00  0.0000000E+00 -0.0000000E+00 -0.0000000E+00  0.3926380E+00
 -0.0000000E+00 -0.0000000E+00 -0.0000000E+00 -0.0000000E+00 -0.0000000E+00
 -0.0000000E+00  0.9844600E-01 -0.0000000E+00 -0.0000000E+00 -0.0000000E+00
  0.9046550E+00 -0.0000000E+00 -0.0000000E+00 -0.0000000E+00 -0.1113263E+01
  0.0000000E+00 -0.0000000E+00 -0.0000000E+00  0.7253470E+00 -0.0000000E+00
 -0.0000000E+00 -0.0000000E+00 -0.3926360E+00  0.0000000E+00 -0.0000000E+00
 -0.0000000E+00 -0.0000000E+00 -0.0000000E+00 -0.0000000E+00  0.9844700E-01
 -0.0000000E+00
 -0.9307400E-01 -0.3222380E+00 -0.0000000E+00 -0.0000000E+00 -0.6450460E+00
  0.1050246E+01 -0.0000000E+00 -0.0000000E+00  0.1020802E+01  0.1823203E+01
 -0.0000000E+00 -0.0000000E+00  0.1496180E+00 -0.3728682E+01 -0.0000000E+00
 -0.0000000E+00 -0.1085892E+01 -0.8993720E+00 -0.8993720E+00 -0.2968490E+00
 -0.0000000E+00 -0.0000000E+00 -0.0000000E+00  0.9309500E-01  0.3223140E+00
 -0.0000000E+00 -0.0000000E+00 -0.6450450E+00 -0.1050521E+01 -0.0000000E+00
 -0.0000000E+00  0.1020798E+01 -0.1823350E+01 -0.0000000E+00 -0.0000000E+00
  0.1496320E+00  0.3728722E+01 -0.0000000E+00 -0.0000000E+00 -0.1085910E+01
  0.8995500E+00  0.8995500E+00  0.2969990E+00 -0.0000000E+00 -0.0000000E+00
 -0.0000000E+00
 -0.1365150E+00 -0.4791800E+00 -0.0000000E+00 -0.0000000E+00 -0.5573400E-01
  0.1752665E+01 -0.0000000E+00 -0.0000000E+00  0.6408600E-01  0.9485560E+00
 -0.0000000E+00 -0.0000000E+00  0.1318200E-01 -0.2767700E+00 -0.0000000E+00
 -0.0000000E+00 -0.8605700E-01 -0.1118341E+01 -0.1118341E+01 -0.9677110E+00
 -0.0000000E+00 -0.0000000E+00 -0.0000000E+00 -0.1365010E+00 -0.4791360E+00
 -0.0000000E+00 -0.0000000E+00  0.5562300E-01  0.1752529E+01 -0.0000000E+00
 -0.0000000E+00 -0.6390300E-01  0.9482440E+00 -0.0000000E+00 -0.0000000E+00
 -0.1317100E-01 -0.2756770E+00 -0.0000000E+00 -0.0000000E+00  0.8571500E-01
 -0.1118210E+01 -0.1118210E+01 -0.9676870E+00 -0.0000000E+00 -0.0000000E+00
 -0.0000000E+00
  0.9496000E-01  0.3697680E+00  0.0000000E+00  0.0000000E+00 -0.6237940E+00
 -0.1443840E+01  0.0000000E+00  0.0000000E+00  0.1221941E+01 -0.1015341E+01
  0.0000000E+00  0.0000000E+00 -0.5067200E+00  0.1720861E+01  0.0000000E+00
  0.0000000E+00  0.5896460E+00  0.6681360E+00  0.6681360E+00  0.1578871E+01
  0.0000000E+00  0.0000000E+00  0.0000000E+00 -0.9495700E-01 -0.3697610E+00
  0.0000000E+00  0.0000000E+00 -0.6237950E+00  0.1443811E+01  0.0000000E+00
  0.0000000E+00  0.1221943E+01  0.1015327E+01  0.0000000E+00  0.0000000E+00
 -0.5067220E+00 -0.1720857E+01  0.0000000E+00  0.0000000E+00  0.5896450E+00
 -0.6681190E+00 -0.6681190E+00 -0.1578856E+01  0.0000000E+00  0.0000000E+00
  0.0000000E+00
 -0.1638818E+01  0.1909251E+01  0.0000000E+00  0.0000000E+00  0.6900000E-04
 -0.7619070E+00  0.0000000E+00  0.0000000E+00 -0.2819000E-02 -0.2403300E+00
  0.0000000E+00  0.0000000E+00 -0.9833000E-02  0.7155900E-01  0.0000000E+00
  0.0000000E+00  0.2700600E-01  0.3868900E+00  0.3868900E+00  0.3590100E+00
  0.0000000E+00  0.0000000E+00  0.0000000E+00 -0.1638869E+01  0.1909311E+01
  0.0000000E+00  0.0000000E+00 -0.6800000E-04 -0.7619320E+00  0.0000000E+00
  0.0000000E+00  0.2816000E-02 -0.2403470E+00  0.0000000E+00  0.0000000E+00
  0.9838000E-02  0.7158500E-01  0.0000000E+00  0.0000000E+00 -0.2701400E-01
  0.3869030E+00  0.3869030E+00  0.3590250E+00  0.0000000E+00  0.0000000E+00
  0.0000000E+00
 -0.1644225E+01  0.1930072E+01  0.0000000E+00  0.0000000E+00 -0.3389200E-01
 -0.8064470E+00  0.0000000E+00  0.0000000E+00  0.9767500E-01 -0.5529390E+00
  0.0000000E+00  0.0000000E+00 -0.1562940E+00  0.1070135E+01  0.0000000E+00
  0.0000000E+00  0.3368590E+00  0.4086130E+00  0.4086130E+00  0.4889130E+00
  0.0000000E+00  0.0000000E+00  0.0000000E+00  0.1644173E+01 -0.1930013E+01
  0.0000000E+00  0.0000000E+00 -0.3389200E-01  0.8064220E+00  0.0000000E+00
  0.0000000E+00  0.9767600E-01  0.5529310E+00  0.0000000E+00  0.0000000E+00
 -0.1562940E+00 -0.1070132E+01  0.0000000E+00  0.0000000E+00  0.3368580E+00
 -0.4086000E+00 -0.4086000E+00 -0.4889010E+00  0.0000000E+00  0.0000000E+00
  0.0000000E+00
