  0.3917210E+00  0.3313190E+00  0.0000000E+00  0.0000000E+00  0.1175000E-02
  0.1571600E-01  0.0000000E+00  0.0000000E+00 -0.3090000E-03  0.7530000E-03
  0.0000000E+00  0.0000000E+00  0.2150000E-03 -0.2570000E-03  0.0000000E+00
  0.0000000E+00 -0.2010000E-03 -0.4402000E-02 -0.4402000E-02 -0.4309000E-02
  0.0000000E+00  0.0000000E+00  0.0000000E+00  0.3879910E+00  0.3281650E+00
  0.0000000E+00  0.0000000E+00 -0.1161000E-02  0.1556400E-01  0.0000000E+00
  0.0000000E+00  0.2980000E-03  0.7340000E-03  0.0000000E+00  0.0000000E+00
 -0.2060000E-03 -0.2320000E-03  0.0000000E+00  0.0000000E+00  0.1930000E-03
 -0.4360000E-02 -0.4360000E-02 -0.4259000E-02  0.0000000E+00  0.0000000E+00
  0.0000000E+00
 -0.3880320E+00 -0.3280700E+00 -0.0000000E+00 -0.0000000E+00 -0.1373000E-02
 -0.1584900E-01 -0.0000000E+00 -0.0000000E+00  0.1121000E-02 -0.2125000E-02
 -0.0000000E+00 -0.0000000E+00 -0.9140000E-03  0.4276000E-02 -0.0000000E+00
 -0.0000000E+00  0.1422000E-02  0.4418000E-02  0.4418000E-02  0.5214000E-02
 -0.0000000E+00 -0.0000000E+00 -0.0000000E+00  0.3917610E+00  0.3312250E+00
 -0.0000000E+00 -0.0000000E+00 -0.1384000E-02  0.1599900E-01 -0.0000000E+00
 -0.0000000E+00  0.1124000E-02  0.2132000E-02 -0.0000000E+00 -0.0000000E+00
 -0.9160000E-03 -0.4278000E-02 -0.0000000E+00 -0.0000000E+00  0.1424000E-02
 -0.4460000E-02 -0.4460000E-02 -0.5255000E-02 -0.0000000E+00 -0.0000000E+00
 -0.0000000E+00
 -0.8608100E-01 -0.1380240E+00  0.0000000E+00  0.0000000E+00  0.8009900E-01
  0.4142510E+00  0.0000000E+00  0.0000000E+00  0.1276490E+00  0.2196110E+00
  0.0000000E+00  0.0000000E+00  0.3149300E-01 -0.1253500E-01  0.0000000E+00
  0.0000000E+00 -0.9367000E-02 -0.8777000E-02 -0.8777000E-02  0.1907900E-01
  0.0000000E+00  0.0000000E+00  0.0000000E+00 -0.8608200E-01 -0.1380240E+00
  0.0000000E+00  0.0000000E+00 -0.8009900E-01  0.4142560E+00  0.0000000E+00
  0.0000000E+00 -0.1276480E+00  0.2195940E+00  0.0000000E+00  0.0000000E+00
 -0.3149300E-01 -0.1228500E-01  0.0000000E+00  0.0000000E+00  0.9281000E-02
 -0.8777000E-02 -0.8777000E-02  0.1907900E-01  0.0000000E+00  0.0000000E+00
  0.0000000E+00
  0.9296700E-01  0.1526810E+00  0.0000000E+00  0.0000000E+00  0.6089200E-01
 -0.4678180E+00  0.0000000E+00  0.0000000E+00  0.8242700E-01 -0.4672400E+00
  0.0000000E+00  0.0000000E+00  0.1191000E-02  0.1632680E+00  0.0000000E+00
  0.0000000E+00  0.6013500E-01 -0.1115000E-02 -0.1115000E-02  0.1730100E-01
  0.0000000E+00  0.0000000E+00  0.0000000E+00 -0.9296700E-01 -0.1526820E+00
  0.0000000E+00  0.0000000E+00  0.6089300E-01  0.4678190E+00  0.0000000E+00
  0.0000000E+00  0.8242700E-01  0.4672400E+00  0.0000000E+00  0.0000000E+00
  0.1192000E-02 -0.1632700E+00  0.0000000E+00  0.0000000E+00  0.6013500E-01
  0.1114000E-02  0.1114000E-02 -0.1730200E-01  0.0000000E+00  0.0000000E+00
  0.0000000E+00
 -0.0000000E+00 -0.0000000E+00  0.0000000E+00  0.2197060E+00 -0.0000000E+00
 -0.0000000E+00  0.0000000E+00  0.3267950E+00 -0.0000000E+00 -0.0000000E+00
  0.0000000E+00  0.2292670E+00 -0.0000000E+00 -0.0000000E+00  0.0000000E+00
  0.8543000E-02 -0.0000000E+00 -0.0000000E+00 -0.0000000E+00 -0.0000000E+00
 -0.0000000E+00  0.0000000E+00  0.2721000E-01 -0.0000000E+00 -0.0000000E+00
  0.0000000E+00  0.2197060E+00 -0.0000000E+00 -0.0000000E+00  0.0000000E+00
  0.3267950E+00 -0.0000000E+00 -0.0000000E+00  0.0000000E+00  0.2292670E+00
 -0.0000000E+00 -0.0000000E+00  0.0000000E+00  0.8544000E-02 -0.0000000E+00
 -0.0000000E+00 -0.0000000E+00 -0.0000000E+00 -0.0000000E+00 -0.0000000E+00
 -0.2721000E-01
  0.0000000E+00  0.0000000E+00  0.2197060E+00 -0.0000000E+00  0.0000000E+00
  0.0000000E+00  0.3267950E+00 -0.0000000E+00  0.0000000E+00  0.0000000E+00
  0.2292670E+00 -0.0000000E+00  0.0000000E+00  0.0000000E+00  0.8543000E-02
 -0.0000000E+00  0.0000000E+00  0.0000000E+00  0.0000000E+00  0.0000000E+00
  0.0000000E+00  0.2721000E-01 -0.0000000E+00  0.0000000E+00  0.0000000E+00
  0.2197060E+00 -0.0000000E+00  0.0000000E+00  0.0000000E+00  0.3267950E+00
 -0.0000000E+00  0.0000000E+00  0.0000000E+00  0.2292670E+00 -0.0000000E+00
  0.0000000E+00  0.0000000E+00  0.8544000E-02 -0.0000000E+00  0.0000000E+00
  0.0000000E+00  0.0000000E+00  0.0000000E+00  0.0000000E+00 -0.2721000E-01
  0.0000000E+00
 -0.3125400E-01 -0.5227000E-01 -0.0000000E+00 -0.0000000E+00 -0.2175460E+00
  0.1505710E+00 -0.0000000E+00 -0.0000000E+00 -0.3240520E+00  0.2105760E+00
 -0.0000000E+00 -0.0000000E+00 -0.1912540E+00  0.3859400E-01 -0.0000000E+00
 -0.0000000E+00  0.5800000E-04  0.8242000E-02  0.8242000E-02 -0.2852100E-01
 -0.0000000E+00 -0.0000000E+00 -0.0000000E+00 -0.3125300E-01 -0.5227100E-01
 -0.0000000E+00 -0.0000000E+00  0.2175450E+00  0.1505700E+00 -0.0000000E+00
 -0.0000000E+00  0.3240520E+00  0.2105870E+00 -0.0000000E+00 -0.0000000E+00
  0.1912510E+00  0.3849000E-01 -0.0000000E+00 -0.0000000E+00 -0.2200000E-04
  0.8241000E-02  0.8241000E-02 -0.2852200E-01 -0.0000000E+00 -0.0000000E+00
 -0.0000000E+00
 -0.0000000E+00 -0.0000000E+00  0.0000000E+00 -0.2532610E+00 -0.0000000E+00
 -0.0000000E+00  0.0000000E+00 -0.3689360E+00 -0.0000000E+00 -0.0000000E+00
  0.0000000E+00 -0.3462140E+00 -0.0000000E+00 -0.0000000E+00  0.0000000E+00
 -0.6706300E-01 -0.0000000E+00 -0.0000000E+00 -0.0000000E+00 -0.0000000E+00
 -0.0000000E+00 -0.0000000E+00  0.5008000E-02 -0.0000000E+00 -0.0000000E+00
 -0.0000000E+00  0.2532610E+00 -0.0000000E+00 -0.0000000E+00 -0.0000000E+00
  0.3689360E+00 -0.0000000E+00 -0.0000000E+00 -0.0000000E+00  0.3462140E+00
 -0.0000000E+00 -0.0000000E+00 -0.0000000E+00  0.6706300E-01 -0.0000000E+00
 -0.0000000E+00 -0.0000000E+00 -0.0000000E+00 -0.0000000E+00 -0.0000000E+00
  0.5008000E-02
 -0.0000000E+00 -0.0000000E+00 -0.2532610E+00 -0.0000000E+00 -0.0000000E+00
 -0.0000000E+00 -0.3689360E+00 -0.0000000E+00 -0.0000000E+00 -0.0000000E+00
 -0.3462140E+00 -0.0000000E+00 -0.0000000E+00 -0.0000000E+00 -0.6706300E-01
 -0.0000000E+00 -0.0000000E+00 -0.0000000E+00 -0.0000000E+00 -0.0000000E+00
 -0.0000000E+00  0.5008000E-02  0.0000000E+00 -0.0000000E+00 -0.0000000E+00
  0.2532610E+00  0.0000000E+00 -0.0000000E+00 -0.0000000E+00  0.3689360E+00
  0.0000000E+00 -0.0000000E+00 -0.0000000E+00  0.3462140E+00  0.0000000E+00
 -0.0000000E+00 -0.0000000E+00  0.6706300E-01  0.0000000E+00 -0.0000000E+00
 -0.0000000E+00 -0.0000000E+00 -0.0000000E+00 -0.0000000E+00  0.5008000E-02
  0.0000000E+00
  0.2753000E-01  0.5017900E-01  0.0000000E+00  0.0000000E+00  0.4851500E-01
 -0.1388790E+00  0.0000000E+00  0.0000000E+00  0.4689700E-01 -0.6620260E+00
  0.0000000E+00  0.0000000E+00  0.1610780E+00  0.9405290E+00  0.0000000E+00
  0.0000000E+00 -0.2709280E+00  0.1718500E-01  0.1718500E-01  0.1073400E-01
  0.0000000E+00  0.0000000E+00  0.0000000E+00  0.2751300E-01  0.5015000E-01
  0.0000000E+00  0.0000000E+00 -0.4855300E-01 -0.1387620E+00  0.0000000E+00
  0.0000000E+00 -0.4696200E-01 -0.6619650E+00  0.0000000E+00  0.0000000E+00
 -0.1610950E+00  0.9443870E+00  0.0000000E+00  0.0000000E+00  0.2692450E+00
  0.1719400E-01  0.1719400E-01  0.1072700E-01  0.0000000E+00  0.0000000E+00
  0.0000000E+00
 -0.3523700E-01 -0.5998100E-01  0.0000000E+00  0.0000000E+00  0.7544800E-01
  0.2139950E+00  0.0000000E+00  0.0000000E+00  0.1350480E+00  0.3711070E+00
  0.0000000E+00  0.0000000E+00  0.7401700E-01  0.4224679E+01  0.0000000E+00
  0.0000000E+00  0.2132937E+01  0.7010000E-02  0.7010000E-02 -0.2016900E-01
  0.0000000E+00  0.0000000E+00  0.0000000E+00  0.3525100E-01  0.6000400E-01
  0.0000000E+00  0.0000000E+00  0.7541900E-01 -0.2140630E+00  0.0000000E+00
  0.0000000E+00  0.1350150E+00 -0.3714290E+00  0.0000000E+00  0.0000000E+00
  0.7393600E-01 -0.4224185E+01  0.0000000E+00  0.0000000E+00  0.2133127E+01
 -0.7008000E-02 -0.7008000E-02  0.2017000E-01  0.0000000E+00  0.0000000E+00
  0.0000000E+00
  0.0000000E+00  0.0000000E+00 -0.0000000E+00 -0.8181600E-01  0.0000000E+00
  0.0000000E+00 -0.0000000E+00 -0.8696800E-01  0.0000000E+00  0.0000000E+00
 -0.0000000E+00 -0.2744370E+00  0.0000000E+00  0.0000000E+00  0.0000000E+00
  0.6668270E+00  0.0000000E+00  0.0000000E+00  0.0000000E+00  0.0000000E+00
  0.0000000E+00 -0.0000000E+00 -0.1113700E-01  0.0000000E+00  0.0000000E+00
 -0.0000000E+00 -0.8181600E-01  0.0000000E+00  0.0000000E+00 -0.0000000E+00
 -0.8696800E-01  0.0000000E+00  0.0000000E+00 -0.0000000E+00 -0.2744380E+00
  0.0000000E+00  0.0000000E+00  0.0000000E+00  0.6668280E+00  0.0000000E+00
  0.0000000E+00  0.0000000E+00  0.0000000E+00  0.0000000E+00  0.0000000E+00
  0.1113700E-01
 -0.0000000E+00 -0.0000000E+00 -0.8181600E-01  0.0000000E+00 -0.0000000E+00
 -0.0000000E+00 -0.8696800E-01  0.0000000E+00 -0.0000000E+00 -0.0000000E+00
 -0.2744370E+00  0.0000000E+00 -0.0000000E+00 -0.0000000E+00  0.6668260E+00
 -0.0000000E+00 -0.0000000E+00 -0.0000000E+00 -0.0000000E+00 -0.0000000E+00
 -0.0000000E+00 -0.1113700E-01  0.0000000E+00 -0.0000000E+00 -0.0000000E+00
 -0.8181600E-01  0.0000000E+00 -0.0000000E+00 -0.0000000E+00 -0.8696800E-01
  0.0000000E+00 -0.0000000E+00 -0.0000000E+00 -0.2744380E+00  0.0000000E+00
 -0.0000000E+00 -0.0000000E+00  0.6668300E+00 -0.0000000E+00 -0.0000000E+00
 -0.0000000E+00 -0.0000000E+00 -0.0000000E+00 -0.0000000E+00  0.1113700E-01
 -0.0000000E+00
 -0.8344000E-02 -0.1621000E-01  0.0000000E+00  0.0000000E+00  0.3763900E-01
  0.3479700E-01  0.0000000E+00  0.0000000E+00  0.3364000E-01  0.3875410E+00
  0.0000000E+00  0.0000000E+00  0.1458120E+00 -0.1843900E-01  0.0000000E+00
  0.0000000E+00 -0.1320002E+01 -0.1997400E-01 -0.1997400E-01  0.1463800E-01
  0.0000000E+00  0.0000000E+00  0.0000000E+00 -0.8347000E-02 -0.1621800E-01
  0.0000000E+00  0.0000000E+00 -0.3764300E-01  0.3481000E-01  0.0000000E+00
  0.0000000E+00 -0.3365200E-01  0.3877190E+00  0.0000000E+00  0.0000000E+00
 -0.1458120E+00 -0.2087100E-01  0.0000000E+00  0.0000000E+00  0.1320794E+01
 -0.1998000E-01 -0.1998000E-01  0.1463300E-01  0.0000000E+00  0.0000000E+00
  0.0000000E+00
  0.0000000E+00  0.0000000E+00  0.0000000E+00 -0.7862700E-01  0.0000000E+00
  0.0000000E+00  0.0000000E+00 -0.8022600E-01  0.0000000E+00  0.0000000E+00
  0.0000000E+00 -0.3246390E+00  0.0000000E+00  0.0000000E+00 -0.0000000E+00
  0.1830570E+01  0.0000000E+00  0.0000000E+00  0.0000000E+00  0.0000000E+00
  0.0000000E+00  0.0000000E+00 -0.7315000E-02  0.0000000E+00  0.0000000E+00
 -0.0000000E+00  0.7862700E-01  0.0000000E+00  0.0000000E+00 -0.0000000E+00
  0.8022600E-01  0.0000000E+00  0.0000000E+00 -0.0000000E+00  0.3246390E+00
  0.0000000E+00  0.0000000E+00  0.0000000E+00 -0.1830570E+01  0.0000000E+00
  0.0000000E+00  0.0000000E+00  0.0000000E+00  0.0000000E+00  0.0000000E+00
 -0.7315000E-02
  0.0000000E+00  0.0000000E+00 -0.7862700E-01 -0.0000000E+00  0.0000000E+00
  0.0000000E+00 -0.8022600E-01 -0.0000000E+00  0.0000000E+00  0.0000000E+00
 -0.3246390E+00 -0.0000000E+00  0.0000000E+00  0.0000000E+00  0.1830570E+01
  0.0000000E+00  0.0000000E+00  0.0000000E+00  0.0000000E+00  0.0000000E+00
  0.0000000E+00 -0.7315000E-02 -0.0000000E+00  0.0000000E+00  0.0000000E+00
  0.7862700E-01  0.0000000E+00  0.0000000E+00  0.0000000E+00  0.8022600E-01
  0.0000000E+00  0.0000000E+00  0.0000000E+00  0.3246390E+00  0.0000000E+00
  0.0000000E+00  0.0000000E+00 -0.1830569E+01 -0.0000000E+00  0.0000000E+00
  0.0000000E+00  0.0000000E+00  0.0000000E+00  0.0000000E+00 -0.7315000E-02
 -0.0000000E+00
  0.3456400E-01  0.5942100E-01  0.0000000E+00  0.0000000E+00 -0.2626070E+00
 -0.1905920E+00  0.0000000E+00  0.0000000E+00 -0.3764980E+00 -0.9368990E+00
  0.0000000E+00  0.0000000E+00 -0.1069533E+01  0.1729251E+01  0.0000000E+00
  0.0000000E+00  0.1074953E+01 -0.8725000E-02 -0.8725000E-02  0.2828700E-01
  0.0000000E+00  0.0000000E+00  0.0000000E+00 -0.3456400E-01 -0.5942100E-01
  0.0000000E+00  0.0000000E+00 -0.2626080E+00  0.1905900E+00  0.0000000E+00
  0.0000000E+00 -0.3765020E+00  0.9368960E+00  0.0000000E+00  0.0000000E+00
 -0.1069527E+01 -0.1729244E+01  0.0000000E+00  0.0000000E+00  0.1074945E+01
  0.8724000E-02  0.8724000E-02 -0.2828900E-01  0.0000000E+00  0.0000000E+00
  0.0000000E+00
  0.2117000E-01  0.4107200E-01 -0.0000000E+00 -0.0000000E+00  0.5975000E-02
 -0.7587300E-01 -0.0000000E+00 -0.0000000E+00 -0.1919300E-01 -0.1060516E+01
 -0.0000000E+00 -0.0000000E+00  0.9226900E-01  0.2054218E+02 -0.0000000E+00
 -0.0000000E+00  0.6941624E+01  0.2506500E-01  0.2506500E-01  0.1438300E-01
 -0.0000000E+00 -0.0000000E+00 -0.0000000E+00 -0.2116800E-01 -0.4107500E-01
 -0.0000000E+00 -0.0000000E+00  0.5969000E-02  0.7587200E-01 -0.0000000E+00
 -0.0000000E+00 -0.1923500E-01  0.1060515E+01 -0.0000000E+00 -0.0000000E+00
  0.9235300E-01 -0.2054215E+02 -0.0000000E+00 -0.0000000E+00  0.6941438E+01
 -0.2509200E-01 -0.2509200E-01 -0.1440800E-01 -0.0000000E+00 -0.0000000E+00
 -0.0000000E+00
 -0.0000000E+00 -0.0000000E+00 -0.0000000E+00 -0.1892160E+00 -0.0000000E+00
 -0.0000000E+00 -0.0000000E+00 -0.5867010E+00 -0.0000000E+00 -0.0000000E+00
  0.0000000E+00  0.1018597E+01 -0.0000000E+00 -0.0000000E+00 -0.0000000E+00
 -0.4662930E+00 -0.0000000E+00 -0.0000000E+00 -0.0000000E+00 -0.0000000E+00
 -0.0000000E+00 -0.0000000E+00 -0.1738900E-01 -0.0000000E+00 -0.0000000E+00
 -0.0000000E+00 -0.1892190E+00 -0.0000000E+00 -0.0000000E+00 -0.0000000E+00
 -0.5867110E+00 -0.0000000E+00 -0.0000000E+00  0.0000000E+00  0.1018624E+01
 -0.0000000E+00 -0.0000000E+00 -0.0000000E+00 -0.4663120E+00 -0.0000000E+00
 -0.0000000E+00 -0.0000000E+00 -0.0000000E+00 -0.0000000E+00  0.0000000E+00
  0.1738900E-01
  0.0000000E+00  0.0000000E+00 -0.1892160E+00  0.0000000E+00  0.0000000E+00
  0.0000000E+00 -0.5866990E+00  0.0000000E+00  0.0000000E+00  0.0000000E+00
  0.1018593E+01 -0.0000000E+00  0.0000000E+00  0.0000000E+00 -0.4662900E+00
  0.0000000E+00  0.0000000E+00  0.0000000E+00  0.0000000E+00  0.0000000E+00
  0.0000000E+00 -0.1738900E-01  0.0000000E+00  0.0000000E+00  0.0000000E+00
 -0.1892190E+00  0.0000000E+00  0.0000000E+00  0.0000000E+00 -0.5867120E+00
  0.0000000E+00  0.0000000E+00  0.0000000E+00  0.1018628E+01 -0.0000000E+00
  0.0000000E+00  0.0000000E+00 -0.4663150E+00  0.0000000E+00  0.0000000E+00
  0.0000000E+00  0.0000000E+00  0.0000000E+00  0.0000000E+00  0.1738900E-01
 -0.0000000E+00
  0.1132100E-01  0.2135500E-01  0.0000000E+00  0.0000000E+00  0.1253950E+00
  0.3332000E-02  0.0000000E+00  0.0000000E+00  0.5663810E+00  0.2468630E+00
  0.0000000E+00  0.0000000E+00 -0.1234010E+01 -0.2464440E+00  0.0000000E+00
  0.0000000E+00  0.8548340E+00 -0.2172600E-01 -0.2172600E-01  0.8864200E-01
  0.0000000E+00  0.0000000E+00  0.0000000E+00  0.1132800E-01  0.2136400E-01
  0.0000000E+00  0.0000000E+00 -0.1254270E+00  0.3260000E-02  0.0000000E+00
  0.0000000E+00 -0.5664750E+00  0.2467430E+00  0.0000000E+00  0.0000000E+00
  0.1234346E+01 -0.2456900E+00  0.0000000E+00  0.0000000E+00 -0.8552040E+00
 -0.2173500E-01 -0.2173500E-01  0.8863000E-01  0.0000000E+00  0.0000000E+00
  0.0000000E+00
 -0.1099000E-01 -0.1812300E-01 -0.0000000E+00 -0.0000000E+00 -0.1988180E+00
  0.4290800E-01 -0.0000000E+00 -0.0000000E+00 -0.5328780E+00  0.1803086E+01
 -0.0000000E+00 -0.0000000E+00  0.2475473E+01  0.1940370E+00 -0.0000000E+00
 -0.0000000E+00 -0.4967410E+00 -0.6424000E-02 -0.6424000E-02  0.1766300E-01
 -0.0000000E+00 -0.0000000E+00 -0.0000000E+00  0.1098600E-01  0.1811500E-01
 -0.0000000E+00 -0.0000000E+00 -0.1987950E+00 -0.4287900E-01 -0.0000000E+00
 -0.0000000E+00 -0.5327810E+00 -0.1803161E+01 -0.0000000E+00 -0.0000000E+00
  0.2475262E+01 -0.1939820E+00 -0.0000000E+00 -0.0000000E+00 -0.4966040E+00
  0.6425000E-02  0.6425000E-02 -0.1767900E-01 -0.0000000E+00 -0.0000000E+00
 -0.0000000E+00
  0.0000000E+00  0.0000000E+00  0.0000000E+00 -0.1751660E+00  0.0000000E+00
  0.0000000E+00  0.0000000E+00 -0.5542210E+00  0.0000000E+00  0.0000000E+00
 -0.0000000E+00  0.1552327E+01  0.0000000E+00  0.0000000E+00  0.0000000E+00
 -0.1131394E+01  0.0000000E+00  0.0000000E+00  0.0000000E+00  0.0000000E+00
  0.0000000E+00  0.0000000E+00 -0.1978000E-01  0.0000000E+00  0.0000000E+00
 -0.0000000E+00  0.1751630E+00  0.0000000E+00  0.0000000E+00 -0.0000000E+00
  0.5542110E+00  0.0000000E+00  0.0000000E+00  0.0000000E+00 -0.1552310E+01
  0.0000000E+00  0.0000000E+00 -0.0000000E+00  0.1131386E+01  0.0000000E+00
  0.0000000E+00  0.0000000E+00  0.0000000E+00  0.0000000E+00  0.0000000E+00
 -0.1978000E-01
 -0.0000000E+00 -0.0000000E+00 -0.1751670E+00 -0.0000000E+00 -0.0000000E+00
 -0.0000000E+00 -0.5542220E+00 -0.0000000E+00 -0.0000000E+00 -0.0000000E+00
  0.1552330E+01  0.0000000E+00 -0.0000000E+00 -0.0000000E+00 -0.1131395E+01
 -0.0000000E+00 -0.0000000E+00 -0.0000000E+00 -0.0000000E+00 -0.0000000E+00
 -0.0000000E+00 -0.1978000E-01 -0.0000000E+00 -0.0000000E+00 -0.0000000E+00
  0.1751620E+00  0.0000000E+00 -0.0000000E+00 -0.0000000E+00  0.5542090E+00
  0.0000000E+00 -0.0000000E+00 -0.0000000E+00 -0.1552307E+01 -0.0000000E+00
 -0.0000000E+00 -0.0000000E+00  0.1131385E+01  0.0000000E+00 -0.0000000E+00
 -0.0000000E+00 -0.0000000E+00 -0.0000000E+00 -0.0000000E+00 -0.1978000E-01
 -0.0000000E+00
  0.7231000E-01  0.9421600E-01  0.0000000E+00  0.0000000E+00  0.3080600E-01
 -0.1072190E+01  0.0000000E+00  0.0000000E+00 -0.4221700E-01  0.1854226E+01
  0.0000000E+00  0.0000000E+00  0.7201400E-01 -0.6983780E+00  0.0000000E+00
  0.0000000E+00 -0.3020540E+00 -0.1204220E+00 -0.1204220E+00 -0.2255400E+00
  0.0000000E+00  0.0000000E+00  0.0000000E+00  0.7231900E-01  0.9422900E-01
  0.0000000E+00  0.0000000E+00 -0.3080700E-01 -0.1072340E+01  0.0000000E+00
  0.0000000E+00  0.4220100E-01  0.1854732E+01  0.0000000E+00  0.0000000E+00
 -0.7217100E-01 -0.6990090E+00  0.0000000E+00  0.0000000E+00  0.3022340E+00
 -0.1204400E+00 -0.1204400E+00 -0.2255550E+00  0.0000000E+00  0.0000000E+00
  0.0000000E+00
 -0.7205900E-01 -0.9460300E-01  0.0000000E+00  0.0000000E+00  0.1587200E-01
  0.1252758E+01  0.0000000E+00  0.0000000E+00 -0.5342800E-01 -0.4856067E+01
  0.0000000E+00  0.0000000E+00 -0.1723786E+01  0.1066800E+02  0.0000000E+00
  0.0000000E+00  0.3444282E+01  0.1583390E+00  0.1583390E+00  0.1610680E+00
  0.0000000E+00  0.0000000E+00  0.0000000E+00  0.7204900E-01  0.9458800E-01
  0.0000000E+00  0.0000000E+00  0.1588500E-01 -0.1252624E+01  0.0000000E+00
  0.0000000E+00 -0.5340800E-01  0.4855836E+01  0.0000000E+00  0.0000000E+00
 -0.1723841E+01  0.1066790E+02  0.0000000E+00  0.0000000E+00  0.3444285E+01
 -0.1583310E+00 -0.1583310E+00 -0.1610520E+00  0.0000000E+00  0.0000000E+00
  0.0000000E+00
  0.0000000E+00  0.0000000E+00 -0.0000000E+00 -0.8326200E-01  0.0000000E+00
  0.0000000E+00  0.0000000E+00  0.2494300E-01  0.0000000E+00  0.0000000E+00
 -0.0000000E+00 -0.1063970E+00  0.0000000E+00  0.0000000E+00  0.0000000E+00
  0.5722100E-01  0.0000000E+00  0.0000000E+00  0.0000000E+00  0.0000000E+00
  0.0000000E+00  0.0000000E+00  0.6464180E+00  0.0000000E+00  0.0000000E+00
 -0.0000000E+00 -0.8326200E-01  0.0000000E+00  0.0000000E+00  0.0000000E+00
  0.2494400E-01  0.0000000E+00  0.0000000E+00 -0.0000000E+00 -0.1063970E+00
  0.0000000E+00  0.0000000E+00  0.0000000E+00  0.5722000E-01  0.0000000E+00
  0.0000000E+00  0.0000000E+00  0.0000000E+00  0.0000000E+00 -0.0000000E+00
 -0.6464170E+00
  0.0000000E+00  0.0000000E+00 -0.8326200E-01  0.0000000E+00  0.0000000E+00
  0.0000000E+00  0.2494300E-01 -0.0000000E+00  0.0000000E+00  0.0000000E+00
 -0.1063970E+00  0.0000000E+00  0.0000000E+00  0.0000000E+00  0.5722100E-01
 -0.0000000E+00  0.0000000E+00  0.0000000E+00  0.0000000E+00  0.0000000E+00
  0.0000000E+00  0.6464180E+00 -0.0000000E+00  0.0000000E+00  0.0000000E+00
 -0.8326200E-01  0.0000000E+00  0.0000000E+00  0.0000000E+00  0.2494400E-01
 -0.0000000E+00  0.0000000E+00  0.0000000E+00 -0.1063970E+00  0.0000000E+00
  0.0000000E+00  0.0000000E+00  0.5722000E-01 -0.0000000E+00  0.0000000E+00
  0.0000000E+00  0.0000000E+00  0.0000000E+00  0.0000000E+00 -0.6464170E+00
  0.0000000E+00
  0.0000000E+00  0.0000000E+00  0.0000000E+00  0.0000000E+00 -0.0000000E+00
 -0.0000000E+00  0.0000000E+00  0.0000000E+00  0.0000000E+00 -0.0000000E+00
  0.0000000E+00  0.0000000E+00 -0.0000000E+00  0.0000000E+00  0.0000000E+00
  0.0000000E+00  0.0000000E+00  0.6020430E+00 -0.6020430E+00 -0.0000000E+00
 -0.0000000E+00  0.0000000E+00  0.0000000E+00 -0.0000000E+00 -0.0000000E+00
  0.0000000E+00  0.0000000E+00 -0.0000000E+00  0.0000000E+00  0.0000000E+00
  0.0000000E+00 -0.0000000E+00  0.0000000E+00  0.0000000E+00  0.0000000E+00
 -0.0000000E+00 -0.0000000E+00  0.0000000E+00  0.0000000E+00  0.0000000E+00
  0.6020420E+00 -0.6020420E+00  0.0000000E+00 -0.0000000E+00  0.0000000E+00
  0.0000000E+00
  0.0000000E+00  0.0000000E+00  0.0000000E+00  0.0000000E+00  0.0000000E+00
  0.0000000E+00  0.0000000E+00  0.0000000E+00  0.0000000E+00  0.0000000E+00
  0.0000000E+00  0.0000000E+00  0.0000000E+00  0.0000000E+00  0.0000000E+00
  0.0000000E+00  0.0000000E+00  0.0000000E+00 -0.0000000E+00  0.0000000E+00
  0.6951790E+00  0.0000000E+00  0.0000000E+00  0.0000000E+00  0.0000000E+00
  0.0000000E+00  0.0000000E+00  0.0000000E+00  0.0000000E+00  0.0000000E+00
  0.0000000E+00  0.0000000E+00  0.0000000E+00  0.0000000E+00  0.0000000E+00
  0.0000000E+00  0.0000000E+00  0.0000000E+00  0.0000000E+00  0.0000000E+00
  0.0000000E+00 -0.0000000E+00  0.0000000E+00  0.6951780E+00  0.0000000E+00
  0.0000000E+00
  0.0000000E+00  0.0000000E+00  0.0000000E+00  0.0000000E+00  0.0000000E+00
  0.0000000E+00  0.0000000E+00  0.0000000E+00  0.0000000E+00  0.0000000E+00
  0.0000000E+00  0.0000000E+00  0.0000000E+00  0.0000000E+00  0.0000000E+00
  0.0000000E+00  0.0000000E+00 -0.0000000E+00  0.0000000E+00  0.0000000E+00
 -0.7196700E+00  0.0000000E+00  0.0000000E+00  0.0000000E+00  0.0000000E+00
  0.0000000E+00  0.0000000E+00  0.0000000E+00  0.0000000E+00  0.0000000E+00
  0.0000000E+00  0.0000000E+00  0.0000000E+00  0.0000000E+00  0.0000000E+00
  0.0000000E+00  0.0000000E+00  0.0000000E+00  0.0000000E+00  0.0000000E+00
  0.0000000E+00 -0.0000000E+00  0.0000000E+00  0.7196710E+00  0.0000000E+00
  0.0000000E+00
 -0.0000000E+00 -0.0000000E+00  0.0000000E+00  0.0000000E+00  0.0000000E+00
  0.0000000E+00  0.0000000E+00  0.0000000E+00  0.0000000E+00 -0.0000000E+00
  0.0000000E+00  0.0000000E+00 -0.0000000E+00  0.0000000E+00  0.0000000E+00
  0.0000000E+00  0.0000000E+00  0.6232530E+00 -0.6232530E+00 -0.0000000E+00
 -0.0000000E+00  0.0000000E+00  0.0000000E+00 -0.0000000E+00 -0.0000000E+00
  0.0000000E+00  0.0000000E+00 -0.0000000E+00  0.0000000E+00  0.0000000E+00
  0.0000000E+00 -0.0000000E+00 -0.0000000E+00  0.0000000E+00  0.0000000E+00
  0.0000000E+00  0.0000000E+00  0.0000000E+00  0.0000000E+00 -0.0000000E+00
 -0.6232530E+00  0.6232530E+00 -0.0000000E+00  0.0000000E+00  0.0000000E+00
  0.0000000E+00
  0.2809900E-01  0.4797000E-01 -0.0000000E+00 -0.0000000E+00 -0.1213400E+00
 -0.3849780E+00 -0.0000000E+00 -0.0000000E+00 -0.2425520E+00  0.2284560E+00
 -0.0000000E+00 -0.0000000E+00  0.3667370E+00 -0.1564700E-01 -0.0000000E+00
 -0.0000000E+00 -0.1579850E+00 -0.3400420E+00 -0.3400420E+00  0.6385100E+00
 -0.0000000E+00 -0.0000000E+00 -0.0000000E+00  0.2809900E-01  0.4797100E-01
 -0.0000000E+00 -0.0000000E+00  0.1213390E+00 -0.3849790E+00 -0.0000000E+00
 -0.0000000E+00  0.2425530E+00  0.2284430E+00 -0.0000000E+00 -0.0000000E+00
 -0.3667330E+00 -0.1562700E-01 -0.0000000E+00 -0.0000000E+00  0.1579800E+00
 -0.3400390E+00 -0.3400390E+00  0.6385130E+00 -0.0000000E+00 -0.0000000E+00
 -0.0000000E+00
  0.0000000E+00  0.0000000E+00 -0.0000000E+00  0.7485400E-01  0.0000000E+00
  0.0000000E+00  0.0000000E+00 -0.1166430E+00  0.0000000E+00  0.0000000E+00
 -0.0000000E+00  0.3854990E+00  0.0000000E+00  0.0000000E+00  0.0000000E+00
 -0.1854040E+00  0.0000000E+00  0.0000000E+00  0.0000000E+00  0.0000000E+00
  0.0000000E+00 -0.0000000E+00  0.8044280E+00  0.0000000E+00  0.0000000E+00
  0.0000000E+00 -0.7485400E-01  0.0000000E+00  0.0000000E+00 -0.0000000E+00
  0.1166440E+00  0.0000000E+00  0.0000000E+00  0.0000000E+00 -0.3855000E+00
  0.0000000E+00  0.0000000E+00 -0.0000000E+00  0.1854040E+00  0.0000000E+00
  0.0000000E+00  0.0000000E+00  0.0000000E+00  0.0000000E+00 -0.0000000E+00
  0.8044280E+00
 -0.0000000E+00 -0.0000000E+00  0.7485400E-01  0.0000000E+00 -0.0000000E+00
 -0.0000000E+00 -0.1166430E+00 -0.0000000E+00 -0.0000000E+00 -0.0000000E+00
  0.3854990E+00  0.0000000E+00 -0.0000000E+00 -0.0000000E+00 -0.1854040E+00
 -0.0000000E+00 -0.0000000E+00 -0.0000000E+00 -0.0000000E+00 -0.0000000E+00
 -0.0000000E+00  0.8044280E+00  0.0000000E+00 -0.0000000E+00 -0.0000000E+00
 -0.7485400E-01 -0.0000000E+00 -0.0000000E+00 -0.0000000E+00  0.1166440E+00
  0.0000000E+00 -0.0000000E+00 -0.0000000E+00 -0.3855000E+00 -0.0000000E+00
 -0.0000000E+00 -0.0000000E+00  0.1854040E+00  0.0000000E+00 -0.0000000E+00
 -0.0000000E+00 -0.0000000E+00 -0.0000000E+00 -0.0000000E+00  0.8044280E+00
  0.0000000E+00
 -0.1247900E-01 -0.3429700E-01 -0.0000000E+00 -0.0000000E+00  0.3848890E+00
 -0.1057600E+00 -0.0000000E+00 -0.0000000E+00 -0.2422130E+00  0.2165256E+01
 -0.0000000E+00 -0.0000000E+00  0.1489483E+01 -0.2100179E+01 -0.0000000E+00
 -0.0000000E+00 -0.8539280E+00 -0.4805610E+00 -0.4805610E+00  0.7557020E+00
 -0.0000000E+00 -0.0000000E+00 -0.0000000E+00  0.1247900E-01  0.3429600E-01
 -0.0000000E+00 -0.0000000E+00  0.3848870E+00  0.1057600E+00 -0.0000000E+00
 -0.0000000E+00 -0.2422110E+00 -0.2165247E+01 -0.0000000E+00 -0.0000000E+00
  0.1489483E+01  0.2100175E+01 -0.0000000E+00 -0.0000000E+00 -0.8539280E+00
  0.4805590E+00  0.4805590E+00 -0.7557040E+00 -0.0000000E+00 -0.0000000E+00
 -0.0000000E+00
  0.0000000E+00  0.0000000E+00  0.0000000E+00 -0.8910200E+00  0.0000000E+00
  0.0000000E+00 -0.0000000E+00  0.1060710E+01  0.0000000E+00  0.0000000E+00
  0.0000000E+00 -0.5442100E+00  0.0000000E+00  0.0000000E+00 -0.0000000E+00
  0.1810540E+00  0.0000000E+00  0.0000000E+00  0.0000000E+00  0.0000000E+00
  0.0000000E+00  0.0000000E+00 -0.7679400E-01  0.0000000E+00  0.0000000E+00
  0.0000000E+00 -0.8910280E+00  0.0000000E+00  0.0000000E+00 -0.0000000E+00
  0.1060719E+01  0.0000000E+00  0.0000000E+00  0.0000000E+00 -0.5442150E+00
  0.0000000E+00  0.0000000E+00 -0.0000000E+00  0.1810570E+00  0.0000000E+00
  0.0000000E+00  0.0000000E+00  0.0000000E+00  0.0000000E+00 -0.0000000E+00
  0.7679300E-01
 -0.0000000E+00 -0.0000000E+00 -0.8910190E+00 -0.0000000E+00 -0.0000000E+00
 -0.0000000E+00  0.1060709E+01  0.0000000E+00 -0.0000000E+00 -0.0000000E+00
 -0.5442090E+00 -0.0000000E+00 -0.0000000E+00 -0.0000000E+00  0.1810540E+00
  0.0000000E+00 -0.0000000E+00 -0.0000000E+00 -0.0000000E+00 -0.0000000E+00
 -0.0000000E+00 -0.7679400E-01 -0.0000000E+00 -0.0000000E+00 -0.0000000E+00
 -0.8910290E+00 -0.0000000E+00 -0.0000000E+00 -0.0000000E+00  0.1060721E+01
  0.0000000E+00 -0.0000000E+00 -0.0000000E+00 -0.5442160E+00 -0.0000000E+00
 -0.0000000E+00 -0.0000000E+00  0.1810570E+00  0.0000000E+00 -0.0000000E+00
 -0.0000000E+00 -0.0000000E+00 -0.0000000E+00 -0.0000000E+00  0.7679300E-01
  0.0000000E+00
 -0.1161900E-01 -0.2703000E-01  0.0000000E+00  0.0000000E+00  0.8951560E+00
  0.5397000E-01  0.0000000E+00  0.0000000E+00 -0.1002462E+01 -0.4548600E-01
  0.0000000E+00  0.0000000E+00  0.6314500E+00  0.7556200E-01  0.0000000E+00
  0.0000000E+00 -0.3041180E+00 -0.1206420E+00 -0.1206420E+00  0.1130300E+00
  0.0000000E+00  0.0000000E+00  0.0000000E+00 -0.1161800E-01 -0.2702600E-01
  0.0000000E+00  0.0000000E+00 -0.8951650E+00  0.5395200E-01  0.0000000E+00
  0.0000000E+00  0.1002474E+01 -0.4548600E-01  0.0000000E+00  0.0000000E+00
 -0.6314560E+00  0.7549600E-01  0.0000000E+00  0.0000000E+00  0.3041420E+00
 -0.1206320E+00 -0.1206320E+00  0.1130360E+00  0.0000000E+00  0.0000000E+00
  0.0000000E+00
 -0.0000000E+00 -0.0000000E+00 -0.0000000E+00 -0.9022550E+00 -0.0000000E+00
 -0.0000000E+00  0.0000000E+00  0.1118440E+01 -0.0000000E+00 -0.0000000E+00
 -0.0000000E+00 -0.7332410E+00 -0.0000000E+00 -0.0000000E+00  0.0000000E+00
  0.3975530E+00 -0.0000000E+00 -0.0000000E+00 -0.0000000E+00 -0.0000000E+00
 -0.0000000E+00  0.0000000E+00  0.9988600E-01 -0.0000000E+00 -0.0000000E+00
  0.0000000E+00  0.9022470E+00 -0.0000000E+00 -0.0000000E+00 -0.0000000E+00
 -0.1118431E+01 -0.0000000E+00 -0.0000000E+00  0.0000000E+00  0.7332350E+00
 -0.0000000E+00 -0.0000000E+00 -0.0000000E+00 -0.3975510E+00 -0.0000000E+00
 -0.0000000E+00 -0.0000000E+00 -0.0000000E+00 -0.0000000E+00  0.0000000E+00
  0.9988700E-01
 -0.0000000E+00 -0.0000000E+00 -0.9022560E+00  0.0000000E+00 -0.0000000E+00
 -0.0000000E+00  0.1118441E+01 -0.0000000E+00 -0.0000000E+00 -0.0000000E+00
 -0.7332410E+00  0.0000000E+00 -0.0000000E+00 -0.0000000E+00  0.3975530E+00
 -0.0000000E+00 -0.0000000E+00 -0.0000000E+00 -0.0000000E+00 -0.0000000E+00
 -0.0000000E+00  0.9988600E-01 -0.0000000E+00 -0.0000000E+00 -0.0000000E+00
  0.9022460E+00 -0.0000000E+00 -0.0000000E+00 -0.0000000E+00 -0.1118430E+01
  0.0000000E+00 -0.0000000E+00 -0.0000000E+00  0.7332350E+00 -0.0000000E+00
 -0.0000000E+00 -0.0000000E+00 -0.3975510E+00  0.0000000E+00 -0.0000000E+00
 -0.0000000E+00 -0.0000000E+00 -0.0000000E+00 -0.0000000E+00  0.9988700E-01
 -0.0000000E+00
 -0.9389200E-01 -0.3260310E+00  0.0000000E+00  0.0000000E+00 -0.6398830E+00
  0.1062141E+01  0.0000000E+00  0.0000000E+00  0.1009175E+01  0.1840016E+01
  0.0000000E+00  0.0000000E+00  0.1541620E+00 -0.3766348E+01  0.0000000E+00
  0.0000000E+00 -0.1097668E+01 -0.9051750E+00 -0.9051750E+00 -0.3156630E+00
  0.0000000E+00  0.0000000E+00  0.0000000E+00  0.9391700E-01  0.3261180E+00
  0.0000000E+00  0.0000000E+00 -0.6398820E+00 -0.1062456E+01  0.0000000E+00
  0.0000000E+00  0.1009171E+01 -0.1840186E+01  0.0000000E+00  0.0000000E+00
  0.1541780E+00  0.3766395E+01  0.0000000E+00  0.0000000E+00 -0.1097689E+01
  0.9053790E+00  0.9053790E+00  0.3158360E+00  0.0000000E+00  0.0000000E+00
  0.0000000E+00
 -0.1360510E+00 -0.4790010E+00 -0.0000000E+00 -0.0000000E+00 -0.5408900E-01
  0.1746752E+01 -0.0000000E+00 -0.0000000E+00  0.6109700E-01  0.9558070E+00
 -0.0000000E+00 -0.0000000E+00  0.1539900E-01 -0.2788300E+00 -0.0000000E+00
 -0.0000000E+00 -0.8771300E-01 -0.1119647E+01 -0.1119647E+01 -0.9676790E+00
 -0.0000000E+00 -0.0000000E+00 -0.0000000E+00 -0.1360350E+00 -0.4789490E+00
 -0.0000000E+00 -0.0000000E+00  0.5396300E-01  0.1746591E+01 -0.0000000E+00
 -0.0000000E+00 -0.6089100E-01  0.9554460E+00 -0.0000000E+00 -0.0000000E+00
 -0.1538400E-01 -0.2776060E+00 -0.0000000E+00 -0.0000000E+00  0.8733100E-01
 -0.1119494E+01 -0.1119494E+01 -0.9676460E+00 -0.0000000E+00 -0.0000000E+00
 -0.0000000E+00
  0.9336600E-01  0.3661210E+00 -0.0000000E+00 -0.0000000E+00 -0.6310110E+00
 -0.1427104E+01 -0.0000000E+00 -0.0000000E+00  0.1232342E+01 -0.1010708E+01
 -0.0000000E+00 -0.0000000E+00 -0.5106220E+00  0.1706954E+01 -0.0000000E+00
 -0.0000000E+00  0.5865030E+00  0.6602770E+00  0.6602770E+00  0.1575031E+01
 -0.0000000E+00 -0.0000000E+00 -0.0000000E+00 -0.9336400E-01 -0.3661140E+00
 -0.0000000E+00 -0.0000000E+00 -0.6310120E+00  0.1427073E+01 -0.0000000E+00
 -0.0000000E+00  0.1232344E+01  0.1010693E+01 -0.0000000E+00 -0.0000000E+00
 -0.5106240E+00 -0.1706949E+01 -0.0000000E+00 -0.0000000E+00  0.5865020E+00
 -0.6602590E+00 -0.6602590E+00 -0.1575015E+01 -0.0000000E+00 -0.0000000E+00
 -0.0000000E+00
 -0.1638944E+01  0.1909062E+01  0.0000000E+00  0.0000000E+00  0.5300000E-04
 -0.7613260E+00  0.0000000E+00  0.0000000E+00 -0.2762000E-02 -0.2404280E+00
  0.0000000E+00  0.0000000E+00 -0.9876000E-02  0.7158200E-01  0.0000000E+00
  0.0000000E+00  0.2703100E-01  0.3867910E+00  0.3867910E+00  0.3588130E+00
  0.0000000E+00  0.0000000E+00  0.0000000E+00 -0.1638999E+01  0.1909127E+01
  0.0000000E+00  0.0000000E+00 -0.5200000E-04 -0.7613530E+00  0.0000000E+00
  0.0000000E+00  0.2759000E-02 -0.2404460E+00  0.0000000E+00  0.0000000E+00
  0.9882000E-02  0.7161100E-01  0.0000000E+00  0.0000000E+00 -0.2704000E-01
  0.3868050E+00  0.3868050E+00  0.3588290E+00  0.0000000E+00  0.0000000E+00
  0.0000000E+00
 -0.1644358E+01  0.1929867E+01 -0.0000000E+00 -0.0000000E+00 -0.3386100E-01
 -0.8057510E+00 -0.0000000E+00 -0.0000000E+00  0.9755600E-01 -0.5532970E+00
 -0.0000000E+00 -0.0000000E+00 -0.1564450E+00  0.1070758E+01 -0.0000000E+00
 -0.0000000E+00  0.3370680E+00  0.4084910E+00  0.4084910E+00  0.4885610E+00
 -0.0000000E+00 -0.0000000E+00 -0.0000000E+00  0.1644303E+01 -0.1929802E+01
 -0.0000000E+00 -0.0000000E+00 -0.3386100E-01  0.8057240E+00 -0.0000000E+00
 -0.0000000E+00  0.9755600E-01  0.5532890E+00 -0.0000000E+00 -0.0000000E+00
 -0.1564450E+00 -0.1070756E+01 -0.0000000E+00 -0.0000000E+00  0.3370680E+00
 -0.4084780E+00 -0.4084780E+00 -0.4885490E+00 -0.0000000E+00 -0.0000000E+00
 -0.0000000E+00
