0.0018951500830000
0.0143859006310000
0.0707320031030000
0.2400010105300000
0.5947970260970000
0.2808020123200000
0.1138890124400000
0.9208111005760000
-0.0032744703580000
0.0365113973800000
0.2371529829840000
0.8197019411860000
0.0365113973800000
0.2371529829840000
0.8197019411860000
0.0365113973800000
0.2371529829840000
0.8197019411860000
1.0000000000000000
1.0000000000000000
1.0000000000000000
1.0000000000000000
1.0000000000000000
1.0000000000000000
1.0000000000000000
1.0000000000000000
1.0000000000000000
1.0000000000000000
1.0000000000000000
1.0000000000000000
1.0000000000000000
1.0000000000000000
1.0000000000000000
1.0000000000000000
1.0000000000000000
1.0000000000000000
0.0018951500830000
0.0143859006310000
0.0707320031030000
0.2400010105300000
0.5947970260970000
0.2808020123200000
0.1138890124400000
0.9208111005760000
-0.0032744703580000
0.0365113973800000
0.2371529829840000
0.8197019411860000
0.0365113973800000
0.2371529829840000
0.8197019411860000
0.0365113973800000
0.2371529829840000
0.8197019411860000
1.0000000000000000
1.0000000000000000
1.0000000000000000
1.0000000000000000
1.0000000000000000
1.0000000000000000
1.0000000000000000
1.0000000000000000
1.0000000000000000
1.0000000000000000
1.0000000000000000
1.0000000000000000
1.0000000000000000
1.0000000000000000
1.0000000000000000
1.0000000000000000
1.0000000000000000
1.0000000000000000
