
 1.0000000028073244E+00 

 9.9999999570344156E-01 

 9.9999999769040926E-01 

 1.0000000538597380E+00 

 9.9999997199852009E-01 

 9.9999997117357486E-01 

 9.9999999608421608E-01 

 9.9999999608421608E-01 

 9.9999999608421608E-01 

 9.9999998474067731E-01 

 9.9999998474067731E-01 

 9.9999998474067731E-01 

 9.9999995144983200E-01 

 9.9999995144983200E-01 

 9.9999995144983200E-01 

 1.0000000662183275E+00 

 1.0000000662183275E+00 

 1.0000000662183275E+00 

 9.9999999645276860E-01 

 9.9999999645276860E-01 

 9.9999999645276860E-01 

 9.9999999645276860E-01 

 9.9999999645276860E-01 

 9.9999999645276860E-01 

 1.0000000118680916E+00 

 1.0000000118680916E+00 

 1.0000000118680916E+00 

 1.0000000118680918E+00 

 1.0000000118680918E+00 

 1.0000000118680918E+00 

 9.9999997412398400E-01 

 9.9999997412398400E-01 

 9.9999997412398400E-01 

 9.9999997412398312E-01 

 9.9999997412398312E-01 

 9.9999997412398312E-01 

 9.9999999999999978E-01 

 9.9999999999999978E-01 

 9.9999999999999978E-01 

 9.9999999999999978E-01 

 9.9999999999999978E-01 

 9.9999999999999978E-01 

 9.9999999999999978E-01 

 9.9999999999999978E-01 

 9.9999999999999978E-01 

 9.9999999999999978E-01 

 1.0000000028073244E+00 

 9.9999999570344156E-01 

 9.9999999769040926E-01 

 1.0000000538597380E+00 

 9.9999997199852009E-01 

 9.9999997117357486E-01 

 9.9999999608421608E-01 

 9.9999999608421608E-01 

 9.9999999608421608E-01 

 9.9999998474067731E-01 

 9.9999998474067731E-01 

 9.9999998474067731E-01 

 9.9999995144983200E-01 

 9.9999995144983200E-01 

 9.9999995144983200E-01 

 1.0000000662183275E+00 

 1.0000000662183275E+00 

 1.0000000662183275E+00 

 9.9999999645276860E-01 

 9.9999999645276860E-01 

 9.9999999645276860E-01 

 9.9999999645276860E-01 

 9.9999999645276860E-01 

 9.9999999645276860E-01 

 1.0000000118680916E+00 

 1.0000000118680916E+00 

 1.0000000118680916E+00 

 1.0000000118680918E+00 

 1.0000000118680918E+00 

 1.0000000118680918E+00 

 9.9999997412398400E-01 

 9.9999997412398400E-01 

 9.9999997412398400E-01 

 9.9999997412398312E-01 

 9.9999997412398312E-01 

 9.9999997412398312E-01 

 9.9999999999999978E-01 

 9.9999999999999978E-01 

 9.9999999999999978E-01 

 9.9999999999999978E-01 

 9.9999999999999978E-01 

 9.9999999999999978E-01 

 9.9999999999999978E-01 

 9.9999999999999978E-01 

 9.9999999999999978E-01 

 9.9999999999999978E-01 
