
 188.6144500000000050  
 
 28.2765960000000014  
 
 6.4248300000000000  
 
 1.8150409999999999  
 
 0.5910630000000000  
 
 0.2121490000000000  
 
 0.0798910000000000  
 
 0.0279620000000000  
 
 188.6144500000000050  
 
 28.2765960000000014  
 
 6.4248300000000000  
 
 1.8150409999999999  
 
 0.5910630000000000  
 
 0.2121490000000000  
 
 0.0798910000000000  
 
 0.0279620000000000  
 
 188.6144500000000050  
 
 28.2765960000000014  
 
 6.4248300000000000  
 
 1.8150409999999999  
 
 0.5910630000000000  
 
 0.2121490000000000  
 
 0.0798910000000000  
 
 0.0279620000000000  
 
 188.6144500000000050  
 
 28.2765960000000014  
 
 6.4248300000000000  
 
 1.8150409999999999  
 
 0.5910630000000000  
 
 0.2121490000000000  
 
 0.0798910000000000  
 
 0.0279620000000000  
 
 188.6144500000000050  
 
 28.2765960000000014  
 
 6.4248300000000000  
 
 1.8150409999999999  
 
 0.5910630000000000  
 
 0.2121490000000000  
 
 0.0798910000000000  
 
 0.0279620000000000  
 
 188.6144500000000050  
 
 28.2765960000000014  
 
 6.4248300000000000  
 
 1.8150409999999999  
 
 0.5910630000000000  
 
 0.2121490000000000  
 
 0.0798910000000000  
 
 0.0279620000000000  
 
 2.3050000000000002  
 
 0.8067500000000000  
 
 0.2823620000000000  
 
 0.0988270000000000  
 
 2.3050000000000002  
 
 0.8067500000000000  
 
 0.2823620000000000  
 
 0.0988270000000000  
 
 2.3050000000000002  
 
 0.8067500000000000  
 
 0.2823620000000000  
 
 0.0988270000000000  
 
 2.3050000000000002  
 
 0.8067500000000000  
 
 0.2823620000000000  
 
 0.0988270000000000  
 
 2.3050000000000002  
 
 0.8067500000000000  
 
 0.2823620000000000  
 
 0.0988270000000000  
 
 2.3050000000000002  
 
 0.8067500000000000  
 
 0.2823620000000000  
 
 0.0988270000000000  
 
 2.3050000000000002  
 
 0.8067500000000000  
 
 0.2823620000000000  
 
 0.0988270000000000  
 
 2.3050000000000002  
 
 0.8067500000000000  
 
 0.2823620000000000  
 
 0.0988270000000000  
 
 2.3050000000000002  
 
 0.8067500000000000  
 
 0.2823620000000000  
 
 0.0988270000000000  
 
 2.3050000000000002  
 
 0.8067500000000000  
 
 0.2823620000000000  
 
 0.0988270000000000  
 
 2.3050000000000002  
 
 0.8067500000000000  
 
 0.2823620000000000  
 
 0.0988270000000000  
 
 2.3050000000000002  
 
 0.8067500000000000  
 
 0.2823620000000000  
 
 0.0988270000000000  
 
 1.8190000000000000  
 
 0.7276000000000000  
 
 0.2910400000000000  
 
 1.8190000000000000  
 
 0.7276000000000000  
 
 0.2910400000000000  
 
 1.8190000000000000  
 
 0.7276000000000000  
 
 0.2910400000000000  
 
 1.8190000000000000  
 
 0.7276000000000000  
 
 0.2910400000000000  
 
 1.8190000000000000  
 
 0.7276000000000000  
 
 0.2910400000000000  
 
 1.8190000000000000  
 
 0.7276000000000000  
 
 0.2910400000000000  
 
 1.8190000000000000  
 
 0.7276000000000000  
 
 0.2910400000000000  
 
 1.8190000000000000  
 
 0.7276000000000000  
 
 0.2910400000000000  
 
 1.8190000000000000  
 
 0.7276000000000000  
 
 0.2910400000000000  
 
 1.8190000000000000  
 
 0.7276000000000000  
 
 0.2910400000000000  
 
 1.8190000000000000  
 
 0.7276000000000000  
 
 0.2910400000000000  
 
 1.8190000000000000  
 
 0.7276000000000000  
 
 0.2910400000000000  
 
 1.8190000000000000  
 
 0.7276000000000000  
 
 0.2910400000000000  
 
 1.8190000000000000  
 
 0.7276000000000000  
 
 0.2910400000000000  
 
 1.8190000000000000  
 
 0.7276000000000000  
 
 0.2910400000000000  
 
 1.8190000000000000  
 
 0.7276000000000000  
 
 0.2910400000000000  
 
 1.8190000000000000  
 
 0.7276000000000000  
 
 0.2910400000000000  
 
 1.8190000000000000  
 
 0.7276000000000000  
 
 0.2910400000000000  
 
 0.9701090000000000  
 
 0.9701090000000000  
 
 0.9701090000000000  
 
 0.9701090000000000  
 
 0.9701090000000000  
 
 0.9701090000000000  
 
 0.9701090000000000  
 
 0.9701090000000000  
 
 0.9701090000000000  
 
 0.9701090000000000  
 
 188.6144500000000050  
 
 28.2765960000000014  
 
 6.4248300000000000  
 
 1.8150409999999999  
 
 0.5910630000000000  
 
 0.2121490000000000  
 
 0.0798910000000000  
 
 0.0279620000000000  
 
 188.6144500000000050  
 
 28.2765960000000014  
 
 6.4248300000000000  
 
 1.8150409999999999  
 
 0.5910630000000000  
 
 0.2121490000000000  
 
 0.0798910000000000  
 
 0.0279620000000000  
 
 188.6144500000000050  
 
 28.2765960000000014  
 
 6.4248300000000000  
 
 1.8150409999999999  
 
 0.5910630000000000  
 
 0.2121490000000000  
 
 0.0798910000000000  
 
 0.0279620000000000  
 
 188.6144500000000050  
 
 28.2765960000000014  
 
 6.4248300000000000  
 
 1.8150409999999999  
 
 0.5910630000000000  
 
 0.2121490000000000  
 
 0.0798910000000000  
 
 0.0279620000000000  
 
 188.6144500000000050  
 
 28.2765960000000014  
 
 6.4248300000000000  
 
 1.8150409999999999  
 
 0.5910630000000000  
 
 0.2121490000000000  
 
 0.0798910000000000  
 
 0.0279620000000000  
 
 188.6144500000000050  
 
 28.2765960000000014  
 
 6.4248300000000000  
 
 1.8150409999999999  
 
 0.5910630000000000  
 
 0.2121490000000000  
 
 0.0798910000000000  
 
 0.0279620000000000  
 
 2.3050000000000002  
 
 0.8067500000000000  
 
 0.2823620000000000  
 
 0.0988270000000000  
 
 2.3050000000000002  
 
 0.8067500000000000  
 
 0.2823620000000000  
 
 0.0988270000000000  
 
 2.3050000000000002  
 
 0.8067500000000000  
 
 0.2823620000000000  
 
 0.0988270000000000  
 
 2.3050000000000002  
 
 0.8067500000000000  
 
 0.2823620000000000  
 
 0.0988270000000000  
 
 2.3050000000000002  
 
 0.8067500000000000  
 
 0.2823620000000000  
 
 0.0988270000000000  
 
 2.3050000000000002  
 
 0.8067500000000000  
 
 0.2823620000000000  
 
 0.0988270000000000  
 
 2.3050000000000002  
 
 0.8067500000000000  
 
 0.2823620000000000  
 
 0.0988270000000000  
 
 2.3050000000000002  
 
 0.8067500000000000  
 
 0.2823620000000000  
 
 0.0988270000000000  
 
 2.3050000000000002  
 
 0.8067500000000000  
 
 0.2823620000000000  
 
 0.0988270000000000  
 
 2.3050000000000002  
 
 0.8067500000000000  
 
 0.2823620000000000  
 
 0.0988270000000000  
 
 2.3050000000000002  
 
 0.8067500000000000  
 
 0.2823620000000000  
 
 0.0988270000000000  
 
 2.3050000000000002  
 
 0.8067500000000000  
 
 0.2823620000000000  
 
 0.0988270000000000  
 
 1.8190000000000000  
 
 0.7276000000000000  
 
 0.2910400000000000  
 
 1.8190000000000000  
 
 0.7276000000000000  
 
 0.2910400000000000  
 
 1.8190000000000000  
 
 0.7276000000000000  
 
 0.2910400000000000  
 
 1.8190000000000000  
 
 0.7276000000000000  
 
 0.2910400000000000  
 
 1.8190000000000000  
 
 0.7276000000000000  
 
 0.2910400000000000  
 
 1.8190000000000000  
 
 0.7276000000000000  
 
 0.2910400000000000  
 
 1.8190000000000000  
 
 0.7276000000000000  
 
 0.2910400000000000  
 
 1.8190000000000000  
 
 0.7276000000000000  
 
 0.2910400000000000  
 
 1.8190000000000000  
 
 0.7276000000000000  
 
 0.2910400000000000  
 
 1.8190000000000000  
 
 0.7276000000000000  
 
 0.2910400000000000  
 
 1.8190000000000000  
 
 0.7276000000000000  
 
 0.2910400000000000  
 
 1.8190000000000000  
 
 0.7276000000000000  
 
 0.2910400000000000  
 
 1.8190000000000000  
 
 0.7276000000000000  
 
 0.2910400000000000  
 
 1.8190000000000000  
 
 0.7276000000000000  
 
 0.2910400000000000  
 
 1.8190000000000000  
 
 0.7276000000000000  
 
 0.2910400000000000  
 
 1.8190000000000000  
 
 0.7276000000000000  
 
 0.2910400000000000  
 
 1.8190000000000000  
 
 0.7276000000000000  
 
 0.2910400000000000  
 
 1.8190000000000000  
 
 0.7276000000000000  
 
 0.2910400000000000  
 
 0.9701090000000000  
 
 0.9701090000000000  
 
 0.9701090000000000  
 
 0.9701090000000000  
 
 0.9701090000000000  
 
 0.9701090000000000  
 
 0.9701090000000000  
 
 0.9701090000000000  
 
 0.9701090000000000  
 
 0.9701090000000000  
 