
 0.0009638500000000  
 
 0.0074919600000000  
 
 0.0375954100000000  
 
 0.1433949800000000  
 
 0.3486363000000000  
 
 0.4382973600000000  
 
 0.1651066100000000  
 
 0.0210228700000000  
 
 -0.0013119000000000  
 
 -0.0103451000000000  
 
 -0.0504953000000000  
 
 -0.2073855000000000  
 
 -0.4350885000000000  
 
 -0.0247297000000000  
 
 0.3225259900000000  
 
 0.7072753800000000  
 
 0.0024224000000000  
 
 0.0203381700000000  
 
 0.0896393500000000  
 
 0.4422907100000000  
 
 0.5757143900000000  
 
 -0.9802890000000000  
 
 -0.6721538000000000  
 
 1.1417685000000000  
 
 -0.0115701000000000  
 
 -0.0837154000000000  
 
 -0.4451663000000000  
 
 -1.1462710000000000  
 
 2.5031870999999999  
 
 -1.5828490000000000  
 
 0.0309656900000000  
 
 0.3086286400000000  
 
 0.0147809900000000  
 
 0.0940318700000000  
 
 0.5361801600000000  
 
 -0.6089639000000000  
 
 -1.1148890000000000  
 
 3.4820812000000001  
 
 -3.7625389999999999  
 
 1.6766932000000001  
 
 -0.0212892000000000  
 
 -0.1095596000000000  
 
 -1.4818260000000001  
 
 3.0272963000000002  
 
 -3.7630859999999999  
 
 3.6574130999999999  
 
 -2.5012370000000002  
 
 0.8940539400000000  
 
 0.1127901900000000  
 
 0.4185075300000000  
 
 0.4700077300000000  
 
 0.1826260300000000  
 
 0.1127901900000000  
 
 0.4185075300000000  
 
 0.4700077300000000  
 
 0.1826260300000000  
 
 0.1127901900000000  
 
 0.4185075300000000  
 
 0.4700077300000000  
 
 0.1826260300000000  
 
 -0.2108688000000000  
 
 -0.5943796000000000  
 
 0.0896888800000000  
 
 0.8611634000000000  
 
 -0.2108688000000000  
 
 -0.5943796000000000  
 
 0.0896888800000000  
 
 0.8611634000000000  
 
 -0.2108688000000000  
 
 -0.5943796000000000  
 
 0.0896888800000000  
 
 0.8611634000000000  
 
 0.7599501100000000  
 
 0.1646159000000000  
 
 -1.3710140000000000  
 
 1.0593155000000001  
 
 0.7599501100000000  
 
 0.1646159000000000  
 
 -1.3710140000000000  
 
 1.0593155000000001  
 
 0.7599501100000000  
 
 0.1646159000000000  
 
 -1.3710140000000000  
 
 1.0593155000000001  
 
 -1.4427420000000000  
 
 2.3489914000000001  
 
 -1.9911520000000000  
 
 0.9050560100000000  
 
 -1.4427420000000000  
 
 2.3489914000000001  
 
 -1.9911520000000000  
 
 0.9050560100000000  
 
 -1.4427420000000000  
 
 2.3489914000000001  
 
 -1.9911520000000000  
 
 0.9050560100000000  
 
 0.2705134100000000  
 
 0.5510125000000000  
 
 0.3310866400000000  
 
 0.2705134100000000  
 
 0.5510125000000000  
 
 0.3310866400000000  
 
 0.2705134100000000  
 
 0.5510125000000000  
 
 0.3310866400000000  
 
 0.2705134100000000  
 
 0.5510125000000000  
 
 0.3310866400000000  
 
 0.2705134100000000  
 
 0.5510125000000000  
 
 0.3310866400000000  
 
 0.2705134100000000  
 
 0.5510125000000000  
 
 0.3310866400000000  
 
 -0.7938035000000000  
 
 -0.0914252000000000  
 
 0.8620033400000000  
 
 -0.7938035000000000  
 
 -0.0914252000000000  
 
 0.8620033400000000  
 
 -0.7938035000000000  
 
 -0.0914252000000000  
 
 0.8620033400000000  
 
 -0.7938035000000000  
 
 -0.0914252000000000  
 
 0.8620033400000000  
 
 -0.7938035000000000  
 
 -0.0914252000000000  
 
 0.8620033400000000  
 
 -0.7938035000000000  
 
 -0.0914252000000000  
 
 0.8620033400000000  
 
 1.3082769999999999  
 
 -2.0210590000000002  
 
 1.2498887999999999  
 
 1.3082769999999999  
 
 -2.0210590000000002  
 
 1.2498887999999999  
 
 1.3082769999999999  
 
 -2.0210590000000002  
 
 1.2498887999999999  
 
 1.3082769999999999  
 
 -2.0210590000000002  
 
 1.2498887999999999  
 
 1.3082769999999999  
 
 -2.0210590000000002  
 
 1.2498887999999999  
 
 1.3082769999999999  
 
 -2.0210590000000002  
 
 1.2498887999999999  
 
 1.0000000000000000  
 
 1.0000000000000000  
 
 1.0000000000000000  
 
 1.0000000000000000  
 
 1.0000000000000000  
 
 1.0000000000000000  
 
 1.0000000000000000  
 
 1.0000000000000000  
 
 1.0000000000000000  
 
 1.0000000000000000  
 
 0.0009638500000000  
 
 0.0074919600000000  
 
 0.0375954100000000  
 
 0.1433949800000000  
 
 0.3486363000000000  
 
 0.4382973600000000  
 
 0.1651066100000000  
 
 0.0210228700000000  
 
 -0.0013119000000000  
 
 -0.0103451000000000  
 
 -0.0504953000000000  
 
 -0.2073855000000000  
 
 -0.4350885000000000  
 
 -0.0247297000000000  
 
 0.3225259900000000  
 
 0.7072753800000000  
 
 0.0024224000000000  
 
 0.0203381700000000  
 
 0.0896393500000000  
 
 0.4422907100000000  
 
 0.5757143900000000  
 
 -0.9802890000000000  
 
 -0.6721538000000000  
 
 1.1417685000000000  
 
 -0.0115701000000000  
 
 -0.0837154000000000  
 
 -0.4451663000000000  
 
 -1.1462710000000000  
 
 2.5031870999999999  
 
 -1.5828490000000000  
 
 0.0309656900000000  
 
 0.3086286400000000  
 
 0.0147809900000000  
 
 0.0940318700000000  
 
 0.5361801600000000  
 
 -0.6089639000000000  
 
 -1.1148890000000000  
 
 3.4820812000000001  
 
 -3.7625389999999999  
 
 1.6766932000000001  
 
 -0.0212892000000000  
 
 -0.1095596000000000  
 
 -1.4818260000000001  
 
 3.0272963000000002  
 
 -3.7630859999999999  
 
 3.6574130999999999  
 
 -2.5012370000000002  
 
 0.8940539400000000  
 
 0.1127901900000000  
 
 0.4185075300000000  
 
 0.4700077300000000  
 
 0.1826260300000000  
 
 0.1127901900000000  
 
 0.4185075300000000  
 
 0.4700077300000000  
 
 0.1826260300000000  
 
 0.1127901900000000  
 
 0.4185075300000000  
 
 0.4700077300000000  
 
 0.1826260300000000  
 
 -0.2108688000000000  
 
 -0.5943796000000000  
 
 0.0896888800000000  
 
 0.8611634000000000  
 
 -0.2108688000000000  
 
 -0.5943796000000000  
 
 0.0896888800000000  
 
 0.8611634000000000  
 
 -0.2108688000000000  
 
 -0.5943796000000000  
 
 0.0896888800000000  
 
 0.8611634000000000  
 
 0.7599501100000000  
 
 0.1646159000000000  
 
 -1.3710140000000000  
 
 1.0593155000000001  
 
 0.7599501100000000  
 
 0.1646159000000000  
 
 -1.3710140000000000  
 
 1.0593155000000001  
 
 0.7599501100000000  
 
 0.1646159000000000  
 
 -1.3710140000000000  
 
 1.0593155000000001  
 
 -1.4427420000000000  
 
 2.3489914000000001  
 
 -1.9911520000000000  
 
 0.9050560100000000  
 
 -1.4427420000000000  
 
 2.3489914000000001  
 
 -1.9911520000000000  
 
 0.9050560100000000  
 
 -1.4427420000000000  
 
 2.3489914000000001  
 
 -1.9911520000000000  
 
 0.9050560100000000  
 
 0.2705134100000000  
 
 0.5510125000000000  
 
 0.3310866400000000  
 
 0.2705134100000000  
 
 0.5510125000000000  
 
 0.3310866400000000  
 
 0.2705134100000000  
 
 0.5510125000000000  
 
 0.3310866400000000  
 
 0.2705134100000000  
 
 0.5510125000000000  
 
 0.3310866400000000  
 
 0.2705134100000000  
 
 0.5510125000000000  
 
 0.3310866400000000  
 
 0.2705134100000000  
 
 0.5510125000000000  
 
 0.3310866400000000  
 
 -0.7938035000000000  
 
 -0.0914252000000000  
 
 0.8620033400000000  
 
 -0.7938035000000000  
 
 -0.0914252000000000  
 
 0.8620033400000000  
 
 -0.7938035000000000  
 
 -0.0914252000000000  
 
 0.8620033400000000  
 
 -0.7938035000000000  
 
 -0.0914252000000000  
 
 0.8620033400000000  
 
 -0.7938035000000000  
 
 -0.0914252000000000  
 
 0.8620033400000000  
 
 -0.7938035000000000  
 
 -0.0914252000000000  
 
 0.8620033400000000  
 
 1.3082769999999999  
 
 -2.0210590000000002  
 
 1.2498887999999999  
 
 1.3082769999999999  
 
 -2.0210590000000002  
 
 1.2498887999999999  
 
 1.3082769999999999  
 
 -2.0210590000000002  
 
 1.2498887999999999  
 
 1.3082769999999999  
 
 -2.0210590000000002  
 
 1.2498887999999999  
 
 1.3082769999999999  
 
 -2.0210590000000002  
 
 1.2498887999999999  
 
 1.3082769999999999  
 
 -2.0210590000000002  
 
 1.2498887999999999  
 
 1.0000000000000000  
 
 1.0000000000000000  
 
 1.0000000000000000  
 
 1.0000000000000000  
 
 1.0000000000000000  
 
 1.0000000000000000  
 
 1.0000000000000000  
 
 1.0000000000000000  
 
 1.0000000000000000  
 
 1.0000000000000000  
 