
 9.9999905909480158E-01 

 1.0000007105831650E+00 

 1.0000004865249679E+00 

 1.0000004865249679E+00 

 1.0000004865249679E+00 

 1.0000000000000002E+00 

 1.0000000000000002E+00 

 1.0000000000000002E+00 

 1.0000000000000002E+00 

 1.0000000000000000E+00 

 9.9999999999999978E-01 

 9.9999999999999978E-01 

 9.9999999999999978E-01 

 1.0000000000000000E+00 

 1.0000000000000000E+00 

 1.0000000000000000E+00 

 1.0000000000000000E+00 

 1.0000000000000000E+00 

 1.0000000000000000E+00 

 1.0000005703656010E+00 

 1.0000000000000000E+00 

 1.0000000000000002E+00 

 1.0000005703656010E+00 

 1.0000000000000000E+00 

 1.0000000000000002E+00 

 1.0000005703656010E+00 

 1.0000000000000000E+00 

 1.0000000000000002E+00 
