
 0.0019697900000000  
 
 0.0149613000000000  
 
 0.0735006000000000  
 
 0.2489370000000000  
 
 0.6024600000000000  
 
 0.2562020000000000  
 
 0.1119060000000000  
 
 0.9216660000000000  
 
 -0.0025691900000000  
 
 0.0383119000000000  
 
 0.2374030000000000  
 
 0.8175920000000000  
 
 0.0383119000000000  
 
 0.2374030000000000  
 
 0.8175920000000000  
 
 0.0383119000000000  
 
 0.2374030000000000  
 
 0.8175920000000000  
 
 1.0000000000000000  
 
 1.0000000000000000  
 
 1.0000000000000000  
 
 1.0000000000000000  
 
 1.0000000000000000  
 
 1.0000000000000000  
 
 1.0000000000000000  
 
 1.0000000000000000  
 
 1.0000000000000000  
 
 1.0000000000000000  
 
 1.0000000000000000  
 
 1.0000000000000000  
 
 1.0000000000000000  
 
 1.0000000000000000  
 
 0.0254938000000000  
 
 0.1903730000000000  
 
 0.8521609999999999  
 
 1.0000000000000000  
 
 1.0000000000000000  
 
 1.0000000000000000  
 
 1.0000000000000000  
 
 1.0000000000000000  
 
 0.0254938000000000  
 
 0.1903730000000000  
 
 0.8521609999999999  
 
 1.0000000000000000  
 
 1.0000000000000000  
 
 1.0000000000000000  
 
 1.0000000000000000  
 
 1.0000000000000000  
 
 0.0254938000000000  
 
 0.1903730000000000  
 
 0.8521609999999999  
 
 1.0000000000000000  
 
 1.0000000000000000  
 
 1.0000000000000000  
 
 1.0000000000000000  
 
 1.0000000000000000  
 