
 0.0018327600000000  
 
 0.0138827000000000  
 
 0.0680687000000000  
 
 0.2313280000000000  
 
 0.5858900000000000  
 
 0.3058830000000000  
 
 0.1191490000000000  
 
 0.9173750000000001  
 
 -0.0040583900000000  
 
 0.0356574000000000  
 
 0.2394770000000000  
 
 0.8184610000000000  
 
 0.0356574000000000  
 
 0.2394770000000000  
 
 0.8184610000000000  
 
 0.0356574000000000  
 
 0.2394770000000000  
 
 0.8184610000000000  
 
 1.0000000000000000  
 
 1.0000000000000000  
 
 1.0000000000000000  
 
 1.0000000000000000  
 
 1.0000000000000000  
 
 1.0000000000000000  
 
 1.0000000000000000  
 
 1.0000000000000000  
 
 1.0000000000000000  
 
 1.0000000000000000  
 
 1.0000000000000000  
 
 1.0000000000000000  
 
 1.0000000000000000  
 
 1.0000000000000000  
 
 1.0000000000000000  
 
 1.0000000000000000  
 
 1.0000000000000000  
 
 1.0000000000000000  
 
 1.0000000000000000  
 
 1.0000000000000000  
 
 1.0000000000000000  
 
 1.0000000000000000  
 
 1.0000000000000000  
 
 1.0000000000000000  
 