
 2858.8899999999998727 
 428.1399999999999864 
 97.5281999999999982 
 27.9693000000000005 
 8.2157699999999991 
 1.1127800000000001 
 13.2415000000000003 
 3.0016600000000002 
 0.9128560000000000 
 13.2415000000000003 
 3.0016600000000002 
 0.9128560000000000 
 13.2415000000000003 
 3.0016600000000002 
 0.9128560000000000 
 13.2415000000000003 
 3.0016600000000002 
 0.9128560000000000 
 0.3154540000000000 
 0.3154540000000000 
 0.3154540000000000 
 0.3154540000000000 
 0.0988563000000000 
 0.0988563000000000 
 0.0988563000000000 
 0.0988563000000000 
 0.0315000000000000 
 0.0315000000000000 
 0.0315000000000000 
 0.0315000000000000 