
 96770.0000000000000000  
 
 14500.0000000000000000  
 
 3300.0000000000000000  
 
 935.7999999999999545  
 
 306.1999999999999886  
 
 111.2999999999999972  
 
 43.8999999999999986  
 
 18.3999999999999986  
 
 8.0540000000000003  
 
 3.6370000000000000  
 
 96770.0000000000000000  
 
 14500.0000000000000000  
 
 3300.0000000000000000  
 
 935.7999999999999545  
 
 306.1999999999999886  
 
 111.2999999999999972  
 
 43.8999999999999986  
 
 18.3999999999999986  
 
 8.0540000000000003  
 
 3.6370000000000000  
 
 1.6559999999999999  
 
 0.6333000000000000  
 
 0.2545000000000000  
 
 0.1019000000000000  
 
 101.7999999999999972  
 
 24.0399999999999991  
 
 7.5709999999999997  
 
 2.7320000000000002  
 
 101.7999999999999972  
 
 24.0399999999999991  
 
 7.5709999999999997  
 
 2.7320000000000002  
 
 101.7999999999999972  
 
 24.0399999999999991  
 
 7.5709999999999997  
 
 2.7320000000000002  
 
 1.0850000000000000  
 
 1.0850000000000000  
 
 1.0850000000000000  
 
 0.4496000000000000  
 
 0.4496000000000000  
 
 0.4496000000000000  
 
 0.1876000000000000  
 
 0.1876000000000000  
 
 0.1876000000000000  
 
 0.0760600000000000  
 
 0.0760600000000000  
 
 0.0760600000000000  
 
 3.1339999999999999  
 
 3.1339999999999999  
 
 3.1339999999999999  
 
 3.1339999999999999  
 
 3.1339999999999999  
 
 3.1339999999999999  
 
 1.2330000000000001  
 
 1.2330000000000001  
 
 1.2330000000000001  
 
 1.2330000000000001  
 
 1.2330000000000001  
 
 1.2330000000000001  
 
 0.4850000000000000  
 
 0.4850000000000000  
 
 0.4850000000000000  
 
 0.4850000000000000  
 
 0.4850000000000000  
 
 0.4850000000000000  
 
 0.1910000000000000  
 
 0.1910000000000000  
 
 0.1910000000000000  
 
 0.1910000000000000  
 
 0.1910000000000000  
 
 0.1910000000000000  
 
 2.0059999999999998  
 
 2.0059999999999998  
 
 2.0059999999999998  
 
 2.0059999999999998  
 
 2.0059999999999998  
 
 2.0059999999999998  
 
 2.0059999999999998  
 
 2.0059999999999998  
 
 2.0059999999999998  
 
 2.0059999999999998  
 
 0.8380000000000000  
 
 0.8380000000000000  
 
 0.8380000000000000  
 
 0.8380000000000000  
 
 0.8380000000000000  
 
 0.8380000000000000  
 
 0.8380000000000000  
 
 0.8380000000000000  
 
 0.8380000000000000  
 
 0.8380000000000000  
 
 0.3500000000000000  
 
 0.3500000000000000  
 
 0.3500000000000000  
 
 0.3500000000000000  
 
 0.3500000000000000  
 
 0.3500000000000000  
 
 0.3500000000000000  
 
 0.3500000000000000  
 
 0.3500000000000000  
 
 0.3500000000000000  
 
 402.0000000000000000  
 
 60.2400000000000020  
 
 13.7300000000000004  
 
 3.9049999999999998  
 
 1.2829999999999999  
 
 0.4655000000000000  
 
 0.1811000000000000  
 
 0.0727900000000000  
 
 4.5160000000000000  
 
 4.5160000000000000  
 
 4.5160000000000000  
 
 1.7120000000000000  
 
 1.7120000000000000  
 
 1.7120000000000000  
 
 0.6490000000000000  
 
 0.6490000000000000  
 
 0.6490000000000000  
 
 0.2460000000000000  
 
 0.2460000000000000  
 
 0.2460000000000000  
 
 2.9500000000000002  
 
 2.9500000000000002  
 
 2.9500000000000002  
 
 2.9500000000000002  
 
 2.9500000000000002  
 
 2.9500000000000002  
 
 1.2060000000000000  
 
 1.2060000000000000  
 
 1.2060000000000000  
 
 1.2060000000000000  
 
 1.2060000000000000  
 
 1.2060000000000000  
 
 0.4930000000000000  
 
 0.4930000000000000  
 
 0.4930000000000000  
 
 0.4930000000000000  
 
 0.4930000000000000  
 
 0.4930000000000000  
 
 2.5059999999999998  
 
 2.5059999999999998  
 
 2.5059999999999998  
 
 2.5059999999999998  
 
 2.5059999999999998  
 
 2.5059999999999998  
 
 2.5059999999999998  
 
 2.5059999999999998  
 
 2.5059999999999998  
 
 2.5059999999999998  
 
 0.8750000000000000  
 
 0.8750000000000000  
 
 0.8750000000000000  
 
 0.8750000000000000  
 
 0.8750000000000000  
 
 0.8750000000000000  
 
 0.8750000000000000  
 
 0.8750000000000000  
 
 0.8750000000000000  
 
 0.8750000000000000  
 
 402.0000000000000000  
 
 60.2400000000000020  
 
 13.7300000000000004  
 
 3.9049999999999998  
 
 1.2829999999999999  
 
 0.4655000000000000  
 
 0.1811000000000000  
 
 0.0727900000000000  
 
 4.5160000000000000  
 
 4.5160000000000000  
 
 4.5160000000000000  
 
 1.7120000000000000  
 
 1.7120000000000000  
 
 1.7120000000000000  
 
 0.6490000000000000  
 
 0.6490000000000000  
 
 0.6490000000000000  
 
 0.2460000000000000  
 
 0.2460000000000000  
 
 0.2460000000000000  
 
 2.9500000000000002  
 
 2.9500000000000002  
 
 2.9500000000000002  
 
 2.9500000000000002  
 
 2.9500000000000002  
 
 2.9500000000000002  
 
 1.2060000000000000  
 
 1.2060000000000000  
 
 1.2060000000000000  
 
 1.2060000000000000  
 
 1.2060000000000000  
 
 1.2060000000000000  
 
 0.4930000000000000  
 
 0.4930000000000000  
 
 0.4930000000000000  
 
 0.4930000000000000  
 
 0.4930000000000000  
 
 0.4930000000000000  
 
 2.5059999999999998  
 
 2.5059999999999998  
 
 2.5059999999999998  
 
 2.5059999999999998  
 
 2.5059999999999998  
 
 2.5059999999999998  
 
 2.5059999999999998  
 
 2.5059999999999998  
 
 2.5059999999999998  
 
 2.5059999999999998  
 
 0.8750000000000000  
 
 0.8750000000000000  
 
 0.8750000000000000  
 
 0.8750000000000000  
 
 0.8750000000000000  
 
 0.8750000000000000  
 
 0.8750000000000000  
 
 0.8750000000000000  
 
 0.8750000000000000  
 
 0.8750000000000000  
 
 402.0000000000000000  
 
 60.2400000000000020  
 
 13.7300000000000004  
 
 3.9049999999999998  
 
 1.2829999999999999  
 
 0.4655000000000000  
 
 0.1811000000000000  
 
 0.0727900000000000  
 
 4.5160000000000000  
 
 4.5160000000000000  
 
 4.5160000000000000  
 
 1.7120000000000000  
 
 1.7120000000000000  
 
 1.7120000000000000  
 
 0.6490000000000000  
 
 0.6490000000000000  
 
 0.6490000000000000  
 
 0.2460000000000000  
 
 0.2460000000000000  
 
 0.2460000000000000  
 
 2.9500000000000002  
 
 2.9500000000000002  
 
 2.9500000000000002  
 
 2.9500000000000002  
 
 2.9500000000000002  
 
 2.9500000000000002  
 
 1.2060000000000000  
 
 1.2060000000000000  
 
 1.2060000000000000  
 
 1.2060000000000000  
 
 1.2060000000000000  
 
 1.2060000000000000  
 
 0.4930000000000000  
 
 0.4930000000000000  
 
 0.4930000000000000  
 
 0.4930000000000000  
 
 0.4930000000000000  
 
 0.4930000000000000  
 
 2.5059999999999998  
 
 2.5059999999999998  
 
 2.5059999999999998  
 
 2.5059999999999998  
 
 2.5059999999999998  
 
 2.5059999999999998  
 
 2.5059999999999998  
 
 2.5059999999999998  
 
 2.5059999999999998  
 
 2.5059999999999998  
 
 0.8750000000000000  
 
 0.8750000000000000  
 
 0.8750000000000000  
 
 0.8750000000000000  
 
 0.8750000000000000  
 
 0.8750000000000000  
 
 0.8750000000000000  
 
 0.8750000000000000  
 
 0.8750000000000000  
 
 0.8750000000000000  
 
 402.0000000000000000  
 
 60.2400000000000020  
 
 13.7300000000000004  
 
 3.9049999999999998  
 
 1.2829999999999999  
 
 0.4655000000000000  
 
 0.1811000000000000  
 
 0.0727900000000000  
 
 4.5160000000000000  
 
 4.5160000000000000  
 
 4.5160000000000000  
 
 1.7120000000000000  
 
 1.7120000000000000  
 
 1.7120000000000000  
 
 0.6490000000000000  
 
 0.6490000000000000  
 
 0.6490000000000000  
 
 0.2460000000000000  
 
 0.2460000000000000  
 
 0.2460000000000000  
 
 2.9500000000000002  
 
 2.9500000000000002  
 
 2.9500000000000002  
 
 2.9500000000000002  
 
 2.9500000000000002  
 
 2.9500000000000002  
 
 1.2060000000000000  
 
 1.2060000000000000  
 
 1.2060000000000000  
 
 1.2060000000000000  
 
 1.2060000000000000  
 
 1.2060000000000000  
 
 0.4930000000000000  
 
 0.4930000000000000  
 
 0.4930000000000000  
 
 0.4930000000000000  
 
 0.4930000000000000  
 
 0.4930000000000000  
 
 2.5059999999999998  
 
 2.5059999999999998  
 
 2.5059999999999998  
 
 2.5059999999999998  
 
 2.5059999999999998  
 
 2.5059999999999998  
 
 2.5059999999999998  
 
 2.5059999999999998  
 
 2.5059999999999998  
 
 2.5059999999999998  
 
 0.8750000000000000  
 
 0.8750000000000000  
 
 0.8750000000000000  
 
 0.8750000000000000  
 
 0.8750000000000000  
 
 0.8750000000000000  
 
 0.8750000000000000  
 
 0.8750000000000000  
 
 0.8750000000000000  
 
 0.8750000000000000  
 