93413.3999999999941792
13961.7000000000007276
3169.9099999999998545
902.4560000000000173
297.1580000000000155
108.7019999999999982
108.7019999999999982
43.1552999999999969
18.1079000000000008
5.5600899999999998
2.1318299999999999
0.4204030000000000
0.1360450000000000
495.0400000000000205
117.2210000000000036
37.7749000000000024
14.0584000000000007
495.0400000000000205
117.2210000000000036
37.7749000000000024
14.0584000000000007
495.0400000000000205
117.2210000000000036
37.7749000000000024
14.0584000000000007
5.5657399999999999
2.2629700000000001
5.5657399999999999
2.2629700000000001
5.5657399999999999
2.2629700000000001
0.0405000000000000
0.0405000000000000
0.0405000000000000
0.0405000000000000
0.8079940000000000
0.8079940000000000
0.8079940000000000
0.2774600000000000
0.2774600000000000
0.2774600000000000
0.0771410000000000
0.0771410000000000
0.0771410000000000
0.6500000000000000
0.6500000000000000
0.6500000000000000
0.6500000000000000
0.6500000000000000
0.6500000000000000
