0.0007429999570000
0.0057929996620000
0.0299539982530000
0.1190279930560000
0.3684319785070000
0.5772989663230000
0.1431860600450000
0.6244652618680000
0.2833661188290000
1.0000000000000000
1.0000000000000000
1.0000000000000000
1.0000000000000000
0.0083090025130000
0.0640240193650000
0.2776140839690000
0.7450762253610000
0.0083090025130000
0.0640240193650000
0.2776140839690000
0.7450762253610000
0.0083090025130000
0.0640240193650000
0.2776140839690000
0.7450762253610000
0.6137116719590000
0.4438177627710000
0.6137116719590000
0.4438177627710000
0.6137116719590000
0.4438177627710000
1.0000000000000000
1.0000000000000000
1.0000000000000000
1.0000000000000000
1.0000000000000000
1.0000000000000000
1.0000000000000000
1.0000000000000000
1.0000000000000000
1.0000000000000000
1.0000000000000000
1.0000000000000000
1.0000000000000000
1.0000000000000000
1.0000000000000000
1.0000000000000000
1.0000000000000000
1.0000000000000000
1.0000000000000000
