  0.4104140E+00  0.6545170E+00  0.1598200E-01 -0.7311000E-02  0.5617000E-02
  0.7280000E-03 -0.0000000E+00 -0.0000000E+00 -0.0000000E+00 -0.0000000E+00
 -0.0000000E+00 -0.0000000E+00 -0.1590000E-03 -0.0000000E+00 -0.0000000E+00
 -0.0000000E+00 -0.0000000E+00 -0.0000000E+00 -0.0000000E+00 -0.0000000E+00
 -0.0000000E+00 -0.0000000E+00 -0.0000000E+00 -0.0000000E+00 -0.0000000E+00
 -0.1834000E-02 -0.1834000E-02 -0.1834000E-02 -0.0000000E+00 -0.0000000E+00
 -0.0000000E+00
 -0.1228830E+00 -0.3316620E+00  0.5217080E+00  0.5759060E+00  0.8123900E-01
 -0.5694000E-02  0.0000000E+00  0.0000000E+00  0.0000000E+00  0.0000000E+00
  0.0000000E+00  0.0000000E+00  0.1108000E-02  0.0000000E+00  0.0000000E+00
  0.0000000E+00  0.0000000E+00  0.0000000E+00  0.0000000E+00  0.0000000E+00
  0.0000000E+00  0.0000000E+00  0.0000000E+00  0.0000000E+00  0.0000000E+00
 -0.1256400E-01 -0.1256400E-01 -0.1256400E-01  0.0000000E+00  0.0000000E+00
  0.0000000E+00
 -0.0000000E+00 -0.0000000E+00 -0.0000000E+00 -0.0000000E+00 -0.0000000E+00
 -0.0000000E+00  0.2487700E-01 -0.1581560E+00  0.9572240E+00  0.4850000E-02
 -0.3083400E-01  0.1866200E+00 -0.0000000E+00 -0.1400000E-04  0.8600000E-04
 -0.5220000E-03  0.1197000E-02 -0.7611000E-02  0.4606400E-01 -0.1090000E-03
  0.6950000E-03 -0.4207000E-02  0.4000000E-04 -0.2560000E-03  0.1552000E-02
 -0.0000000E+00 -0.0000000E+00 -0.0000000E+00 -0.0000000E+00 -0.0000000E+00
 -0.0000000E+00
  0.0000000E+00  0.0000000E+00  0.0000000E+00  0.0000000E+00  0.0000000E+00
  0.0000000E+00 -0.1839740E+00  0.9393970E+00  0.1599920E+00 -0.3586800E-01
  0.1831450E+00  0.3119200E-01  0.0000000E+00  0.1000000E-03 -0.5120000E-03
 -0.8700000E-04 -0.8853000E-02  0.4520600E-01  0.7699000E-02  0.8090000E-03
 -0.4128000E-02 -0.7030000E-03 -0.2980000E-03  0.1523000E-02  0.2590000E-03
  0.0000000E+00  0.0000000E+00  0.0000000E+00  0.0000000E+00  0.0000000E+00
  0.0000000E+00
  0.0000000E+00  0.0000000E+00  0.0000000E+00  0.0000000E+00  0.0000000E+00
  0.0000000E+00  0.9525990E+00  0.1855550E+00  0.5901000E-02  0.1857190E+00
  0.3617600E-01  0.1151000E-02  0.0000000E+00 -0.5190000E-03 -0.1010000E-03
 -0.3000000E-05  0.4584200E-01  0.8929000E-02  0.2840000E-03 -0.4186000E-02
 -0.8150000E-03 -0.2600000E-04  0.1545000E-02  0.3010000E-03  0.1000000E-04
  0.0000000E+00  0.0000000E+00  0.0000000E+00  0.0000000E+00  0.0000000E+00
  0.0000000E+00
  0.4044200E-01  0.1168780E+00 -0.2501990E+00 -0.4167520E+00  0.6742020E+00
  0.5367970E+00 -0.0000000E+00 -0.0000000E+00 -0.0000000E+00 -0.0000000E+00
 -0.0000000E+00 -0.0000000E+00  0.1536800E-01 -0.0000000E+00 -0.0000000E+00
 -0.0000000E+00 -0.0000000E+00 -0.0000000E+00 -0.0000000E+00 -0.0000000E+00
 -0.0000000E+00 -0.0000000E+00 -0.0000000E+00 -0.0000000E+00 -0.0000000E+00
 -0.2170000E-02 -0.2170000E-02 -0.2170000E-02 -0.0000000E+00 -0.0000000E+00
 -0.0000000E+00
  0.0000000E+00  0.0000000E+00  0.0000000E+00  0.0000000E+00  0.0000000E+00
  0.0000000E+00 -0.1100000E-03  0.2886000E-02 -0.2921800E+00 -0.1500000E-04
  0.3980000E-03 -0.4025200E-01  0.0000000E+00  0.7000000E-05 -0.1810000E-03
  0.1834800E-01  0.1260000E-03 -0.3310000E-02  0.3351050E+00  0.2020000E-03
 -0.5297000E-02  0.5362460E+00  0.1080000E-03 -0.2824000E-02  0.2859320E+00
  0.0000000E+00  0.0000000E+00  0.0000000E+00  0.0000000E+00  0.0000000E+00
  0.0000000E+00
  0.0000000E+00  0.0000000E+00  0.0000000E+00  0.0000000E+00  0.0000000E+00
  0.0000000E+00  0.3128000E-02 -0.2921640E+00 -0.2887000E-02  0.4310000E-03
 -0.4024900E-01 -0.3980000E-03  0.0000000E+00 -0.1960000E-03  0.1834700E-01
  0.1810000E-03 -0.3587000E-02  0.3350860E+00  0.3311000E-02 -0.5740000E-02
  0.5362160E+00  0.5299000E-02 -0.3061000E-02  0.2859160E+00  0.2825000E-02
  0.0000000E+00  0.0000000E+00  0.0000000E+00  0.0000000E+00  0.0000000E+00
  0.0000000E+00
 -0.0000000E+00 -0.0000000E+00 -0.0000000E+00 -0.0000000E+00 -0.0000000E+00
 -0.0000000E+00 -0.2921780E+00 -0.3129000E-02  0.7900000E-04 -0.4025100E-01
 -0.4310000E-03  0.1100000E-04 -0.0000000E+00  0.1834800E-01  0.1960000E-03
 -0.5000000E-05  0.3351020E+00  0.3588000E-02 -0.9100000E-04  0.5362420E+00
  0.5742000E-02 -0.1450000E-03  0.2859300E+00  0.3062000E-02 -0.7700000E-04
 -0.0000000E+00 -0.0000000E+00 -0.0000000E+00 -0.0000000E+00 -0.0000000E+00
 -0.0000000E+00
 -0.1241500E-01 -0.3537600E-01  0.7030400E-01  0.1809130E+00 -0.2287030E+00
 -0.9166080E+00 -0.0000000E+00 -0.0000000E+00 -0.0000000E+00 -0.0000000E+00
 -0.0000000E+00 -0.0000000E+00  0.1435926E+01 -0.0000000E+00 -0.0000000E+00
 -0.0000000E+00 -0.0000000E+00 -0.0000000E+00 -0.0000000E+00 -0.0000000E+00
 -0.0000000E+00 -0.0000000E+00 -0.0000000E+00 -0.0000000E+00 -0.0000000E+00
  0.6031500E-01  0.6031500E-01  0.6031500E-01 -0.0000000E+00 -0.0000000E+00
 -0.0000000E+00
 -0.0000000E+00 -0.0000000E+00 -0.0000000E+00 -0.0000000E+00 -0.0000000E+00
 -0.0000000E+00  0.0000000E+00 -0.0000000E+00  0.9466300E-01  0.0000000E+00
 -0.0000000E+00  0.1856500E-01 -0.0000000E+00  0.0000000E+00 -0.0000000E+00
  0.1396095E+01 -0.0000000E+00  0.0000000E+00 -0.1531230E+00 -0.0000000E+00
  0.0000000E+00 -0.6591300E-01 -0.0000000E+00  0.0000000E+00 -0.6240820E+00
 -0.0000000E+00 -0.0000000E+00 -0.0000000E+00 -0.0000000E+00 -0.0000000E+00
 -0.0000000E+00
 -0.0000000E+00 -0.0000000E+00 -0.0000000E+00 -0.0000000E+00 -0.0000000E+00
 -0.0000000E+00 -0.0000000E+00  0.9466300E-01  0.0000000E+00 -0.0000000E+00
  0.1856500E-01  0.0000000E+00 -0.0000000E+00 -0.0000000E+00  0.1396095E+01
  0.0000000E+00  0.0000000E+00 -0.1531230E+00 -0.0000000E+00  0.0000000E+00
 -0.6591300E-01 -0.0000000E+00  0.0000000E+00 -0.6240820E+00 -0.0000000E+00
 -0.0000000E+00 -0.0000000E+00 -0.0000000E+00 -0.0000000E+00 -0.0000000E+00
 -0.0000000E+00
  0.0000000E+00  0.0000000E+00  0.0000000E+00  0.0000000E+00  0.0000000E+00
  0.0000000E+00  0.9466300E-01  0.0000000E+00 -0.0000000E+00  0.1856500E-01
  0.0000000E+00 -0.0000000E+00  0.0000000E+00  0.1396095E+01  0.0000000E+00
 -0.0000000E+00 -0.1531230E+00 -0.0000000E+00  0.0000000E+00 -0.6591400E-01
 -0.0000000E+00  0.0000000E+00 -0.6240810E+00 -0.0000000E+00  0.0000000E+00
  0.0000000E+00  0.0000000E+00  0.0000000E+00  0.0000000E+00  0.0000000E+00
  0.0000000E+00
 -0.0000000E+00 -0.0000000E+00 -0.0000000E+00 -0.0000000E+00 -0.0000000E+00
 -0.0000000E+00  0.0000000E+00 -0.0000000E+00  0.1716470E+00 -0.0000000E+00
  0.0000000E+00 -0.7104000E-02 -0.0000000E+00 -0.0000000E+00  0.1000000E-05
 -0.1245867E+01 -0.0000000E+00  0.0000000E+00 -0.8473100E-01 -0.0000000E+00
  0.1000000E-05 -0.1240308E+01  0.0000000E+00 -0.3000000E-05  0.2377348E+01
 -0.0000000E+00 -0.0000000E+00 -0.0000000E+00 -0.0000000E+00 -0.0000000E+00
 -0.0000000E+00
 -0.0000000E+00 -0.0000000E+00 -0.0000000E+00 -0.0000000E+00 -0.0000000E+00
 -0.0000000E+00 -0.0000000E+00  0.1716470E+00  0.0000000E+00  0.0000000E+00
 -0.7104000E-02 -0.0000000E+00 -0.0000000E+00  0.2000000E-05 -0.1245867E+01
 -0.1000000E-05  0.0000000E+00 -0.8473100E-01 -0.0000000E+00  0.2000000E-05
 -0.1240308E+01 -0.1000000E-05 -0.3000000E-05  0.2377348E+01  0.3000000E-05
 -0.0000000E+00 -0.0000000E+00 -0.0000000E+00 -0.0000000E+00 -0.0000000E+00
 -0.0000000E+00
 -0.0000000E+00 -0.0000000E+00 -0.0000000E+00 -0.0000000E+00 -0.0000000E+00
 -0.0000000E+00  0.1716470E+00  0.0000000E+00 -0.0000000E+00 -0.7104000E-02
 -0.0000000E+00  0.0000000E+00 -0.0000000E+00 -0.1245867E+01 -0.2000000E-05
  0.0000000E+00 -0.8473100E-01 -0.0000000E+00  0.0000000E+00 -0.1240308E+01
 -0.2000000E-05  0.0000000E+00  0.2377348E+01  0.3000000E-05 -0.0000000E+00
 -0.0000000E+00 -0.0000000E+00 -0.0000000E+00 -0.0000000E+00 -0.0000000E+00
 -0.0000000E+00
 -0.3049800E-01 -0.9521100E-01  0.2785560E+00  0.1130000E-01 -0.1533069E+01
  0.3281047E+01 -0.0000000E+00 -0.0000000E+00 -0.0000000E+00 -0.0000000E+00
 -0.0000000E+00 -0.0000000E+00 -0.1029278E+01 -0.0000000E+00 -0.0000000E+00
 -0.0000000E+00 -0.0000000E+00 -0.0000000E+00 -0.0000000E+00 -0.0000000E+00
 -0.0000000E+00 -0.0000000E+00 -0.0000000E+00 -0.0000000E+00 -0.0000000E+00
 -0.5404890E+00 -0.5404890E+00 -0.5404890E+00 -0.0000000E+00 -0.0000000E+00
 -0.0000000E+00
  0.0000000E+00  0.0000000E+00  0.0000000E+00  0.0000000E+00  0.0000000E+00
  0.0000000E+00  0.0000000E+00  0.0000000E+00  0.0000000E+00  0.0000000E+00
  0.0000000E+00  0.0000000E+00  0.0000000E+00  0.0000000E+00  0.0000000E+00
  0.0000000E+00  0.0000000E+00  0.0000000E+00  0.0000000E+00  0.0000000E+00
  0.0000000E+00  0.0000000E+00  0.0000000E+00  0.0000000E+00  0.0000000E+00
 -0.2000000E-05  0.0000000E+00  0.1000000E-05 -0.4400000E-04 -0.6500000E-04
  0.1000000E+01
  0.0000000E+00  0.0000000E+00  0.0000000E+00  0.0000000E+00  0.0000000E+00
  0.0000000E+00  0.0000000E+00  0.0000000E+00  0.0000000E+00  0.0000000E+00
  0.0000000E+00  0.0000000E+00  0.0000000E+00  0.0000000E+00  0.0000000E+00
  0.0000000E+00  0.0000000E+00  0.0000000E+00  0.0000000E+00  0.0000000E+00
  0.0000000E+00  0.0000000E+00  0.0000000E+00  0.0000000E+00  0.0000000E+00
 -0.1000000E-05 -0.0000000E+00  0.1000000E-05  0.1080000E-03  0.1000000E+01
  0.6500000E-04
  0.0000000E+00  0.0000000E+00  0.0000000E+00  0.0000000E+00  0.0000000E+00
  0.0000000E+00  0.0000000E+00  0.0000000E+00  0.0000000E+00  0.0000000E+00
  0.0000000E+00  0.0000000E+00  0.0000000E+00  0.0000000E+00  0.0000000E+00
  0.0000000E+00  0.0000000E+00  0.0000000E+00  0.0000000E+00  0.0000000E+00
  0.0000000E+00  0.0000000E+00  0.0000000E+00  0.0000000E+00  0.0000000E+00
  0.1000000E-05  0.0000000E+00 -0.2000000E-05  0.1000000E+01 -0.1080000E-03
  0.4400000E-04
 -0.0000000E+00 -0.0000000E+00 -0.0000000E+00 -0.0000000E+00 -0.0000000E+00
 -0.0000000E+00 -0.0000000E+00 -0.0000000E+00 -0.0000000E+00 -0.0000000E+00
 -0.0000000E+00 -0.0000000E+00 -0.0000000E+00 -0.0000000E+00 -0.0000000E+00
 -0.0000000E+00 -0.0000000E+00 -0.0000000E+00 -0.0000000E+00 -0.0000000E+00
 -0.0000000E+00 -0.0000000E+00 -0.0000000E+00 -0.0000000E+00 -0.0000000E+00
 -0.8545790E+00 -0.2245700E-01  0.8770350E+00  0.2000000E-05 -0.1000000E-05
 -0.2000000E-05
 -0.0000000E+00 -0.0000000E+00 -0.0000000E+00 -0.0000000E+00 -0.0000000E+00
 -0.0000000E+00 -0.0000000E+00 -0.0000000E+00 -0.0000000E+00 -0.0000000E+00
 -0.0000000E+00 -0.0000000E+00 -0.0000000E+00 -0.0000000E+00 -0.0000000E+00
 -0.0000000E+00 -0.0000000E+00 -0.0000000E+00 -0.0000000E+00 -0.0000000E+00
 -0.0000000E+00 -0.0000000E+00 -0.0000000E+00 -0.0000000E+00 -0.0000000E+00
 -0.5193220E+00  0.9997480E+00 -0.4804260E+00 -0.0000000E+00  0.0000000E+00
 -0.0000000E+00
 -0.0000000E+00 -0.0000000E+00 -0.0000000E+00 -0.0000000E+00 -0.0000000E+00
 -0.0000000E+00  0.1000000E-05 -0.1000000E-04  0.5479760E+00  0.0000000E+00
 -0.4000000E-05  0.2060980E+00 -0.0000000E+00  0.1000000E-05 -0.1100000E-04
  0.5828760E+00 -0.4000000E-05  0.3900000E-04 -0.2116945E+01  0.5000000E-05
 -0.4800000E-04  0.2551462E+01 -0.3000000E-05  0.2900000E-04 -0.1563567E+01
 -0.0000000E+00 -0.0000000E+00 -0.0000000E+00 -0.0000000E+00 -0.0000000E+00
 -0.0000000E+00
  0.0000000E+00  0.0000000E+00  0.0000000E+00  0.0000000E+00  0.0000000E+00
  0.0000000E+00 -0.1200000E-04  0.5479760E+00  0.1000000E-04 -0.4000000E-05
  0.2060980E+00  0.4000000E-05  0.0000000E+00 -0.1300000E-04  0.5828760E+00
  0.1100000E-04  0.4600000E-04 -0.2116945E+01 -0.3900000E-04 -0.5600000E-04
  0.2551462E+01  0.4800000E-04  0.3400000E-04 -0.1563567E+01 -0.2900000E-04
  0.0000000E+00  0.0000000E+00  0.0000000E+00  0.0000000E+00  0.0000000E+00
  0.0000000E+00
  0.0000000E+00  0.0000000E+00  0.0000000E+00  0.0000000E+00  0.0000000E+00
  0.0000000E+00  0.5479760E+00  0.1200000E-04 -0.1000000E-05  0.2060980E+00
  0.4000000E-05 -0.0000000E+00  0.0000000E+00  0.5828760E+00  0.1300000E-04
 -0.1000000E-05 -0.2116945E+01 -0.4600000E-04  0.4000000E-05  0.2551462E+01
  0.5600000E-04 -0.5000000E-05 -0.1563567E+01 -0.3400000E-04  0.3000000E-05
  0.0000000E+00  0.0000000E+00  0.0000000E+00  0.0000000E+00  0.0000000E+00
  0.0000000E+00
  0.5756200E-01  0.1497740E+00 -0.1204720E+00 -0.2507316E+01  0.5024041E+01
  0.2209825E+01  0.0000000E+00  0.0000000E+00  0.0000000E+00  0.0000000E+00
  0.0000000E+00  0.0000000E+00 -0.4603950E+00  0.0000000E+00  0.0000000E+00
  0.0000000E+00  0.0000000E+00  0.0000000E+00  0.0000000E+00  0.0000000E+00
  0.0000000E+00  0.0000000E+00  0.0000000E+00  0.0000000E+00  0.0000000E+00
 -0.2523022E+01 -0.2523022E+01 -0.2523022E+01  0.0000000E+00  0.0000000E+00
  0.0000000E+00
 -0.0000000E+00 -0.0000000E+00 -0.0000000E+00 -0.0000000E+00 -0.0000000E+00
 -0.0000000E+00 -0.1100000E-04  0.3600000E-04 -0.6516350E+00 -0.3600000E-04
  0.1130000E-03 -0.2031946E+01 -0.0000000E+00 -0.5000000E-05  0.1600000E-04
 -0.2865120E+00  0.4700000E-04 -0.1480000E-03  0.2666334E+01 -0.2800000E-04
  0.8800000E-04 -0.1584547E+01  0.1400000E-04 -0.4300000E-04  0.7787210E+00
 -0.0000000E+00 -0.0000000E+00 -0.0000000E+00 -0.0000000E+00 -0.0000000E+00
 -0.0000000E+00
 -0.0000000E+00 -0.0000000E+00 -0.0000000E+00 -0.0000000E+00 -0.0000000E+00
 -0.0000000E+00  0.4500000E-04 -0.6516350E+00 -0.3600000E-04  0.1390000E-03
 -0.2031946E+01 -0.1130000E-03 -0.0000000E+00  0.2000000E-04 -0.2865120E+00
 -0.1600000E-04 -0.1820000E-03  0.2666334E+01  0.1480000E-03  0.1080000E-03
 -0.1584547E+01 -0.8800000E-04 -0.5300000E-04  0.7787210E+00  0.4300000E-04
 -0.0000000E+00 -0.0000000E+00 -0.0000000E+00 -0.0000000E+00 -0.0000000E+00
 -0.0000000E+00
  0.0000000E+00  0.0000000E+00  0.0000000E+00  0.0000000E+00  0.0000000E+00
  0.0000000E+00 -0.6516350E+00 -0.4500000E-04  0.1100000E-04 -0.2031946E+01
 -0.1390000E-03  0.3500000E-04  0.0000000E+00 -0.2865120E+00 -0.2000000E-04
  0.5000000E-05  0.2666334E+01  0.1820000E-03 -0.4700000E-04 -0.1584547E+01
 -0.1080000E-03  0.2800000E-04  0.7787210E+00  0.5300000E-04 -0.1400000E-04
  0.0000000E+00  0.0000000E+00  0.0000000E+00  0.0000000E+00  0.0000000E+00
  0.0000000E+00
 -0.1195540E+00 -0.5075070E+00  0.3547026E+01 -0.6520566E+01  0.6770479E+01
  0.9668720E+00  0.0000000E+00  0.0000000E+00  0.0000000E+00  0.0000000E+00
  0.0000000E+00  0.0000000E+00 -0.2009800E+00  0.0000000E+00  0.0000000E+00
  0.0000000E+00  0.0000000E+00  0.0000000E+00  0.0000000E+00  0.0000000E+00
  0.0000000E+00  0.0000000E+00  0.0000000E+00  0.0000000E+00  0.0000000E+00
 -0.2295645E+01 -0.2295645E+01 -0.2295645E+01  0.0000000E+00  0.0000000E+00
  0.0000000E+00
 -0.1567024E+01  0.2002975E+01 -0.1922285E+01  0.2137158E+01 -0.1853559E+01
 -0.2547550E+00 -0.0000000E+00 -0.0000000E+00 -0.0000000E+00 -0.0000000E+00
 -0.0000000E+00 -0.0000000E+00  0.5500000E-01 -0.0000000E+00 -0.0000000E+00
 -0.0000000E+00 -0.0000000E+00 -0.0000000E+00 -0.0000000E+00 -0.0000000E+00
 -0.0000000E+00 -0.0000000E+00 -0.0000000E+00 -0.0000000E+00 -0.0000000E+00
  0.6145900E+00  0.6145900E+00  0.6145900E+00 -0.0000000E+00 -0.0000000E+00
 -0.0000000E+00
