0.0007470001580000
0.0057900012260000
0.0299190063370000
0.1192060252500000
0.3690280781670000
0.5764591221050001
0.1439269749290000
0.6229378914880001
0.2839639505350000
1.0000000000000000
1.0000000000000000
1.0000000000000000
1.0000000000000000
0.0030819997050000
0.0241649976900000
0.1082229896540000
0.2941919718770000
0.6878619342430000
0.0030819997050000
0.0241649976900000
0.1082229896540000
0.2941919718770000
0.6878619342430000
0.0030819997050000
0.0241649976900000
0.1082229896540000
0.2941919718770000
0.6878619342430000
-1.2144820917450001
1.6323701233140000
-1.2144820917450001
1.6323701233140000
-1.2144820917450001
1.6323701233140000
1.0000000000000000
1.0000000000000000
1.0000000000000000
1.0000000000000000
1.0000000000000000
1.0000000000000000
1.0000000000000000
1.0000000000000000
1.0000000000000000
1.0000000000000000
1.0000000000000000
1.0000000000000000
1.0000000000000000
1.0000000000000000
1.0000000000000000
1.0000000000000000
1.0000000000000000
1.0000000000000000
1.0000000000000000
