 5.98970618E-06 -6.89981122E-07  2.01272546E-05  4.52270335E-05  1.40114123E-04
 4.43567761E-04  1.26107299E-03  3.98287144E-03  1.11784048E-02  3.15563239E-02
 8.95508420E-02  1.69752147E-01  2.11136907E-01  9.91187497E-02 -2.56298834E-03
 3.51609763E-03 -1.24139618E-03 -0.00000000E+00 -0.00000000E+00  3.51781427E-03
-0.00000000E+00 -0.00000000E+00 -5.24032123E-05 -0.00000000E+00 -0.00000000E+00
 1.39233191E-02 -0.00000000E+00 -0.00000000E+00 -8.25020561E-04 -0.00000000E+00
-0.00000000E+00  1.75188125E-02 -9.81601091E-04 -9.81601091E-04  8.15956322E-04
-0.00000000E+00 -0.00000000E+00 -0.00000000E+00  5.98970618E-06 -6.89981123E-07
 2.01272546E-05  4.52270335E-05  1.40114123E-04  4.43567761E-04  1.26107299E-03
 3.98287144E-03  1.11784048E-02  3.15563239E-02  8.95508420E-02  1.69752147E-01
 2.11136907E-01  9.91187497E-02 -2.56298841E-03  3.51609767E-03 -1.24139620E-03
-0.00000000E+00 -0.00000000E+00 -3.51781427E-03 -0.00000000E+00 -0.00000000E+00
 5.24032110E-05 -0.00000000E+00 -0.00000000E+00 -1.39233191E-02 -0.00000000E+00
-0.00000000E+00  8.25020556E-04 -0.00000000E+00 -0.00000000E+00 -1.75188125E-02
-9.81601089E-04 -9.81601089E-04  8.15956324E-04 -0.00000000E+00 -0.00000000E+00
-0.00000000E+00 
-8.88662769E-07  2.17894629E-06 -6.54502089E-06  1.15555966E-05 -4.23474271E-05
 6.80929466E-05 -3.04987124E-04  4.68277958E-04 -2.67272423E-03 -1.46232485E-02
 3.81568203E-02 -5.39898491E-02  6.63923524E-02 -1.90190397E-01  3.81039688E-01
-1.01247021E+00  1.18052314E+00 -0.00000000E+00 -0.00000000E+00 -4.88504578E-04
-0.00000000E+00 -0.00000000E+00  5.40221198E-04 -0.00000000E+00 -0.00000000E+00
-2.08053331E-03 -0.00000000E+00 -0.00000000E+00  4.26675525E-03 -0.00000000E+00
-0.00000000E+00 -7.70491626E-03 -6.15681744E-03 -6.15681744E-03 -6.37237192E-03
-0.00000000E+00 -0.00000000E+00 -0.00000000E+00 -8.88662770E-07  2.17894629E-06
-6.54502089E-06  1.15555966E-05 -4.23474271E-05  6.80929467E-05 -3.04987124E-04
 4.68277959E-04 -2.67272424E-03 -1.46232485E-02  3.81568203E-02 -5.39898491E-02
 6.63923525E-02 -1.90190397E-01  3.81039689E-01 -1.01247022E+00  1.18052316E+00
-0.00000000E+00 -0.00000000E+00  4.88504579E-04 -0.00000000E+00 -0.00000000E+00
-5.40221199E-04 -0.00000000E+00 -0.00000000E+00  2.08053331E-03 -0.00000000E+00
-0.00000000E+00 -4.26675527E-03 -0.00000000E+00 -0.00000000E+00  7.70491626E-03
-6.15681744E-03 -6.15681744E-03 -6.37237193E-03 -0.00000000E+00 -0.00000000E+00
-0.00000000E+00 
-2.15506561E-07  1.13445975E-06 -2.62575576E-06  8.13275360E-06 -1.65554026E-05
 5.55714985E-05 -1.08061791E-04  4.21996036E-04 -9.35186130E-04 -6.15043982E-03
 2.31135559E-02 -1.67979394E-02  5.79115675E-02 -3.49679396E-01  1.44916613E+00
-5.94558684E+00  1.31112021E+01 -0.00000000E+00 -0.00000000E+00 -1.72453709E-03
-0.00000000E+00 -0.00000000E+00  5.77461534E-03 -0.00000000E+00 -0.00000000E+00
-1.59890738E-02 -0.00000000E+00 -0.00000000E+00  3.69459215E-02 -0.00000000E+00
-0.00000000E+00 -4.02414116E-02 -3.22026635E-03 -3.22026635E-03 -3.25150924E-03
-0.00000000E+00 -0.00000000E+00 -0.00000000E+00  2.15506563E-07 -1.13445975E-06
 2.62575577E-06 -8.13275360E-06  1.65554026E-05 -5.55714984E-05  1.08061790E-04
-4.21996035E-04  9.35186124E-04  6.15043979E-03 -2.31135558E-02  1.67979392E-02
-5.79115673E-02  3.49679396E-01 -1.44916613E+00  5.94558684E+00 -1.31112021E+01
-0.00000000E+00 -0.00000000E+00 -1.72453709E-03 -0.00000000E+00 -0.00000000E+00
 5.77461535E-03 -0.00000000E+00 -0.00000000E+00 -1.59890738E-02 -0.00000000E+00
-0.00000000E+00  3.69459215E-02 -0.00000000E+00 -0.00000000E+00 -4.02414116E-02
 3.22026633E-03  3.22026633E-03  3.25150922E-03 -0.00000000E+00 -0.00000000E+00
-0.00000000E+00 
 9.33530668E-07 -5.99273902E-06  1.32228339E-05 -4.47195311E-05  8.29294393E-05
-3.10462861E-04  5.30080155E-04 -2.38614620E-03  4.58240606E-03  3.30723701E-02
-1.33678115E-01  1.03164472E-01 -2.63145023E-01  4.46082938E-01 -1.36120173E+00
 2.72375973E+00 -1.51455111E+00  0.00000000E+00  0.00000000E+00 -4.30290957E-04
 0.00000000E+00  0.00000000E+00  7.42142031E-04  0.00000000E+00  0.00000000E+00
-3.93132266E-03  0.00000000E+00  0.00000000E+00 -1.52399246E-03  0.00000000E+00
 0.00000000E+00  6.09217138E-04  1.77777145E-02  1.77777145E-02  1.78552273E-02
 0.00000000E+00  0.00000000E+00  0.00000000E+00  9.33530669E-07 -5.99273902E-06
 1.32228339E-05 -4.47195311E-05  8.29294393E-05 -3.10462861E-04  5.30080155E-04
-2.38614620E-03  4.58240606E-03  3.30723701E-02 -1.33678115E-01  1.03164472E-01
-2.63145023E-01  4.46082938E-01 -1.36120173E+00  2.72375973E+00 -1.51455112E+00
 0.00000000E+00  0.00000000E+00  4.30290957E-04  0.00000000E+00  0.00000000E+00
-7.42142031E-04  0.00000000E+00  0.00000000E+00  3.93132266E-03  0.00000000E+00
 0.00000000E+00  1.52399244E-03  0.00000000E+00  0.00000000E+00 -6.09217103E-04
 1.77777145E-02  1.77777145E-02  1.78552273E-02  0.00000000E+00  0.00000000E+00
 0.00000000E+00 
 1.14157259E-06 -2.82252264E-06  8.44775849E-06 -1.50496993E-05  5.46334597E-05
-8.89350285E-05  3.92667610E-04 -6.11948241E-04  3.44018405E-03  1.85423414E-02
-4.82066214E-02  6.43516490E-02 -1.49831903E-01  9.53853912E-01 -3.42905729E+00
 1.60181176E+01 -1.39244554E+01 -0.00000000E+00 -0.00000000E+00  2.92751279E-03
-0.00000000E+00 -0.00000000E+00 -1.21704741E-02 -0.00000000E+00 -0.00000000E+00
 3.09100867E-02 -0.00000000E+00 -0.00000000E+00 -7.69153619E-02 -0.00000000E+00
-0.00000000E+00  5.99202903E-02  7.90174277E-03  7.90174277E-03  7.92776095E-03
-0.00000000E+00 -0.00000000E+00 -0.00000000E+00 -1.14157259E-06  2.82252264E-06
-8.44775849E-06  1.50496993E-05 -5.46334598E-05  8.89350285E-05 -3.92667610E-04
 6.11948241E-04 -3.44018405E-03 -1.85423414E-02  4.82066214E-02 -6.43516490E-02
 1.49831903E-01 -9.53853912E-01  3.42905729E+00 -1.60181176E+01  1.39244554E+01
-0.00000000E+00 -0.00000000E+00  2.92751279E-03 -0.00000000E+00 -0.00000000E+00
-1.21704741E-02 -0.00000000E+00 -0.00000000E+00  3.09100868E-02 -0.00000000E+00
-0.00000000E+00 -7.69153619E-02 -0.00000000E+00 -0.00000000E+00  5.99202903E-02
-7.90174277E-03 -7.90174277E-03 -7.92776095E-03 -0.00000000E+00 -0.00000000E+00
-0.00000000E+00 
-4.98341866E-07  5.61999727E-06 -1.12073297E-05  4.51659025E-05 -6.93830934E-05
 3.21774016E-04 -4.19306102E-04  2.50669567E-03 -3.60408435E-03 -2.82788456E-02
 1.26619601E-01 -6.80381385E-02  3.30942258E-01 -1.89030635E+00  1.03809637E+01
-1.72461853E+01  1.03489586E+01  0.00000000E+00  0.00000000E+00 -9.48014268E-03
 0.00000000E+00  0.00000000E+00  2.96539577E-02  0.00000000E+00  0.00000000E+00
-8.52091936E-02  0.00000000E+00  0.00000000E+00  1.93901174E-01  0.00000000E+00
 0.00000000E+00 -2.32371554E-01 -1.63751829E-02 -1.63751829E-02 -1.65773249E-02
 0.00000000E+00  0.00000000E+00  0.00000000E+00  4.98341866E-07 -5.61999727E-06
 1.12073297E-05 -4.51659025E-05  6.93830934E-05 -3.21774016E-04  4.19306102E-04
-2.50669567E-03  3.60408435E-03  2.82788456E-02 -1.26619601E-01  6.80381385E-02
-3.30942258E-01  1.89030635E+00 -1.03809637E+01  1.72461853E+01 -1.03489586E+01
 0.00000000E+00  0.00000000E+00 -9.48014268E-03  0.00000000E+00  0.00000000E+00
 2.96539577E-02  0.00000000E+00  0.00000000E+00 -8.52091937E-02  0.00000000E+00
 0.00000000E+00  1.93901174E-01  0.00000000E+00  0.00000000E+00 -2.32371554E-01
 1.63751829E-02  1.63751829E-02  1.65773249E-02  0.00000000E+00  0.00000000E+00
 0.00000000E+00 
-6.06176550E-06  1.69389630E-05 -4.82033234E-05  9.70879116E-05 -3.10445072E-04
 5.98552433E-04 -2.19939319E-03  4.26162791E-03 -1.92898449E-02 -1.11825946E-01
 3.19483578E-01 -4.13446555E-01  6.16321072E-01 -1.80446025E+00  3.44287162E+00
-3.00770457E+00  1.14989717E+00 -0.00000000E+00 -0.00000000E+00 -3.19090414E-03
-0.00000000E+00 -0.00000000E+00  3.94454240E-03 -0.00000000E+00 -0.00000000E+00
-1.34745413E-02 -0.00000000E+00 -0.00000000E+00  3.31993873E-02 -0.00000000E+00
-0.00000000E+00 -5.97701811E-02 -4.90399010E-02 -4.90399010E-02 -5.04676067E-02
-0.00000000E+00 -0.00000000E+00 -0.00000000E+00 -6.06176550E-06  1.69389630E-05
-4.82033234E-05  9.70879116E-05 -3.10445072E-04  5.98552433E-04 -2.19939319E-03
 4.26162791E-03 -1.92898449E-02 -1.11825946E-01  3.19483578E-01 -4.13446555E-01
 6.16321072E-01 -1.80446025E+00  3.44287162E+00 -3.00770457E+00  1.14989717E+00
-0.00000000E+00 -0.00000000E+00  3.19090414E-03 -0.00000000E+00 -0.00000000E+00
-3.94454240E-03 -0.00000000E+00 -0.00000000E+00  1.34745413E-02 -0.00000000E+00
-0.00000000E+00 -3.31993873E-02 -0.00000000E+00 -0.00000000E+00  5.97701811E-02
-4.90399010E-02 -4.90399010E-02 -5.04676067E-02 -0.00000000E+00 -0.00000000E+00
-0.00000000E+00 
-6.08807831E-06  1.44327225E-05 -4.39910457E-05  7.48122982E-05 -2.84982757E-04
 4.34480999E-04 -2.06119982E-03  2.95171001E-03 -1.81351512E-02 -9.86177808E-02
 2.49249496E-01 -3.58111401E-01  7.51125299E-01 -6.81015451E+00  1.27873113E+01
-1.33547741E+01  6.98307401E+00 -0.00000000E+00 -0.00000000E+00 -1.53801448E-02
-0.00000000E+00 -0.00000000E+00  6.48255927E-02 -0.00000000E+00 -0.00000000E+00
-1.68264048E-01 -0.00000000E+00 -0.00000000E+00  4.39392776E-01 -0.00000000E+00
-0.00000000E+00 -3.95367884E-01 -4.11209826E-02 -4.11209826E-02 -4.12164351E-02
-0.00000000E+00 -0.00000000E+00 -0.00000000E+00  6.08807831E-06 -1.44327225E-05
 4.39910457E-05 -7.48122981E-05  2.84982757E-04 -4.34480999E-04  2.06119982E-03
-2.95171001E-03  1.81351512E-02  9.86177808E-02 -2.49249496E-01  3.58111401E-01
-7.51125299E-01  6.81015451E+00 -1.27873113E+01  1.33547741E+01 -6.98307401E+00
-0.00000000E+00 -0.00000000E+00 -1.53801448E-02 -0.00000000E+00 -0.00000000E+00
 6.48255927E-02 -0.00000000E+00 -0.00000000E+00 -1.68264048E-01 -0.00000000E+00
-0.00000000E+00  4.39392776E-01 -0.00000000E+00 -0.00000000E+00 -3.95367884E-01
 4.11209826E-02  4.11209826E-02  4.12164351E-02 -0.00000000E+00 -0.00000000E+00
-0.00000000E+00 
 0.00000000E+00  0.00000000E+00  0.00000000E+00  0.00000000E+00  0.00000000E+00
 0.00000000E+00  0.00000000E+00  0.00000000E+00  0.00000000E+00  0.00000000E+00
 0.00000000E+00  0.00000000E+00  0.00000000E+00  0.00000000E+00  1.12362674E-11
-1.25299371E-11  1.02471769E-11  4.69916472E-02  5.71281666E-02  0.00000000E+00
-1.56456759E-01 -1.90205884E-01  0.00000000E+00  3.70217855E-01  4.50077164E-01
 0.00000000E+00 -7.05600477E-01 -8.57804824E-01  0.00000000E+00  7.64413790E-01
 9.29304696E-01  0.00000000E+00  0.00000000E+00  0.00000000E+00  0.00000000E+00
 0.00000000E+00 -6.67510539E-04 -8.11498545E-04  0.00000000E+00  0.00000000E+00
 0.00000000E+00  0.00000000E+00  0.00000000E+00  0.00000000E+00  0.00000000E+00
 0.00000000E+00  0.00000000E+00  0.00000000E+00  0.00000000E+00  0.00000000E+00
 0.00000000E+00  0.00000000E+00  0.00000000E+00  0.00000000E+00  0.00000000E+00
 4.69916472E-02  5.71281666E-02  0.00000000E+00 -1.56456759E-01 -1.90205884E-01
 0.00000000E+00  3.70217855E-01  4.50077164E-01  0.00000000E+00 -7.05600477E-01
-8.57804824E-01  0.00000000E+00  7.64413790E-01  9.29304696E-01  0.00000000E+00
 0.00000000E+00  0.00000000E+00  0.00000000E+00  0.00000000E+00  6.67510539E-04
 8.11498545E-04 
-0.00000000E+00 -0.00000000E+00 -0.00000000E+00 -0.00000000E+00 -0.00000000E+00
-0.00000000E+00 -0.00000000E+00 -0.00000000E+00 -0.00000000E+00 -0.00000000E+00
-0.00000000E+00 -0.00000000E+00 -0.00000000E+00  1.46904614E-11 -1.92458804E-11
 1.44071897E-11 -0.00000000E+00  5.71281666E-02 -4.69916472E-02 -0.00000000E+00
-1.90205884E-01  1.56456759E-01 -0.00000000E+00  4.50077164E-01 -3.70217855E-01
-0.00000000E+00 -8.57804824E-01  7.05600477E-01 -0.00000000E+00  9.29304696E-01
-7.64413790E-01 -0.00000000E+00 -0.00000000E+00 -0.00000000E+00 -0.00000000E+00
-0.00000000E+00 -8.11498545E-04  6.67510539E-04 -0.00000000E+00 -0.00000000E+00
-0.00000000E+00 -0.00000000E+00 -0.00000000E+00 -0.00000000E+00 -0.00000000E+00
-0.00000000E+00 -0.00000000E+00 -0.00000000E+00 -0.00000000E+00 -0.00000000E+00
-0.00000000E+00 -0.00000000E+00 -0.00000000E+00 -0.00000000E+00 -0.00000000E+00
 5.71281666E-02 -4.69916472E-02 -0.00000000E+00 -1.90205884E-01  1.56456759E-01
-0.00000000E+00  4.50077164E-01 -3.70217855E-01 -0.00000000E+00 -8.57804824E-01
 7.05600477E-01 -0.00000000E+00  9.29304696E-01 -7.64413790E-01 -0.00000000E+00
-0.00000000E+00 -0.00000000E+00 -0.00000000E+00 -0.00000000E+00  8.11498545E-04
-6.67510539E-04 
 1.06725328E-05 -4.89570054E-05  1.17662378E-04 -3.39280783E-04  7.45361946E-04
-2.28965249E-03  4.96182162E-03 -1.73491759E-02  4.33489892E-02  3.00590187E-01
-1.09473731E+00  1.04945224E+00 -2.55365676E+00  4.05183896E+00 -3.48583450E+00
 2.05996577E+00 -6.98115417E-01  0.00000000E+00  0.00000000E+00 -2.67730685E-04
 0.00000000E+00  0.00000000E+00  1.34042695E-03  0.00000000E+00  0.00000000E+00
-1.53570359E-02  0.00000000E+00  0.00000000E+00 -3.69884946E-02  0.00000000E+00
 0.00000000E+00  5.09063891E-02  1.49222387E-01  1.49222387E-01  1.50802925E-01
 0.00000000E+00  0.00000000E+00  0.00000000E+00  1.06725328E-05 -4.89570054E-05
 1.17662378E-04 -3.39280783E-04  7.45361946E-04 -2.28965249E-03  4.96182162E-03
-1.73491759E-02  4.33489892E-02  3.00590187E-01 -1.09473731E+00  1.04945224E+00
-2.55365676E+00  4.05183896E+00 -3.48583450E+00  2.05996577E+00 -6.98115417E-01
 0.00000000E+00  0.00000000E+00  2.67730685E-04  0.00000000E+00  0.00000000E+00
-1.34042695E-03  0.00000000E+00  0.00000000E+00  1.53570359E-02  0.00000000E+00
 0.00000000E+00  3.69884946E-02  0.00000000E+00  0.00000000E+00 -5.09063891E-02
 1.49222387E-01  1.49222387E-01  1.50802925E-01  0.00000000E+00  0.00000000E+00
 0.00000000E+00 
-5.29871204E-06  3.26987268E-05 -7.27995439E-05  2.42274470E-04 -4.57126662E-04
 1.67814715E-03 -2.93525315E-03  1.29069249E-02 -2.55262160E-02 -1.87443073E-01
 7.41387033E-01 -5.16311008E-01  2.37710991E+00 -9.61724325E+00  1.04183842E+01
-8.99246835E+00  4.53891257E+00 -0.00000000E+00 -0.00000000E+00 -5.28793592E-02
-0.00000000E+00 -0.00000000E+00  1.79274576E-01 -0.00000000E+00 -0.00000000E+00
-5.19824766E-01 -0.00000000E+00 -0.00000000E+00  1.33727494E+00 -0.00000000E+00
-0.00000000E+00 -1.65551379E+00 -9.83427609E-02 -9.83427609E-02 -9.98588249E-02
-0.00000000E+00 -0.00000000E+00 -0.00000000E+00  5.29871204E-06 -3.26987268E-05
 7.27995439E-05 -2.42274470E-04  4.57126662E-04 -1.67814715E-03  2.93525315E-03
-1.29069249E-02  2.55262160E-02  1.87443073E-01 -7.41387033E-01  5.16311008E-01
-2.37710991E+00  9.61724325E+00 -1.04183842E+01  8.99246835E+00 -4.53891257E+00
-0.00000000E+00 -0.00000000E+00 -5.28793592E-02 -0.00000000E+00 -0.00000000E+00
 1.79274576E-01 -0.00000000E+00 -0.00000000E+00 -5.19824766E-01 -0.00000000E+00
-0.00000000E+00  1.33727494E+00 -0.00000000E+00 -0.00000000E+00 -1.65551379E+00
 9.83427609E-02  9.83427609E-02  9.98588250E-02 -0.00000000E+00 -0.00000000E+00
-0.00000000E+00 
-0.00000000E+00 -0.00000000E+00 -0.00000000E+00 -0.00000000E+00 -0.00000000E+00
-0.00000000E+00 -0.00000000E+00 -0.00000000E+00 -0.00000000E+00 -0.00000000E+00
-0.00000000E+00 -0.00000000E+00 -0.00000000E+00 -0.00000000E+00 -0.00000000E+00
-0.00000000E+00 -0.00000000E+00 -8.53608060E-02  4.11815890E-02 -0.00000000E+00
 2.99306937E-01 -1.44398065E-01 -0.00000000E+00 -7.66296868E-01  3.69693354E-01
-0.00000000E+00  1.92242372E+00 -9.27456840E-01 -0.00000000E+00 -2.77398887E+00
 1.33828714E+00 -0.00000000E+00 -0.00000000E+00 -0.00000000E+00 -0.00000000E+00
-0.00000000E+00 -7.73997387E-04  3.73408403E-04 -0.00000000E+00 -0.00000000E+00
-0.00000000E+00 -0.00000000E+00 -0.00000000E+00 -0.00000000E+00 -0.00000000E+00
-0.00000000E+00 -0.00000000E+00 -0.00000000E+00 -0.00000000E+00 -0.00000000E+00
-0.00000000E+00  1.02510407E-11 -1.11185874E-11 -0.00000000E+00 -0.00000000E+00
 8.53608060E-02 -4.11815890E-02 -0.00000000E+00 -2.99306937E-01  1.44398065E-01
-0.00000000E+00  7.66296868E-01 -3.69693354E-01 -0.00000000E+00 -1.92242372E+00
 9.27456840E-01 -0.00000000E+00  2.77398887E+00 -1.33828714E+00 -0.00000000E+00
-0.00000000E+00 -0.00000000E+00 -0.00000000E+00 -0.00000000E+00 -7.73997387E-04
 3.73408403E-04 
 0.00000000E+00  0.00000000E+00  0.00000000E+00  0.00000000E+00  0.00000000E+00
 0.00000000E+00  0.00000000E+00  0.00000000E+00  0.00000000E+00  0.00000000E+00
 0.00000000E+00  0.00000000E+00  0.00000000E+00 -2.29651196E-11  3.73429191E-11
-3.11149009E-11  0.00000000E+00 -4.11815890E-02 -8.53608060E-02  0.00000000E+00
 1.44398065E-01  2.99306937E-01  0.00000000E+00 -3.69693354E-01 -7.66296868E-01
 0.00000000E+00  9.27456840E-01  1.92242372E+00 -1.38177921E-11 -1.33828714E+00
-2.77398887E+00  1.94349768E-11  0.00000000E+00  0.00000000E+00  0.00000000E+00
 0.00000000E+00 -3.73408403E-04 -7.73997387E-04  0.00000000E+00  0.00000000E+00
 0.00000000E+00  0.00000000E+00  0.00000000E+00  0.00000000E+00  0.00000000E+00
 0.00000000E+00  0.00000000E+00  0.00000000E+00  0.00000000E+00  0.00000000E+00
-2.27713042E-11  4.40343932E-11 -4.43338187E-11  3.34287404E-11  0.00000000E+00
 4.11815890E-02  8.53608060E-02  0.00000000E+00 -1.44398065E-01 -2.99306937E-01
 0.00000000E+00  3.69693354E-01  7.66296868E-01  0.00000000E+00 -9.27456840E-01
-1.92242372E+00  2.01069396E-11  1.33828714E+00  2.77398887E+00 -2.81117177E-11
 0.00000000E+00  0.00000000E+00  0.00000000E+00  0.00000000E+00 -3.73408403E-04
-7.73997387E-04 
-7.31837144E-07  2.27958279E-06 -6.22514631E-06  1.38125045E-05 -4.01441984E-05
 8.89668704E-05 -2.91162655E-04  7.30130311E-04 -3.39837126E-03 -1.31567454E-02
 7.57170018E-02 -2.97545373E-01  1.50289193E+00 -1.24062395E+00  5.13431170E-01
-2.20378567E-01  6.65008006E-02  0.00000000E+00  0.00000000E+00 -9.07323258E-02
 0.00000000E+00  0.00000000E+00  3.32235209E-01  0.00000000E+00  0.00000000E+00
-7.90646580E-01  1.02620619E-11  1.74596208E-11  1.78985644E+00 -1.47714786E-11
-2.52846332E-11 -2.50782504E+00 -8.72730366E-03 -8.72730366E-03 -7.72309151E-03
 0.00000000E+00  0.00000000E+00  0.00000000E+00 -7.31837146E-07  2.27958280E-06
-6.22514632E-06  1.38125045E-05 -4.01441984E-05  8.89668704E-05 -2.91162655E-04
 7.30130312E-04 -3.39837126E-03 -1.31567454E-02  7.57170018E-02 -2.97545373E-01
 1.50289193E+00 -1.24062395E+00  5.13431171E-01 -2.20378568E-01  6.65008011E-02
 0.00000000E+00  0.00000000E+00  9.07323258E-02  0.00000000E+00  0.00000000E+00
-3.32235209E-01  0.00000000E+00  0.00000000E+00  7.90646580E-01 -1.03159222E-11
-1.83616560E-11 -1.78985644E+00  1.47365165E-11  2.60787129E-11  2.50782504E+00
-8.72730367E-03 -8.72730367E-03 -7.72309151E-03  0.00000000E+00  0.00000000E+00
 0.00000000E+00 
-1.81373706E-05  6.89388492E-05 -1.75543061E-04  4.51305042E-04 -1.11998915E-03
 2.97972090E-03 -7.69098335E-03  2.26831202E-02 -7.15130513E-02 -5.84274394E-01
 1.99014995E+00 -3.43806708E+00  2.55568905E+01 -6.81682704E-02 -1.17406005E-01
 5.70851938E-02 -1.72881576E-02 -0.00000000E+00 -0.00000000E+00  8.63823562E-02
-0.00000000E+00 -0.00000000E+00 -3.21268608E-01 -0.00000000E+00 -0.00000000E+00
 1.09922267E+00 -0.00000000E+00 -0.00000000E+00 -4.81649939E+00 -0.00000000E+00
-0.00000000E+00  1.22402878E+01 -2.65165131E-01 -2.65165131E-01 -2.55576827E-01
-0.00000000E+00 -0.00000000E+00 -0.00000000E+00  1.81373706E-05 -6.89388492E-05
 1.75543061E-04 -4.51305042E-04  1.11998915E-03 -2.97972090E-03  7.69098335E-03
-2.26831202E-02  7.15130513E-02  5.84274394E-01 -1.99014995E+00  3.43806708E+00
-2.55568905E+01  6.81682704E-02  1.17406005E-01 -5.70851938E-02  1.72881576E-02
-0.00000000E+00 -0.00000000E+00  8.63823562E-02 -0.00000000E+00 -0.00000000E+00
-3.21268608E-01 -0.00000000E+00 -0.00000000E+00  1.09922267E+00 -0.00000000E+00
-0.00000000E+00 -4.81649939E+00 -0.00000000E+00 -0.00000000E+00  1.22402878E+01
 2.65165131E-01  2.65165131E-01  2.55576827E-01 -0.00000000E+00 -0.00000000E+00
-0.00000000E+00 
-4.16212001E-05  1.35793668E-04 -3.64408012E-04  8.38287987E-04 -2.33572301E-03
 5.37654171E-03 -1.62739092E-02  3.95590971E-02 -1.44360615E-01 -9.68490113E-01
 3.02358179E+00 -3.83202943E+00  4.63185346E+00 -3.59866250E+00  2.21929003E+00
-1.18243646E+00  3.95333152E-01 -0.00000000E+00 -0.00000000E+00  1.28242628E-02
-0.00000000E+00 -0.00000000E+00 -1.01030511E-01 -0.00000000E+00 -0.00000000E+00
 2.25917789E-01 -1.57247120E-11 -1.94453207E-11 -4.38458754E-01 -0.00000000E+00
 1.16293338E-11  3.98271620E-01 -4.31148585E-01 -4.31148585E-01 -4.42655405E-01
-0.00000000E+00 -0.00000000E+00 -0.00000000E+00 -4.16212001E-05  1.35793668E-04
-3.64408012E-04  8.38287987E-04 -2.33572301E-03  5.37654171E-03 -1.62739092E-02
 3.95590971E-02 -1.44360615E-01 -9.68490113E-01  3.02358179E+00 -3.83202943E+00
 4.63185346E+00 -3.59866250E+00  2.21929003E+00 -1.18243646E+00  3.95333151E-01
-0.00000000E+00 -0.00000000E+00 -1.28242628E-02 -0.00000000E+00 -0.00000000E+00
 1.01030511E-01 -0.00000000E+00  1.03781918E-11 -2.25917790E-01 -1.68746657E-11
-2.23922492E-11  4.38458754E-01  1.05930546E-11  1.43063085E-11 -3.98271621E-01
-4.31148585E-01 -4.31148585E-01 -4.42655405E-01 -0.00000000E+00 -0.00000000E+00
-0.00000000E+00 
-0.00000000E+00 -0.00000000E+00 -0.00000000E+00 -0.00000000E+00 -0.00000000E+00
-0.00000000E+00 -0.00000000E+00 -0.00000000E+00 -0.00000000E+00 -0.00000000E+00
 2.65501717E-11 -3.58885342E-11  4.38506780E-11 -3.41002368E-11  2.19907588E-11
-1.18908305E-11 -0.00000000E+00 -9.81746694E-02 -1.19503910E-01 -0.00000000E+00
 3.73239906E-01  4.54329294E-01 -0.00000000E+00 -8.50397354E-01 -1.03515306E+00
-0.00000000E+00  1.75797662E+00  2.13991126E+00 -0.00000000E+00 -1.03849627E+00
-1.26411799E+00 -0.00000000E+00 -0.00000000E+00 -0.00000000E+00 -0.00000000E+00
-0.00000000E+00  4.30608304E-03  5.24161441E-03 -0.00000000E+00 -0.00000000E+00
-0.00000000E+00 -0.00000000E+00 -0.00000000E+00 -0.00000000E+00 -0.00000000E+00
-0.00000000E+00 -0.00000000E+00 -0.00000000E+00  2.73442095E-11 -3.73617426E-11
 4.71485702E-11 -3.80346583E-11  2.50144911E-11 -1.44829212E-11 -0.00000000E+00
-9.81746694E-02 -1.19503910E-01 -0.00000000E+00  3.73239906E-01  4.54329294E-01
-0.00000000E+00 -8.50397354E-01 -1.03515306E+00 -0.00000000E+00  1.75797662E+00
 2.13991126E+00 -0.00000000E+00 -1.03849627E+00 -1.26411799E+00 -0.00000000E+00
-0.00000000E+00 -0.00000000E+00 -0.00000000E+00 -0.00000000E+00 -4.30608304E-03
-5.24161441E-03 
-0.00000000E+00 -0.00000000E+00 -0.00000000E+00 -0.00000000E+00 -0.00000000E+00
-0.00000000E+00 -0.00000000E+00 -0.00000000E+00 -0.00000000E+00 -0.00000000E+00
-0.00000000E+00 -0.00000000E+00 -0.00000000E+00 -0.00000000E+00 -0.00000000E+00
-0.00000000E+00 -0.00000000E+00 -1.19503910E-01  9.81746694E-02 -0.00000000E+00
 4.54329294E-01 -3.73239906E-01 -0.00000000E+00 -1.03515306E+00  8.50397354E-01
-0.00000000E+00  2.13991126E+00 -1.75797662E+00 -0.00000000E+00 -1.26411799E+00
 1.03849627E+00 -0.00000000E+00 -0.00000000E+00 -0.00000000E+00 -0.00000000E+00
-0.00000000E+00  5.24161441E-03 -4.30608304E-03 -0.00000000E+00 -0.00000000E+00
-0.00000000E+00 -0.00000000E+00 -0.00000000E+00 -0.00000000E+00 -0.00000000E+00
-0.00000000E+00 -0.00000000E+00 -0.00000000E+00 -0.00000000E+00 -0.00000000E+00
-0.00000000E+00 -0.00000000E+00 -0.00000000E+00 -0.00000000E+00 -0.00000000E+00
-1.19503910E-01  9.81746694E-02 -0.00000000E+00  4.54329294E-01 -3.73239906E-01
-0.00000000E+00 -1.03515306E+00  8.50397354E-01 -0.00000000E+00  2.13991126E+00
-1.75797662E+00 -0.00000000E+00 -1.26411799E+00  1.03849627E+00 -0.00000000E+00
-0.00000000E+00 -0.00000000E+00 -0.00000000E+00 -0.00000000E+00 -5.24161441E-03
 4.30608304E-03 
-3.02475209E-05  8.99892918E-05 -2.49924459E-04  5.32692517E-04 -1.60718269E-03
 3.34508057E-03 -1.13359097E-02  2.42734824E-02 -1.01545048E-01 -6.60240784E-01
 1.94855203E+00 -2.71272358E+00  6.41667685E+00 -8.32138864E+00  7.07646524E+00
-5.79522400E+00  2.92749310E+00  0.00000000E+00  0.00000000E+00 -1.02081857E-01
 0.00000000E+00  0.00000000E+00  3.97379357E-01  0.00000000E+00  0.00000000E+00
-1.12224136E+00  0.00000000E+00  0.00000000E+00  2.84786954E+00  0.00000000E+00
 0.00000000E+00 -1.59379929E+00 -2.87388879E-01 -2.87388879E-01 -2.88031518E-01
 0.00000000E+00  0.00000000E+00  0.00000000E+00  3.02475209E-05 -8.99892919E-05
 2.49924459E-04 -5.32692517E-04  1.60718269E-03 -3.34508057E-03  1.13359097E-02
-2.42734824E-02  1.01545048E-01  6.60240785E-01 -1.94855203E+00  2.71272358E+00
-6.41667685E+00  8.32138864E+00 -7.07646524E+00  5.79522400E+00 -2.92749310E+00
 0.00000000E+00  0.00000000E+00 -1.02081857E-01  0.00000000E+00  0.00000000E+00
 3.97379357E-01  0.00000000E+00  0.00000000E+00 -1.12224136E+00  0.00000000E+00
 0.00000000E+00  2.84786954E+00  0.00000000E+00  0.00000000E+00 -1.59379929E+00
 2.87388879E-01  2.87388879E-01  2.88031518E-01  0.00000000E+00  0.00000000E+00
 0.00000000E+00 
-1.29510929E-05  4.55500399E-05 -1.19052744E-04  2.89946123E-04 -7.61780792E-04
 1.89110254E-03 -5.28669918E-03  1.42807440E-02 -4.88101884E-02 -3.33699161E-01
 1.16839301E+00 -2.08645632E+00  2.36218704E+00 -1.29581357E+00  5.40100985E-01
-2.53206945E-01  8.14589213E-02 -0.00000000E+00 -0.00000000E+00 -1.63894729E-01
-0.00000000E+00 -0.00000000E+00  6.65613774E-01 -0.00000000E+00 -0.00000000E+00
-1.55980417E+00 -0.00000000E+00 -0.00000000E+00  3.73572072E+00 -0.00000000E+00
-0.00000000E+00 -2.65330791E+00 -1.53462474E-01 -1.53462474E-01 -1.59467571E-01
-0.00000000E+00 -0.00000000E+00 -0.00000000E+00 -1.29510929E-05  4.55500400E-05
-1.19052744E-04  2.89946123E-04 -7.61780792E-04  1.89110254E-03 -5.28669918E-03
 1.42807440E-02 -4.88101884E-02 -3.33699161E-01  1.16839301E+00 -2.08645632E+00
 2.36218704E+00 -1.29581357E+00  5.40100985E-01 -2.53206945E-01  8.14589214E-02
-0.00000000E+00 -0.00000000E+00  1.63894729E-01 -0.00000000E+00 -0.00000000E+00
-6.65613774E-01 -0.00000000E+00 -0.00000000E+00  1.55980417E+00 -0.00000000E+00
-0.00000000E+00 -3.73572072E+00 -0.00000000E+00 -0.00000000E+00  2.65330791E+00
-1.53462474E-01 -1.53462474E-01 -1.59467571E-01 -0.00000000E+00 -0.00000000E+00
-0.00000000E+00 
-0.00000000E+00 -0.00000000E+00 -0.00000000E+00 -0.00000000E+00 -0.00000000E+00
-0.00000000E+00 -0.00000000E+00 -0.00000000E+00 -0.00000000E+00 -0.00000000E+00
-0.00000000E+00 -0.00000000E+00 -0.00000000E+00 -0.00000000E+00 -0.00000000E+00
-0.00000000E+00 -0.00000000E+00  1.66263939E-01 -8.15936768E-02 -0.00000000E+00
-6.33438049E-01  3.10858385E-01 -0.00000000E+00  1.61886518E+00 -7.94454670E-01
-0.00000000E+00 -4.22052254E+00  2.07121252E+00 -0.00000000E+00  3.00783085E+00
-1.47608664E+00 -0.00000000E+00 -0.00000000E+00 -0.00000000E+00 -0.00000000E+00
-0.00000000E+00  6.13501813E-03 -3.01074719E-03 -0.00000000E+00 -0.00000000E+00
-0.00000000E+00 -0.00000000E+00 -0.00000000E+00 -0.00000000E+00 -0.00000000E+00
-0.00000000E+00 -0.00000000E+00 -0.00000000E+00 -0.00000000E+00 -0.00000000E+00
-0.00000000E+00 -0.00000000E+00 -0.00000000E+00 -0.00000000E+00 -0.00000000E+00
-1.66263939E-01  8.15936768E-02 -0.00000000E+00  6.33438049E-01 -3.10858385E-01
-0.00000000E+00 -1.61886518E+00  7.94454670E-01 -0.00000000E+00  4.22052254E+00
-2.07121252E+00 -0.00000000E+00 -3.00783085E+00  1.47608664E+00 -0.00000000E+00
-0.00000000E+00 -0.00000000E+00 -0.00000000E+00 -0.00000000E+00  6.13501813E-03
-3.01074719E-03 
-0.00000000E+00 -0.00000000E+00 -0.00000000E+00 -0.00000000E+00 -0.00000000E+00
-0.00000000E+00 -0.00000000E+00 -0.00000000E+00 -0.00000000E+00 -0.00000000E+00
-0.00000000E+00 -0.00000000E+00  1.72532878E-11 -0.00000000E+00 -0.00000000E+00
-0.00000000E+00 -0.00000000E+00  8.15936768E-02  1.66263939E-01 -0.00000000E+00
-3.10858385E-01 -6.33438049E-01 -0.00000000E+00  7.94454670E-01  1.61886518E+00
-0.00000000E+00 -2.07121252E+00 -4.22052254E+00 -1.50509344E-11  1.47608664E+00
 3.00783085E+00  1.42682472E-11 -0.00000000E+00 -0.00000000E+00 -0.00000000E+00
-0.00000000E+00  3.01074719E-03  6.13501813E-03 -0.00000000E+00 -0.00000000E+00
-0.00000000E+00 -0.00000000E+00 -0.00000000E+00 -0.00000000E+00 -0.00000000E+00
-0.00000000E+00 -0.00000000E+00 -0.00000000E+00 -0.00000000E+00  1.00033692E-11
-1.68266227E-11 -0.00000000E+00 -0.00000000E+00 -0.00000000E+00 -0.00000000E+00
-8.15936768E-02 -1.66263939E-01 -0.00000000E+00  3.10858385E-01  6.33438049E-01
-0.00000000E+00 -7.94454670E-01 -1.61886518E+00 -0.00000000E+00  2.07121252E+00
 4.22052254E+00 -0.00000000E+00 -1.47608664E+00 -3.00783085E+00  1.01657800E-11
-0.00000000E+00 -0.00000000E+00 -0.00000000E+00 -0.00000000E+00  3.01074719E-03
 6.13501813E-03 
-3.38358409E-05  1.09411174E-04 -2.94625497E-04  6.73295376E-04 -1.89226476E-03
 4.32985539E-03 -1.33467875E-02  3.28370037E-02 -1.27780766E-01 -1.17139183E+00
 3.82274168E+00 -8.73932920E+00  1.37488463E+01  3.33709737E+00 -2.45920226E+00
 1.90476562E+00 -9.48086795E-01 -0.00000000E+00 -0.00000000E+00  2.01112424E-01
-0.00000000E+00 -0.00000000E+00 -7.66427125E-01 -0.00000000E+00 -0.00000000E+00
 2.58910873E+00 -0.00000000E+00 -0.00000000E+00 -1.08954461E+01 -0.00000000E+00
-0.00000000E+00  1.03534604E+01 -4.95791982E-01 -4.95791982E-01 -4.64872433E-01
-0.00000000E+00 -0.00000000E+00 -0.00000000E+00  3.38358409E-05 -1.09411174E-04
 2.94625497E-04 -6.73295377E-04  1.89226476E-03 -4.32985539E-03  1.33467875E-02
-3.28370037E-02  1.27780766E-01  1.17139183E+00 -3.82274168E+00  8.73932920E+00
-1.37488463E+01 -3.33709737E+00  2.45920226E+00 -1.90476562E+00  9.48086795E-01
-0.00000000E+00 -0.00000000E+00  2.01112424E-01 -0.00000000E+00 -0.00000000E+00
-7.66427125E-01 -0.00000000E+00 -0.00000000E+00  2.58910873E+00 -0.00000000E+00
-0.00000000E+00 -1.08954461E+01 -0.00000000E+00 -0.00000000E+00  1.03534604E+01
 4.95791982E-01  4.95791982E-01  4.64872433E-01 -0.00000000E+00 -0.00000000E+00
-0.00000000E+00 
-7.80703892E-05  3.09556456E-04 -7.77659519E-04  2.05600567E-03 -4.95714451E-03
 1.36721605E-02 -3.38511442E-02  1.04097295E-01 -3.04068540E-01 -2.39615789E+00
 8.23564091E+00 -5.85950605E+00  3.72024478E+00 -2.14947975E+00  1.24050276E+00
-6.58245232E-01  2.21799431E-01 -0.00000000E+00 -0.00000000E+00  1.24692928E-01
-0.00000000E+00 -0.00000000E+00 -5.16069388E-01 -0.00000000E+00 -0.00000000E+00
 1.37301007E+00 -0.00000000E+00 -0.00000000E+00 -1.73910925E+00 -0.00000000E+00
-0.00000000E+00  9.38353768E-01 -1.09592067E+00 -1.09592067E+00 -1.10796275E+00
-0.00000000E+00 -0.00000000E+00 -0.00000000E+00 -7.80703892E-05  3.09556456E-04
-7.77659519E-04  2.05600567E-03 -4.95714451E-03  1.36721605E-02 -3.38511442E-02
 1.04097295E-01 -3.04068540E-01 -2.39615789E+00  8.23564091E+00 -5.85950605E+00
 3.72024478E+00 -2.14947975E+00  1.24050276E+00 -6.58245232E-01  2.21799431E-01
-0.00000000E+00 -0.00000000E+00 -1.24692928E-01 -0.00000000E+00 -0.00000000E+00
 5.16069388E-01 -0.00000000E+00 -0.00000000E+00 -1.37301007E+00 -0.00000000E+00
-0.00000000E+00  1.73910925E+00 -0.00000000E+00 -0.00000000E+00 -9.38353768E-01
-1.09592067E+00 -1.09592067E+00 -1.10796275E+00 -0.00000000E+00 -0.00000000E+00
-0.00000000E+00 
-7.60832099E-05  3.07034712E-04 -7.67083611E-04  2.05112264E-03 -4.88870997E-03
 1.36863726E-02 -3.33984358E-02  1.05200626E-01 -3.07977771E-01 -2.66092234E+00
 9.27268141E+00 -9.88256274E+00  1.14140616E+01 -4.63957285E+00  3.75960423E+00
-3.11362911E+00  1.59278561E+00  0.00000000E+00  0.00000000E+00 -1.66968495E-01
 1.61318364E-11  0.00000000E+00  6.15213230E-01 -4.08359500E-11 -2.25193722E-11
-1.59160770E+00  4.24365401E-11  2.37867268E-11 -1.04217276E+00 -1.73443554E-11
 0.00000000E+00  2.55717687E+00 -1.19764698E+00 -1.19764698E+00 -1.17952794E+00
 0.00000000E+00  0.00000000E+00  0.00000000E+00  7.60832099E-05 -3.07034713E-04
 7.67083611E-04 -2.05112264E-03  4.88870997E-03 -1.36863726E-02  3.33984358E-02
-1.05200626E-01  3.07977771E-01  2.66092234E+00 -9.27268141E+00  9.88256274E+00
-1.14140616E+01  4.63957285E+00 -3.75960423E+00  3.11362911E+00 -1.59278561E+00
 0.00000000E+00  0.00000000E+00 -1.66968495E-01  1.58150914E-11  0.00000000E+00
 6.15213230E-01 -3.98883757E-11 -2.00925508E-11 -1.59160770E+00  4.10805188E-11
 2.03086008E-11 -1.04217276E+00 -1.66251069E-11  0.00000000E+00  2.55717687E+00
 1.19764698E+00  1.19764698E+00  1.17952794E+00  0.00000000E+00  0.00000000E+00
 0.00000000E+00 
-0.00000000E+00 -0.00000000E+00 -0.00000000E+00 -0.00000000E+00 -0.00000000E+00
-0.00000000E+00 -0.00000000E+00 -0.00000000E+00 -0.00000000E+00  3.77554086E-11
-1.30965284E-10  1.35242522E-10 -1.52530707E-10  6.41168429E-11 -5.16113845E-11
 4.19494226E-11 -2.06548413E-11 -3.19336130E-01 -2.48818920E-01 -0.00000000E+00
 1.10146270E+00  8.58232862E-01 -0.00000000E+00 -2.77946858E+00 -2.16569409E+00
 1.98215887E-11  2.87305737E+00  2.23861620E+00  1.50004939E-11 -1.16698736E+00
-9.09288076E-01 -3.39681084E-11  1.70468950E-11  1.70466237E-11  1.68411782E-11
-0.00000000E+00  8.62075328E-04  6.71708061E-04 -0.00000000E+00 -0.00000000E+00
-0.00000000E+00 -0.00000000E+00 -0.00000000E+00 -0.00000000E+00 -0.00000000E+00
-0.00000000E+00 -0.00000000E+00 -3.13311770E-11  1.08190017E-10 -1.18140257E-10
 1.40579106E-10 -5.64209832E-11  4.66109879E-11 -3.90973611E-11  1.96003447E-11
-3.19336130E-01 -2.48818920E-01 -0.00000000E+00  1.10146270E+00  8.58232862E-01
-0.00000000E+00 -2.77946858E+00 -2.16569409E+00  2.25046058E-11  2.87305737E+00
 2.23861620E+00  1.04526451E-11 -1.16698736E+00 -9.09288076E-01 -3.12640839E-11
-1.40305879E-11 -1.40309491E-11 -1.37367696E-11 -0.00000000E+00 -8.62075328E-04
-6.71708061E-04 
 0.00000000E+00  0.00000000E+00  0.00000000E+00  0.00000000E+00  0.00000000E+00
 0.00000000E+00  0.00000000E+00  0.00000000E+00  0.00000000E+00  0.00000000E+00
 2.04802477E-11 -2.20726819E-11  2.63424444E-11 -1.02740177E-11  0.00000000E+00
 0.00000000E+00  0.00000000E+00  2.48818920E-01 -3.19336130E-01  0.00000000E+00
-8.58232862E-01  1.10146270E+00  0.00000000E+00  2.16569409E+00 -2.77946858E+00
 0.00000000E+00 -2.23861620E+00  2.87305737E+00  0.00000000E+00  9.09288076E-01
-1.16698736E+00  0.00000000E+00  0.00000000E+00  0.00000000E+00  0.00000000E+00
 0.00000000E+00 -6.71708061E-04  8.62075328E-04  0.00000000E+00  0.00000000E+00
 0.00000000E+00  0.00000000E+00  0.00000000E+00  0.00000000E+00  0.00000000E+00
 0.00000000E+00  0.00000000E+00  0.00000000E+00 -2.35360081E-11  2.45351296E-11
-2.80395160E-11  1.15446582E-11  0.00000000E+00  0.00000000E+00  0.00000000E+00
 2.48818920E-01 -3.19336130E-01  0.00000000E+00 -8.58232862E-01  1.10146270E+00
 0.00000000E+00  2.16569409E+00 -2.77946858E+00  0.00000000E+00 -2.23861620E+00
 2.87305737E+00  0.00000000E+00  9.09288076E-01 -1.16698736E+00  0.00000000E+00
 0.00000000E+00  0.00000000E+00  0.00000000E+00  0.00000000E+00  6.71708061E-04
-8.62075328E-04 
-4.19856743E-05  1.67141883E-04 -4.19395117E-04  1.11183965E-03 -2.67481207E-03
 7.40944293E-03 -1.83296804E-02  5.70000121E-02 -1.69179721E-01 -1.35466672E+00
 4.85584652E+00 -3.78152394E+00  2.53483302E+00 -1.22766476E+00  5.50859858E-01
-2.71879797E-01  8.96469724E-02  0.00000000E+00  0.00000000E+00 -3.69456535E-01
 0.00000000E+00  0.00000000E+00  1.31768637E+00  0.00000000E+00  0.00000000E+00
-3.35064755E+00  0.00000000E+00  0.00000000E+00  4.09985198E+00  0.00000000E+00
 0.00000000E+00 -2.08456376E+00 -6.21634096E-01 -6.21634096E-01 -6.30963709E-01
 0.00000000E+00  0.00000000E+00  0.00000000E+00 -4.19856744E-05  1.67141883E-04
-4.19395117E-04  1.11183965E-03 -2.67481207E-03  7.40944293E-03 -1.83296804E-02
 5.70000121E-02 -1.69179721E-01 -1.35466672E+00  4.85584652E+00 -3.78152394E+00
 2.53483302E+00 -1.22766476E+00  5.50859858E-01 -2.71879797E-01  8.96469723E-02
 0.00000000E+00  0.00000000E+00  3.69456535E-01  0.00000000E+00  0.00000000E+00
-1.31768637E+00  0.00000000E+00  0.00000000E+00  3.35064755E+00  0.00000000E+00
 0.00000000E+00 -4.09985198E+00  0.00000000E+00  0.00000000E+00  2.08456376E+00
-6.21634096E-01 -6.21634096E-01 -6.30963709E-01  0.00000000E+00  0.00000000E+00
 0.00000000E+00 
-0.00000000E+00 -0.00000000E+00 -0.00000000E+00 -0.00000000E+00 -0.00000000E+00
-0.00000000E+00 -0.00000000E+00 -0.00000000E+00 -0.00000000E+00 -0.00000000E+00
-0.00000000E+00 -0.00000000E+00 -0.00000000E+00 -0.00000000E+00 -0.00000000E+00
-0.00000000E+00 -0.00000000E+00 -3.97289526E-01  2.02314174E-01 -0.00000000E+00
 1.40650185E+00 -7.16241534E-01 -0.00000000E+00 -3.91110249E+00  1.99167463E+00
-0.00000000E+00  4.86818989E+00 -2.47905809E+00 -0.00000000E+00 -2.47430334E+00
 1.26000461E+00 -0.00000000E+00 -0.00000000E+00 -0.00000000E+00 -0.00000000E+00
-0.00000000E+00 -4.65986656E-03  2.37297233E-03 -0.00000000E+00 -0.00000000E+00
-0.00000000E+00 -0.00000000E+00 -0.00000000E+00 -0.00000000E+00 -0.00000000E+00
-0.00000000E+00 -0.00000000E+00 -0.00000000E+00 -0.00000000E+00 -0.00000000E+00
-0.00000000E+00 -0.00000000E+00 -0.00000000E+00 -0.00000000E+00 -0.00000000E+00
 3.97289526E-01 -2.02314174E-01 -0.00000000E+00 -1.40650185E+00  7.16241534E-01
-0.00000000E+00  3.91110249E+00 -1.99167463E+00 -0.00000000E+00 -4.86818989E+00
 2.47905809E+00 -0.00000000E+00  2.47430334E+00 -1.26000461E+00 -0.00000000E+00
-0.00000000E+00 -0.00000000E+00 -0.00000000E+00 -0.00000000E+00 -4.65986656E-03
 2.37297233E-03 
-0.00000000E+00 -0.00000000E+00 -0.00000000E+00 -0.00000000E+00 -0.00000000E+00
-0.00000000E+00 -0.00000000E+00 -0.00000000E+00 -0.00000000E+00 -0.00000000E+00
-0.00000000E+00  1.01468186E-11 -1.31286009E-11 -0.00000000E+00 -0.00000000E+00
-0.00000000E+00 -0.00000000E+00 -2.02314174E-01 -3.97289526E-01 -0.00000000E+00
 7.16241534E-01  1.40650185E+00 -0.00000000E+00 -1.99167463E+00 -3.91110249E+00
-0.00000000E+00  2.47905809E+00  4.86818989E+00  1.36238833E-11 -1.26000461E+00
-2.47430334E+00 -1.10177620E-11 -0.00000000E+00 -0.00000000E+00 -0.00000000E+00
-0.00000000E+00 -2.37297233E-03 -4.65986656E-03 -0.00000000E+00 -0.00000000E+00
-0.00000000E+00 -0.00000000E+00 -0.00000000E+00 -0.00000000E+00 -0.00000000E+00
-0.00000000E+00 -0.00000000E+00 -0.00000000E+00  1.15488139E-11 -1.36670858E-11
 1.61629374E-11 -0.00000000E+00 -0.00000000E+00 -0.00000000E+00 -0.00000000E+00
 2.02314174E-01  3.97289526E-01 -0.00000000E+00 -7.16241534E-01 -1.40650185E+00
-0.00000000E+00  1.99167463E+00  3.91110249E+00 -0.00000000E+00 -2.47905809E+00
-4.86818989E+00 -0.00000000E+00  1.26000461E+00  2.47430334E+00 -0.00000000E+00
-0.00000000E+00 -0.00000000E+00 -0.00000000E+00 -0.00000000E+00 -2.37297233E-03
-4.65986656E-03 
 2.59866227E-05 -1.15238705E-04  2.79859191E-04 -7.92572247E-04  1.78244918E-03
-5.38356190E-03  1.22264387E-02 -4.32987415E-02  1.23991049E-01  1.55083756E+00
-5.68373103E+00  6.62858499E+00 -7.13213129E+00 -3.14848848E+00  2.29637997E+00
-1.81443012E+00  9.14159086E-01  0.00000000E+00  0.00000000E+00 -5.06859461E-01
 0.00000000E+00  0.00000000E+00  1.89645824E+00  0.00000000E+00  0.00000000E+00
-6.64820784E+00  0.00000000E+00  0.00000000E+00  1.07571298E+01  0.00000000E+00
 0.00000000E+00 -7.28623415E+00  6.62357324E-01  6.62357324E-01  6.29569514E-01
 0.00000000E+00  0.00000000E+00  0.00000000E+00 -2.59866227E-05  1.15238705E-04
-2.79859191E-04  7.92572247E-04 -1.78244918E-03  5.38356190E-03 -1.22264387E-02
 4.32987415E-02 -1.23991049E-01 -1.55083756E+00  5.68373103E+00 -6.62858499E+00
 7.13213129E+00  3.14848848E+00 -2.29637997E+00  1.81443012E+00 -9.14159086E-01
 0.00000000E+00  0.00000000E+00 -5.06859461E-01  0.00000000E+00  0.00000000E+00
 1.89645824E+00  0.00000000E+00  0.00000000E+00 -6.64820784E+00  0.00000000E+00
 0.00000000E+00  1.07571298E+01  0.00000000E+00  0.00000000E+00 -7.28623415E+00
-6.62357324E-01 -6.62357324E-01 -6.29569514E-01  0.00000000E+00  0.00000000E+00
 0.00000000E+00 
-1.52130025E-04  5.29018515E-04 -1.38870106E-03  3.35642424E-03 -8.91257522E-03
 2.19549739E-02 -6.26086518E-02  1.67934691E-01 -5.91379192E-01 -4.48802569E+00
 1.13368036E+01 -4.38822984E+00  1.94853635E+00 -1.05216874E+00  6.32599642E-01
-3.41899856E-01  1.16254574E-01  0.00000000E+00  0.00000000E+00  5.01769715E-01
 0.00000000E+00  0.00000000E+00 -2.50887888E+00  0.00000000E+00  0.00000000E+00
 3.36332236E+00  0.00000000E+00  0.00000000E+00 -2.69378666E+00  0.00000000E+00
 0.00000000E+00  1.18421096E+00 -1.96885323E+00 -1.96885323E+00 -2.12113670E+00
 0.00000000E+00  0.00000000E+00  0.00000000E+00 -1.52130025E-04  5.29018515E-04
-1.38870106E-03  3.35642424E-03 -8.91257522E-03  2.19549739E-02 -6.26086518E-02
 1.67934691E-01 -5.91379192E-01 -4.48802569E+00  1.13368036E+01 -4.38822984E+00
 1.94853635E+00 -1.05216874E+00  6.32599642E-01 -3.41899856E-01  1.16254574E-01
 0.00000000E+00  0.00000000E+00 -5.01769715E-01  0.00000000E+00  0.00000000E+00
 2.50887888E+00  0.00000000E+00  0.00000000E+00 -3.36332236E+00  0.00000000E+00
 0.00000000E+00  2.69378666E+00  0.00000000E+00  0.00000000E+00 -1.18421096E+00
-1.96885323E+00 -1.96885323E+00 -2.12113670E+00  0.00000000E+00  0.00000000E+00
 0.00000000E+00 
-1.44053191E-04  4.90237709E-04 -1.29670299E-03  3.08443318E-03 -8.33184665E-03
 2.01143667E-02 -5.88625553E-02  1.54429768E-01 -5.67617101E-01 -4.15825617E+00
 1.08978501E+01 -4.81886823E+00  2.45246118E+00 -1.16007267E+00  5.61527064E-01
-2.86466795E-01  9.57282914E-02  0.00000000E+00  0.00000000E+00 -6.08079525E-01
 0.00000000E+00  0.00000000E+00  2.60520671E+00  0.00000000E+00  0.00000000E+00
-3.57660603E+00  0.00000000E+00  0.00000000E+00  2.94671839E+00  0.00000000E+00
 0.00000000E+00 -1.28929767E+00 -1.87291336E+00 -1.87291336E+00 -1.88493504E+00
 0.00000000E+00  0.00000000E+00  0.00000000E+00 -1.44053191E-04  4.90237709E-04
-1.29670299E-03  3.08443318E-03 -8.33184665E-03  2.01143667E-02 -5.88625553E-02
 1.54429768E-01 -5.67617101E-01 -4.15825617E+00  1.08978501E+01 -4.81886823E+00
 2.45246118E+00 -1.16007267E+00  5.61527064E-01 -2.86466795E-01  9.57282914E-02
 0.00000000E+00  0.00000000E+00  6.08079525E-01  0.00000000E+00  0.00000000E+00
-2.60520671E+00  0.00000000E+00  0.00000000E+00  3.57660603E+00  0.00000000E+00
 0.00000000E+00 -2.94671839E+00  0.00000000E+00  0.00000000E+00  1.28929767E+00
-1.87291336E+00 -1.87291336E+00 -1.88493504E+00  0.00000000E+00  0.00000000E+00
 0.00000000E+00 
-2.06493192E-04  7.12518458E-04 -1.87558854E-03  4.50804910E-03 -1.20483043E-02
 2.94954692E-02 -8.51103026E-02  2.28399903E-01 -8.34877089E-01 -7.05374344E+00
 1.88120686E+01 -1.09308881E+01  9.26646863E+00 -2.10553724E+00  1.75975854E+00
-1.49272126E+00  7.72206511E-01  0.00000000E+00  0.00000000E+00 -9.96724903E-02
 1.36439950E-11  0.00000000E+00  3.68346316E-01 -1.76465597E-11  0.00000000E+00
 1.11181578E+00  1.22406241E-11  0.00000000E+00 -3.90495257E+00  0.00000000E+00
 0.00000000E+00  3.52260329E+00 -3.07241054E+00 -3.07241054E+00 -3.02901258E+00
 0.00000000E+00  0.00000000E+00  0.00000000E+00  2.06493192E-04 -7.12518459E-04
 1.87558854E-03 -4.50804910E-03  1.20483043E-02 -2.94954692E-02  8.51103026E-02
-2.28399903E-01  8.34877089E-01  7.05374344E+00 -1.88120686E+01  1.09308881E+01
-9.26646863E+00  2.10553724E+00 -1.75975854E+00  1.49272126E+00 -7.72206511E-01
 0.00000000E+00  0.00000000E+00 -9.96724902E-02  1.09380752E-11  0.00000000E+00
 3.68346316E-01 -1.36375363E-11  0.00000000E+00  1.11181578E+00  0.00000000E+00
 0.00000000E+00 -3.90495257E+00  0.00000000E+00  0.00000000E+00  3.52260329E+00
 3.07241054E+00  3.07241054E+00  3.02901258E+00  0.00000000E+00  0.00000000E+00
 0.00000000E+00 
 0.00000000E+00  0.00000000E+00  0.00000000E+00  0.00000000E+00  0.00000000E+00
 0.00000000E+00  0.00000000E+00  0.00000000E+00  0.00000000E+00  0.00000000E+00
 0.00000000E+00  0.00000000E+00  0.00000000E+00  0.00000000E+00  0.00000000E+00
 0.00000000E+00  0.00000000E+00  3.28009142E-02  7.62072596E-01  0.00000000E+00
-1.35770338E-01 -3.15438933E+00  0.00000000E+00  1.71359326E-01  3.98123800E+00
 0.00000000E+00 -1.14950327E-01 -2.67067232E+00  0.00000000E+00  3.90655563E-02
 9.07620737E-01  0.00000000E+00  0.00000000E+00  0.00000000E+00  0.00000000E+00
 0.00000000E+00 -1.66002362E-02 -3.85677821E-01  0.00000000E+00  0.00000000E+00
 0.00000000E+00  0.00000000E+00  0.00000000E+00  0.00000000E+00  0.00000000E+00
 0.00000000E+00  0.00000000E+00  0.00000000E+00  0.00000000E+00  0.00000000E+00
 0.00000000E+00  0.00000000E+00  0.00000000E+00  0.00000000E+00  0.00000000E+00
 3.28009142E-02  7.62072596E-01  0.00000000E+00 -1.35770338E-01 -3.15438933E+00
 0.00000000E+00  1.71359326E-01  3.98123800E+00  0.00000000E+00 -1.14950327E-01
-2.67067232E+00  0.00000000E+00  3.90655563E-02  9.07620737E-01  0.00000000E+00
 0.00000000E+00  0.00000000E+00  0.00000000E+00  0.00000000E+00  1.66002362E-02
 3.85677821E-01 
-0.00000000E+00 -0.00000000E+00 -0.00000000E+00 -0.00000000E+00 -0.00000000E+00
-0.00000000E+00 -0.00000000E+00 -0.00000000E+00 -0.00000000E+00 -2.59288696E-11
 6.87632562E-11 -3.92395807E-11  3.27730458E-11 -0.00000000E+00 -0.00000000E+00
-0.00000000E+00 -0.00000000E+00  7.62072596E-01 -3.28009142E-02 -0.00000000E+00
-3.15438933E+00  1.35770338E-01 -0.00000000E+00  3.98123800E+00 -1.71359326E-01
-0.00000000E+00 -2.67067232E+00  1.14950327E-01 -1.21547036E-11  9.07620737E-01
-3.90655563E-02  1.15063381E-11 -1.12634348E-11 -1.12849257E-11 -1.11291337E-11
-0.00000000E+00 -3.85677821E-01  1.66002362E-02 -0.00000000E+00 -0.00000000E+00
-0.00000000E+00 -0.00000000E+00 -0.00000000E+00 -0.00000000E+00 -0.00000000E+00
-0.00000000E+00 -0.00000000E+00  2.57751453E-11 -6.86590617E-11  3.94402214E-11
-3.30782950E-11 -0.00000000E+00 -0.00000000E+00 -0.00000000E+00 -0.00000000E+00
 7.62072596E-01 -3.28009142E-02 -0.00000000E+00 -3.15438933E+00  1.35770338E-01
-0.00000000E+00  3.98123800E+00 -1.71359326E-01 -0.00000000E+00 -2.67067232E+00
 1.14950327E-01 -1.19196208E-11  9.07620737E-01 -3.90655563E-02  1.14248941E-11
 1.12272097E-11  1.12086188E-11  1.11552062E-11 -0.00000000E+00  3.85677821E-01
-1.66002362E-02 
-0.00000000E+00 -0.00000000E+00 -0.00000000E+00 -0.00000000E+00 -0.00000000E+00
-0.00000000E+00 -0.00000000E+00 -0.00000000E+00 -0.00000000E+00 -0.00000000E+00
-0.00000000E+00 -0.00000000E+00 -0.00000000E+00 -0.00000000E+00 -0.00000000E+00
-0.00000000E+00 -0.00000000E+00  2.26353024E-02  5.73517495E-01 -0.00000000E+00
-8.95714430E-02 -2.26949872E+00 -0.00000000E+00  9.76402167E-02  2.47393967E+00
-0.00000000E+00 -6.22151568E-02 -1.57636423E+00 -0.00000000E+00  2.15570567E-02
 5.46197658E-01 -0.00000000E+00 -0.00000000E+00 -0.00000000E+00 -0.00000000E+00
-0.00000000E+00  1.97400651E-02  5.00159993E-01 -0.00000000E+00 -0.00000000E+00
-0.00000000E+00 -0.00000000E+00 -0.00000000E+00 -0.00000000E+00 -0.00000000E+00
-0.00000000E+00 -0.00000000E+00 -0.00000000E+00 -0.00000000E+00 -0.00000000E+00
-0.00000000E+00 -0.00000000E+00 -0.00000000E+00 -0.00000000E+00 -0.00000000E+00
 2.26353024E-02  5.73517495E-01 -0.00000000E+00 -8.95714430E-02 -2.26949872E+00
-0.00000000E+00  9.76402167E-02  2.47393967E+00 -0.00000000E+00 -6.22151568E-02
-1.57636423E+00 -0.00000000E+00  2.15570567E-02  5.46197658E-01 -0.00000000E+00
-0.00000000E+00 -0.00000000E+00 -0.00000000E+00 -0.00000000E+00 -1.97400651E-02
-5.00159993E-01 
-0.00000000E+00 -0.00000000E+00 -0.00000000E+00 -0.00000000E+00 -0.00000000E+00
-0.00000000E+00 -0.00000000E+00 -0.00000000E+00 -0.00000000E+00 -0.00000000E+00
-0.00000000E+00 -0.00000000E+00 -0.00000000E+00 -0.00000000E+00 -0.00000000E+00
-0.00000000E+00 -0.00000000E+00  5.73517495E-01 -2.26353024E-02 -0.00000000E+00
-2.26949872E+00  8.95714430E-02 -0.00000000E+00  2.47393967E+00 -9.76402167E-02
-0.00000000E+00 -1.57636423E+00  6.22151568E-02 -0.00000000E+00  5.46197658E-01
-2.15570567E-02 -0.00000000E+00 -0.00000000E+00 -0.00000000E+00 -0.00000000E+00
-0.00000000E+00  5.00159993E-01 -1.97400651E-02 -0.00000000E+00 -0.00000000E+00
-0.00000000E+00 -0.00000000E+00 -0.00000000E+00 -0.00000000E+00 -0.00000000E+00
-0.00000000E+00 -0.00000000E+00 -0.00000000E+00 -0.00000000E+00 -0.00000000E+00
-0.00000000E+00 -0.00000000E+00 -0.00000000E+00 -0.00000000E+00 -0.00000000E+00
 5.73517495E-01 -2.26353024E-02 -0.00000000E+00 -2.26949872E+00  8.95714430E-02
-0.00000000E+00  2.47393967E+00 -9.76402167E-02 -0.00000000E+00 -1.57636423E+00
 6.22151568E-02 -0.00000000E+00  5.46197658E-01 -2.15570567E-02 -0.00000000E+00
-0.00000000E+00 -0.00000000E+00 -0.00000000E+00 -0.00000000E+00 -5.00159993E-01
 1.97400651E-02 
 0.00000000E+00  0.00000000E+00  0.00000000E+00  0.00000000E+00  0.00000000E+00
 0.00000000E+00  0.00000000E+00  0.00000000E+00  0.00000000E+00  0.00000000E+00
 0.00000000E+00  0.00000000E+00  0.00000000E+00  0.00000000E+00  0.00000000E+00
 0.00000000E+00  0.00000000E+00  0.00000000E+00  0.00000000E+00  0.00000000E+00
 0.00000000E+00  0.00000000E+00  0.00000000E+00  0.00000000E+00  0.00000000E+00
 0.00000000E+00  0.00000000E+00  0.00000000E+00  0.00000000E+00  0.00000000E+00
 0.00000000E+00  0.00000000E+00  5.91413683E-01 -5.91413683E-01  0.00000000E+00
 1.72499468E-02  0.00000000E+00  0.00000000E+00  0.00000000E+00  0.00000000E+00
 0.00000000E+00  0.00000000E+00  0.00000000E+00  0.00000000E+00  0.00000000E+00
 0.00000000E+00  0.00000000E+00  0.00000000E+00  0.00000000E+00  0.00000000E+00
 0.00000000E+00  0.00000000E+00  0.00000000E+00  0.00000000E+00  0.00000000E+00
 0.00000000E+00  0.00000000E+00  0.00000000E+00  0.00000000E+00  0.00000000E+00
 0.00000000E+00  0.00000000E+00  0.00000000E+00  0.00000000E+00  0.00000000E+00
 0.00000000E+00  0.00000000E+00  0.00000000E+00  0.00000000E+00  0.00000000E+00
 5.91413683E-01 -5.91413683E-01  0.00000000E+00  1.72499468E-02  0.00000000E+00
 0.00000000E+00 
-0.00000000E+00 -0.00000000E+00 -0.00000000E+00 -0.00000000E+00 -0.00000000E+00
-0.00000000E+00 -0.00000000E+00 -0.00000000E+00 -0.00000000E+00 -0.00000000E+00
-0.00000000E+00 -0.00000000E+00 -0.00000000E+00 -0.00000000E+00 -0.00000000E+00
-0.00000000E+00 -0.00000000E+00 -0.00000000E+00 -0.00000000E+00 -0.00000000E+00
-0.00000000E+00 -0.00000000E+00 -0.00000000E+00 -0.00000000E+00 -0.00000000E+00
-0.00000000E+00 -0.00000000E+00 -0.00000000E+00 -0.00000000E+00 -0.00000000E+00
-0.00000000E+00 -0.00000000E+00 -1.49388921E-02  1.49388921E-02 -0.00000000E+00
 6.82905698E-01 -0.00000000E+00 -0.00000000E+00 -0.00000000E+00 -0.00000000E+00
-0.00000000E+00 -0.00000000E+00 -0.00000000E+00 -0.00000000E+00 -0.00000000E+00
-0.00000000E+00 -0.00000000E+00 -0.00000000E+00 -0.00000000E+00 -0.00000000E+00
-0.00000000E+00 -0.00000000E+00 -0.00000000E+00 -0.00000000E+00 -0.00000000E+00
-0.00000000E+00 -0.00000000E+00 -0.00000000E+00 -0.00000000E+00 -0.00000000E+00
-0.00000000E+00 -0.00000000E+00 -0.00000000E+00 -0.00000000E+00 -0.00000000E+00
-0.00000000E+00 -0.00000000E+00 -0.00000000E+00 -0.00000000E+00 -0.00000000E+00
-1.49388921E-02  1.49388921E-02 -0.00000000E+00  6.82905698E-01 -0.00000000E+00
-0.00000000E+00 
 0.00000000E+00  0.00000000E+00  0.00000000E+00  0.00000000E+00  0.00000000E+00
 0.00000000E+00  0.00000000E+00  0.00000000E+00  0.00000000E+00  0.00000000E+00
 0.00000000E+00  0.00000000E+00  0.00000000E+00  0.00000000E+00  0.00000000E+00
 0.00000000E+00  0.00000000E+00 -8.13268665E-01  5.23659776E-01  0.00000000E+00
 3.42148456E+00 -2.20307742E+00  0.00000000E+00 -4.66503223E+00  3.00379178E+00
 0.00000000E+00  3.82868353E+00 -2.46527088E+00  0.00000000E+00 -1.68047635E+00
 1.08205063E+00  0.00000000E+00  0.00000000E+00  0.00000000E+00  0.00000000E+00
 0.00000000E+00 -2.22989456E-02  1.43581837E-02  0.00000000E+00  0.00000000E+00
 0.00000000E+00  0.00000000E+00  0.00000000E+00  0.00000000E+00  0.00000000E+00
 0.00000000E+00  0.00000000E+00  0.00000000E+00  0.00000000E+00  0.00000000E+00
 0.00000000E+00  0.00000000E+00  0.00000000E+00  0.00000000E+00  0.00000000E+00
 8.13268665E-01 -5.23659776E-01  0.00000000E+00 -3.42148456E+00  2.20307742E+00
 0.00000000E+00  4.66503223E+00 -3.00379178E+00  0.00000000E+00 -3.82868353E+00
 2.46527088E+00  0.00000000E+00  1.68047635E+00 -1.08205063E+00  0.00000000E+00
 0.00000000E+00  0.00000000E+00  0.00000000E+00  0.00000000E+00 -2.22989456E-02
 1.43581837E-02 
 0.00000000E+00  0.00000000E+00  0.00000000E+00  0.00000000E+00  0.00000000E+00
 0.00000000E+00  0.00000000E+00  0.00000000E+00  0.00000000E+00  0.00000000E+00
 1.41851821E-11  0.00000000E+00  0.00000000E+00  0.00000000E+00  0.00000000E+00
 0.00000000E+00  0.00000000E+00  5.23659776E-01  8.13268665E-01  0.00000000E+00
-2.20307742E+00 -3.42148456E+00  0.00000000E+00  3.00379178E+00  4.66503223E+00
 0.00000000E+00 -2.46527088E+00 -3.82868353E+00  0.00000000E+00  1.08205063E+00
 1.68047635E+00  0.00000000E+00  0.00000000E+00  0.00000000E+00  0.00000000E+00
 0.00000000E+00  1.43581837E-02  2.22989456E-02  0.00000000E+00  0.00000000E+00
 0.00000000E+00  0.00000000E+00  0.00000000E+00  0.00000000E+00  0.00000000E+00
 0.00000000E+00  0.00000000E+00  0.00000000E+00 -1.31776672E-11  0.00000000E+00
 0.00000000E+00  0.00000000E+00  0.00000000E+00  0.00000000E+00  0.00000000E+00
-5.23659776E-01 -8.13268665E-01  0.00000000E+00  2.20307742E+00  3.42148456E+00
 0.00000000E+00 -3.00379178E+00 -4.66503223E+00  0.00000000E+00  2.46527088E+00
 3.82868353E+00  0.00000000E+00 -1.08205063E+00 -1.68047635E+00  0.00000000E+00
 0.00000000E+00  0.00000000E+00  0.00000000E+00  0.00000000E+00  1.43581837E-02
 2.22989456E-02 
 1.27843445E-05 -3.49952850E-05  1.00590299E-04 -1.99491296E-04  6.57404233E-04
-1.27250943E-03  5.09270991E-03 -1.16086987E-02  7.11079909E-02  1.32717718E+00
-3.89750481E+00  3.32844430E+00 -3.22586520E+00 -2.52733663E+00  1.88583843E+00
-1.51840793E+00  7.71653899E-01  0.00000000E+00  0.00000000E+00 -1.06872401E+00
 0.00000000E+00  0.00000000E+00  4.59932015E+00  0.00000000E+00  0.00000000E+00
-7.49934088E+00  0.00000000E+00  0.00000000E+00  7.84536917E+00  0.00000000E+00
 0.00000000E+00 -4.53407262E+00  5.31773049E-01  5.31773049E-01  3.79406293E-01
 0.00000000E+00  0.00000000E+00  0.00000000E+00 -1.27843445E-05  3.49952850E-05
-1.00590299E-04  1.99491296E-04 -6.57404233E-04  1.27250943E-03 -5.09270991E-03
 1.16086987E-02 -7.11079909E-02 -1.32717718E+00  3.89750481E+00 -3.32844430E+00
 3.22586520E+00  2.52733663E+00 -1.88583843E+00  1.51840793E+00 -7.71653899E-01
 0.00000000E+00  0.00000000E+00 -1.06872401E+00  0.00000000E+00  0.00000000E+00
 4.59932015E+00  0.00000000E+00  0.00000000E+00 -7.49934088E+00  0.00000000E+00
 0.00000000E+00  7.84536917E+00  0.00000000E+00  0.00000000E+00 -4.53407262E+00
-5.31773049E-01 -5.31773049E-01 -3.79406293E-01  0.00000000E+00  0.00000000E+00
 0.00000000E+00 
 0.00000000E+00  0.00000000E+00  0.00000000E+00  0.00000000E+00  0.00000000E+00
 0.00000000E+00  0.00000000E+00  0.00000000E+00  0.00000000E+00  0.00000000E+00
 0.00000000E+00  0.00000000E+00  0.00000000E+00  0.00000000E+00  0.00000000E+00
 0.00000000E+00  0.00000000E+00  0.00000000E+00  0.00000000E+00  0.00000000E+00
 0.00000000E+00  0.00000000E+00  0.00000000E+00  0.00000000E+00  0.00000000E+00
 0.00000000E+00  0.00000000E+00  0.00000000E+00  0.00000000E+00  0.00000000E+00
 0.00000000E+00  0.00000000E+00  6.35447449E-01 -6.35447449E-01  0.00000000E+00
-9.06223644E-03  0.00000000E+00  0.00000000E+00  0.00000000E+00  0.00000000E+00
 0.00000000E+00  0.00000000E+00  0.00000000E+00  0.00000000E+00  0.00000000E+00
 0.00000000E+00  0.00000000E+00  0.00000000E+00  0.00000000E+00  0.00000000E+00
 0.00000000E+00  0.00000000E+00  0.00000000E+00  0.00000000E+00  0.00000000E+00
 0.00000000E+00  0.00000000E+00  0.00000000E+00  0.00000000E+00  0.00000000E+00
 0.00000000E+00  0.00000000E+00  0.00000000E+00  0.00000000E+00  0.00000000E+00
 0.00000000E+00  0.00000000E+00  0.00000000E+00  0.00000000E+00  0.00000000E+00
-6.35447449E-01  6.35447449E-01  0.00000000E+00  9.06223644E-03  0.00000000E+00
 0.00000000E+00 
-0.00000000E+00 -0.00000000E+00 -0.00000000E+00 -0.00000000E+00 -0.00000000E+00
-0.00000000E+00 -0.00000000E+00 -0.00000000E+00 -0.00000000E+00 -0.00000000E+00
-0.00000000E+00 -0.00000000E+00 -0.00000000E+00 -0.00000000E+00 -0.00000000E+00
-0.00000000E+00 -0.00000000E+00 -0.00000000E+00 -0.00000000E+00 -0.00000000E+00
-0.00000000E+00 -0.00000000E+00 -0.00000000E+00 -0.00000000E+00 -0.00000000E+00
-0.00000000E+00 -0.00000000E+00 -0.00000000E+00 -0.00000000E+00 -0.00000000E+00
-0.00000000E+00 -0.00000000E+00  7.84812698E-03 -7.84812698E-03 -0.00000000E+00
 7.33751512E-01 -0.00000000E+00 -0.00000000E+00 -0.00000000E+00 -0.00000000E+00
-0.00000000E+00 -0.00000000E+00 -0.00000000E+00 -0.00000000E+00 -0.00000000E+00
-0.00000000E+00 -0.00000000E+00 -0.00000000E+00 -0.00000000E+00 -0.00000000E+00
-0.00000000E+00 -0.00000000E+00 -0.00000000E+00 -0.00000000E+00 -0.00000000E+00
-0.00000000E+00 -0.00000000E+00 -0.00000000E+00 -0.00000000E+00 -0.00000000E+00
-0.00000000E+00 -0.00000000E+00 -0.00000000E+00 -0.00000000E+00 -0.00000000E+00
-0.00000000E+00 -0.00000000E+00 -0.00000000E+00 -0.00000000E+00 -0.00000000E+00
-7.84812698E-03  7.84812698E-03 -0.00000000E+00 -7.33751512E-01 -0.00000000E+00
-0.00000000E+00 
-3.68726287E-05  1.24991068E-04 -3.31124294E-04  7.85487153E-04 -2.12996184E-03
 5.12541118E-03 -1.50949723E-02  3.91489850E-02 -1.41686874E-01 -2.27849063E-01
 1.51460515E-01  4.46596478E-01 -2.45064688E-01  8.75024534E-02 -2.27771761E-02
 8.56368607E-03 -2.53850508E-03  0.00000000E+00  0.00000000E+00  6.32585247E-01
 0.00000000E+00  0.00000000E+00 -2.10909852E+00  0.00000000E+00  0.00000000E+00
 2.25152593E+00  0.00000000E+00  0.00000000E+00 -1.27943905E+00  0.00000000E+00
 0.00000000E+00  4.82760389E-01 -5.51558823E-01 -5.51558823E-01  5.43561263E-01
 0.00000000E+00  0.00000000E+00  0.00000000E+00 -3.68726287E-05  1.24991068E-04
-3.31124294E-04  7.85487153E-04 -2.12996184E-03  5.12541118E-03 -1.50949723E-02
 3.91489850E-02 -1.41686874E-01 -2.27849063E-01  1.51460515E-01  4.46596478E-01
-2.45064688E-01  8.75024534E-02 -2.27771761E-02  8.56368606E-03 -2.53850507E-03
 0.00000000E+00  0.00000000E+00 -6.32585247E-01  0.00000000E+00  0.00000000E+00
 2.10909852E+00  0.00000000E+00  0.00000000E+00 -2.25152593E+00  0.00000000E+00
 0.00000000E+00  1.27943905E+00  0.00000000E+00  0.00000000E+00 -4.82760389E-01
-5.51558823E-01 -5.51558823E-01  5.43561263E-01  0.00000000E+00  0.00000000E+00
 0.00000000E+00 
-0.00000000E+00 -0.00000000E+00 -0.00000000E+00 -0.00000000E+00 -0.00000000E+00
-0.00000000E+00 -0.00000000E+00 -0.00000000E+00 -0.00000000E+00 -0.00000000E+00
-0.00000000E+00 -0.00000000E+00 -0.00000000E+00 -0.00000000E+00 -0.00000000E+00
-0.00000000E+00 -0.00000000E+00  3.74052621E-02 -2.14317736E-02 -0.00000000E+00
-1.94839428E-01  1.11635483E-01 -0.00000000E+00  6.39461614E-01 -3.66386860E-01
-0.00000000E+00 -3.49300300E-01  2.00135610E-01 -0.00000000E+00  1.25974357E-01
-7.21784517E-02 -0.00000000E+00 -0.00000000E+00 -0.00000000E+00 -0.00000000E+00
-0.00000000E+00  7.85504527E-01 -4.50063821E-01 -0.00000000E+00 -0.00000000E+00
-0.00000000E+00 -0.00000000E+00 -0.00000000E+00 -0.00000000E+00 -0.00000000E+00
-0.00000000E+00 -0.00000000E+00 -0.00000000E+00 -0.00000000E+00 -0.00000000E+00
-0.00000000E+00 -0.00000000E+00 -0.00000000E+00 -0.00000000E+00 -0.00000000E+00
-3.74052621E-02  2.14317736E-02 -0.00000000E+00  1.94839428E-01 -1.11635483E-01
-0.00000000E+00 -6.39461614E-01  3.66386860E-01 -0.00000000E+00  3.49300300E-01
-2.00135610E-01 -0.00000000E+00 -1.25974357E-01  7.21784517E-02 -0.00000000E+00
-0.00000000E+00 -0.00000000E+00 -0.00000000E+00 -0.00000000E+00  7.85504527E-01
-4.50063821E-01 
 0.00000000E+00  0.00000000E+00  0.00000000E+00  0.00000000E+00  0.00000000E+00
 0.00000000E+00  0.00000000E+00  0.00000000E+00  0.00000000E+00  0.00000000E+00
 0.00000000E+00  0.00000000E+00  0.00000000E+00  0.00000000E+00  0.00000000E+00
 0.00000000E+00  0.00000000E+00  2.14317736E-02  3.74052621E-02  0.00000000E+00
-1.11635483E-01 -1.94839428E-01  0.00000000E+00  3.66386860E-01  6.39461614E-01
 0.00000000E+00 -2.00135610E-01 -3.49300300E-01  0.00000000E+00  7.21784517E-02
 1.25974357E-01  0.00000000E+00  0.00000000E+00  0.00000000E+00  0.00000000E+00
 0.00000000E+00  4.50063821E-01  7.85504527E-01  0.00000000E+00  0.00000000E+00
 0.00000000E+00  0.00000000E+00  0.00000000E+00  0.00000000E+00  0.00000000E+00
 0.00000000E+00  0.00000000E+00  0.00000000E+00  0.00000000E+00  0.00000000E+00
 0.00000000E+00  0.00000000E+00  0.00000000E+00  0.00000000E+00  0.00000000E+00
-2.14317736E-02 -3.74052621E-02  0.00000000E+00  1.11635483E-01  1.94839428E-01
 0.00000000E+00 -3.66386860E-01 -6.39461614E-01  0.00000000E+00  2.00135610E-01
 3.49300300E-01  0.00000000E+00 -7.21784517E-02 -1.25974357E-01  0.00000000E+00
 0.00000000E+00  0.00000000E+00  0.00000000E+00  0.00000000E+00  4.50063821E-01
 7.85504527E-01 
-1.47313230E-04  5.69769414E-04 -1.44434957E-03  3.76485869E-03 -9.28103083E-03
 2.53598669E-02 -6.58615882E-02  2.09030594E-01 -6.98691526E-01 -4.99575120E+00
 1.48305538E+01 -5.60531563E+00  4.20400583E+00 -2.42929012E-01  2.47996084E-01
-2.27852946E-01  1.21060122E-01 -0.00000000E+00 -0.00000000E+00 -1.48078317E-01
-0.00000000E+00 -0.00000000E+00  8.78297333E-01 -0.00000000E+00 -0.00000000E+00
 2.51057480E+00 -0.00000000E+00 -0.00000000E+00 -3.35964788E+00 -0.00000000E+00
-0.00000000E+00  2.31529365E+00 -3.32579010E+00 -3.32579010E+00 -1.31018038E+00
-0.00000000E+00 -0.00000000E+00 -0.00000000E+00  1.47313230E-04 -5.69769414E-04
 1.44434957E-03 -3.76485869E-03  9.28103083E-03 -2.53598669E-02  6.58615882E-02
-2.09030594E-01  6.98691526E-01  4.99575120E+00 -1.48305538E+01  5.60531563E+00
-4.20400583E+00  2.42929012E-01 -2.47996084E-01  2.27852946E-01 -1.21060122E-01
-0.00000000E+00 -0.00000000E+00 -1.48078317E-01 -0.00000000E+00 -0.00000000E+00
 8.78297333E-01 -0.00000000E+00 -0.00000000E+00  2.51057480E+00 -0.00000000E+00
-0.00000000E+00 -3.35964788E+00 -0.00000000E+00 -0.00000000E+00  2.31529365E+00
 3.32579010E+00  3.32579010E+00  1.31018038E+00 -0.00000000E+00 -0.00000000E+00
-0.00000000E+00 
-3.60923359E-04  1.39282144E-03 -3.53320497E-03  9.19525645E-03 -2.26968790E-02
 6.18545030E-02 -1.60587500E-01  5.04669720E-01 -1.64880360E+00 -4.73880831E+00
 1.67220659E+01 -4.94899446E+00  2.13019117E+00 -1.03951421E+00  5.54125364E-01
-2.91872432E-01  9.86386136E-02 -0.00000000E+00 -0.00000000E+00 -3.66283738E-01
-0.00000000E+00 -0.00000000E+00  6.03194308E-01 -0.00000000E+00 -0.00000000E+00
-5.74815592E-01 -0.00000000E+00 -0.00000000E+00  4.88069007E-01 -0.00000000E+00
-0.00000000E+00 -2.11097885E-01 -4.09383245E+00 -4.09383245E+00 -3.97124875E+00
-0.00000000E+00 -0.00000000E+00 -0.00000000E+00 -3.60923359E-04  1.39282144E-03
-3.53320497E-03  9.19525645E-03 -2.26968790E-02  6.18545030E-02 -1.60587500E-01
 5.04669720E-01 -1.64880360E+00 -4.73880831E+00  1.67220659E+01 -4.94899446E+00
 2.13019117E+00 -1.03951421E+00  5.54125364E-01 -2.91872432E-01  9.86386136E-02
-0.00000000E+00 -0.00000000E+00  3.66283738E-01 -0.00000000E+00 -0.00000000E+00
-6.03194308E-01 -0.00000000E+00 -0.00000000E+00  5.74815592E-01 -0.00000000E+00
-0.00000000E+00 -4.88069007E-01 -0.00000000E+00 -0.00000000E+00  2.11097885E-01
-4.09383245E+00 -4.09383245E+00 -3.97124875E+00 -0.00000000E+00 -0.00000000E+00
-0.00000000E+00 
 3.38824116E-04 -1.30203200E-03  3.30783060E-03 -8.58671698E-03  2.12722382E-02
-5.78548978E-02  1.51487466E-01 -4.78912617E-01  1.62141104E+00  3.94194658E+00
-1.50959716E+01  6.23124419E+00 -4.72945352E+00  1.43567688E+00 -1.18073339E+00
 9.97985146E-01 -5.16268822E-01 -0.00000000E+00 -0.00000000E+00  1.73415826E-01
-0.00000000E+00 -0.00000000E+00  3.92250053E-01 -0.00000000E+00 -0.00000000E+00
-3.86075734E-04 -0.00000000E+00 -0.00000000E+00  1.34122596E+00 -0.00000000E+00
-0.00000000E+00 -1.42160042E+00  3.47340350E+00  3.47340350E+00  4.43063937E+00
-0.00000000E+00 -0.00000000E+00 -0.00000000E+00 -3.38824116E-04  1.30203200E-03
-3.30783060E-03  8.58671698E-03 -2.12722382E-02  5.78548978E-02 -1.51487466E-01
 4.78912617E-01 -1.62141104E+00 -3.94194658E+00  1.50959716E+01 -6.23124419E+00
 4.72945352E+00 -1.43567688E+00  1.18073339E+00 -9.97985146E-01  5.16268822E-01
-0.00000000E+00 -0.00000000E+00  1.73415826E-01 -0.00000000E+00 -0.00000000E+00
 3.92250053E-01 -0.00000000E+00 -0.00000000E+00 -3.86075732E-04 -0.00000000E+00
-0.00000000E+00  1.34122596E+00 -0.00000000E+00 -0.00000000E+00 -1.42160042E+00
-3.47340350E+00 -3.47340350E+00 -4.43063937E+00 -0.00000000E+00 -0.00000000E+00
-0.00000000E+00 
 0.00000000E+00  0.00000000E+00  0.00000000E+00  0.00000000E+00  0.00000000E+00
 0.00000000E+00  0.00000000E+00  0.00000000E+00  0.00000000E+00  0.00000000E+00
 0.00000000E+00  0.00000000E+00  0.00000000E+00  0.00000000E+00  0.00000000E+00
 0.00000000E+00  0.00000000E+00  2.22372852E-01 -3.20254698E+00  0.00000000E+00
-3.67377182E-01  5.29085575E+00  0.00000000E+00  2.69026492E-01 -3.87443867E+00
 0.00000000E+00 -1.44587329E-01  2.08230326E+00  0.00000000E+00  4.66888716E-02
-6.72399095E-01  0.00000000E+00  0.00000000E+00  0.00000000E+00  0.00000000E+00
 0.00000000E+00  1.26396951E-03 -1.82033090E-02  0.00000000E+00  0.00000000E+00
 0.00000000E+00  0.00000000E+00  0.00000000E+00  0.00000000E+00  0.00000000E+00
 0.00000000E+00  0.00000000E+00  0.00000000E+00  0.00000000E+00  0.00000000E+00
 0.00000000E+00  0.00000000E+00  0.00000000E+00  0.00000000E+00  0.00000000E+00
 2.22372852E-01 -3.20254698E+00  0.00000000E+00 -3.67377182E-01  5.29085575E+00
 0.00000000E+00  2.69026492E-01 -3.87443867E+00  0.00000000E+00 -1.44587329E-01
 2.08230326E+00  0.00000000E+00  4.66888716E-02 -6.72399095E-01  0.00000000E+00
 0.00000000E+00  0.00000000E+00  0.00000000E+00  0.00000000E+00 -1.26396951E-03
 1.82033090E-02 
-0.00000000E+00 -0.00000000E+00 -0.00000000E+00 -0.00000000E+00 -0.00000000E+00
-0.00000000E+00 -0.00000000E+00 -0.00000000E+00 -0.00000000E+00 -0.00000000E+00
-0.00000000E+00 -0.00000000E+00 -0.00000000E+00 -0.00000000E+00 -0.00000000E+00
-0.00000000E+00 -0.00000000E+00 -3.20254698E+00 -2.22372852E-01 -0.00000000E+00
 5.29085575E+00  3.67377182E-01 -0.00000000E+00 -3.87443867E+00 -2.69026492E-01
-0.00000000E+00  2.08230326E+00  1.44587329E-01 -0.00000000E+00 -6.72399095E-01
-4.66888716E-02 -0.00000000E+00 -0.00000000E+00 -0.00000000E+00 -0.00000000E+00
-0.00000000E+00 -1.82033090E-02 -1.26396951E-03 -0.00000000E+00 -0.00000000E+00
-0.00000000E+00 -0.00000000E+00 -0.00000000E+00 -0.00000000E+00 -0.00000000E+00
-0.00000000E+00 -0.00000000E+00 -0.00000000E+00 -0.00000000E+00 -0.00000000E+00
-0.00000000E+00 -0.00000000E+00 -0.00000000E+00 -0.00000000E+00 -0.00000000E+00
-3.20254698E+00 -2.22372852E-01 -0.00000000E+00  5.29085575E+00  3.67377182E-01
-0.00000000E+00 -3.87443867E+00 -2.69026492E-01 -0.00000000E+00  2.08230326E+00
 1.44587329E-01 -0.00000000E+00 -6.72399095E-01 -4.66888716E-02 -0.00000000E+00
-0.00000000E+00 -0.00000000E+00 -0.00000000E+00 -0.00000000E+00  1.82033090E-02
 1.26396951E-03 
-0.00000000E+00 -0.00000000E+00 -0.00000000E+00 -0.00000000E+00 -0.00000000E+00
-0.00000000E+00 -0.00000000E+00 -0.00000000E+00 -0.00000000E+00 -0.00000000E+00
-0.00000000E+00 -0.00000000E+00 -0.00000000E+00 -0.00000000E+00 -0.00000000E+00
-0.00000000E+00 -0.00000000E+00 -2.75717966E-01 -3.38740917E+00 -0.00000000E+00
 4.77258426E-01  5.86349013E+00  1.05408477E-11 -3.93133779E-01 -4.82995356E+00
-0.00000000E+00  2.63955159E-01  3.24289397E+00 -0.00000000E+00 -1.10030340E-01
-1.35180812E+00 -0.00000000E+00 -0.00000000E+00 -0.00000000E+00 -0.00000000E+00
-0.00000000E+00  2.86812538E-03  3.52371460E-02 -0.00000000E+00 -0.00000000E+00
-0.00000000E+00 -0.00000000E+00 -0.00000000E+00 -0.00000000E+00 -0.00000000E+00
-0.00000000E+00 -0.00000000E+00 -0.00000000E+00 -0.00000000E+00 -0.00000000E+00
-0.00000000E+00 -0.00000000E+00 -0.00000000E+00 -0.00000000E+00 -0.00000000E+00
 2.75717966E-01  3.38740917E+00 -0.00000000E+00 -4.77258426E-01 -5.86349013E+00
 1.04224893E-11  3.93133779E-01  4.82995356E+00 -0.00000000E+00 -2.63955159E-01
-3.24289397E+00 -0.00000000E+00  1.10030340E-01  1.35180812E+00 -0.00000000E+00
-0.00000000E+00 -0.00000000E+00 -0.00000000E+00 -0.00000000E+00  2.86812538E-03
 3.52371460E-02 
-0.00000000E+00 -0.00000000E+00 -0.00000000E+00 -0.00000000E+00 -0.00000000E+00
-0.00000000E+00 -0.00000000E+00 -0.00000000E+00 -0.00000000E+00 -0.00000000E+00
-0.00000000E+00 -0.00000000E+00 -0.00000000E+00 -0.00000000E+00 -0.00000000E+00
-0.00000000E+00 -0.00000000E+00  3.38740917E+00 -2.75717966E-01 -0.00000000E+00
-5.86349013E+00  4.77258426E-01 -0.00000000E+00  4.82995356E+00 -3.93133779E-01
-0.00000000E+00 -3.24289397E+00  2.63955159E-01 -0.00000000E+00  1.35180812E+00
-1.10030340E-01 -0.00000000E+00 -0.00000000E+00 -0.00000000E+00 -0.00000000E+00
-0.00000000E+00 -3.52371460E-02  2.86812538E-03 -0.00000000E+00 -0.00000000E+00
-0.00000000E+00 -0.00000000E+00 -0.00000000E+00 -0.00000000E+00 -0.00000000E+00
-0.00000000E+00 -0.00000000E+00 -0.00000000E+00 -0.00000000E+00 -0.00000000E+00
-0.00000000E+00 -0.00000000E+00 -0.00000000E+00 -0.00000000E+00 -0.00000000E+00
-3.38740917E+00  2.75717966E-01 -0.00000000E+00  5.86349013E+00 -4.77258426E-01
-0.00000000E+00 -4.82995356E+00  3.93133779E-01 -0.00000000E+00  3.24289397E+00
-2.63955159E-01 -0.00000000E+00 -1.35180812E+00  1.10030340E-01 -0.00000000E+00
-0.00000000E+00 -0.00000000E+00 -0.00000000E+00 -0.00000000E+00 -3.52371460E-02
 2.86812538E-03 
 7.55654002E-05 -2.84058833E-04  7.27160461E-04 -1.86138795E-03  4.69540410E-03
-1.26022503E-02  3.43092558E-02 -1.09943439E-01  4.24745948E-01  7.96665288E-01
-3.61595722E+00  2.68231472E+00 -2.50589970E+00 -1.61556343E+00  1.20617900E+00
-9.73695906E-01  4.95701081E-01  0.00000000E+00  0.00000000E+00 -3.85674636E+00
 0.00000000E+00  0.00000000E+00  7.73370817E+00  0.00000000E+00  0.00000000E+00
-6.45471488E+00  0.00000000E+00  0.00000000E+00  5.66527148E+00  0.00000000E+00
 0.00000000E+00 -3.19596298E+00  6.50964473E-01  6.50964473E-01  1.58463850E+00
 0.00000000E+00  0.00000000E+00  0.00000000E+00 -7.55654002E-05  2.84058833E-04
-7.27160461E-04  1.86138795E-03 -4.69540410E-03  1.26022503E-02 -3.43092558E-02
 1.09943439E-01 -4.24745948E-01 -7.96665288E-01  3.61595722E+00 -2.68231472E+00
 2.50589970E+00  1.61556343E+00 -1.20617900E+00  9.73695906E-01 -4.95701081E-01
 0.00000000E+00  0.00000000E+00 -3.85674636E+00  0.00000000E+00  0.00000000E+00
 7.73370817E+00  0.00000000E+00  0.00000000E+00 -6.45471488E+00  0.00000000E+00
 0.00000000E+00  5.66527148E+00  0.00000000E+00  0.00000000E+00 -3.19596298E+00
-6.50964473E-01 -6.50964473E-01 -1.58463850E+00  0.00000000E+00  0.00000000E+00
 0.00000000E+00 
-1.09508174E-05  5.08933438E-05 -1.21959708E-04  3.54909887E-04 -7.75054085E-04
 2.42454140E-03 -5.11112247E-03  1.85363146E-02 -2.70360670E-02  7.64880266E-02
-1.66979312E-01  4.11058081E-01 -3.22489792E-01  9.73102937E-02  4.76661065E-03
-1.06124225E-02  4.41908797E-03  0.00000000E+00  0.00000000E+00  3.50205959E+00
 0.00000000E+00  0.00000000E+00 -5.76948460E+00  0.00000000E+00  0.00000000E+00
 4.42489261E+00  0.00000000E+00  0.00000000E+00 -2.77461530E+00  0.00000000E+00
 0.00000000E+00  1.13067532E+00 -7.44807462E-02 -7.44807462E-02 -1.44723783E-02
 0.00000000E+00  0.00000000E+00  0.00000000E+00 -1.09508174E-05  5.08933438E-05
-1.21959708E-04  3.54909887E-04 -7.75054085E-04  2.42454140E-03 -5.11112247E-03
 1.85363146E-02 -2.70360670E-02  7.64880266E-02 -1.66979312E-01  4.11058081E-01
-3.22489792E-01  9.73102937E-02  4.76661064E-03 -1.06124225E-02  4.41908796E-03
 0.00000000E+00  0.00000000E+00 -3.50205959E+00  0.00000000E+00  0.00000000E+00
 5.76948460E+00  0.00000000E+00  0.00000000E+00 -4.42489261E+00  0.00000000E+00
 0.00000000E+00  2.77461530E+00  0.00000000E+00  0.00000000E+00 -1.13067532E+00
-7.44807462E-02 -7.44807462E-02 -1.44723783E-02  0.00000000E+00  0.00000000E+00
 0.00000000E+00 
-9.16411989E-04  3.24051796E-03 -8.47623183E-03  2.08188530E-02 -5.51778064E-02
 1.41050600E-01 -4.16321678E-01  1.25578447E+00 -5.48974047E+00 -5.14356319E-01
 1.56155519E+01 -5.46857713E+00  4.07069102E+00 -8.79672496E-01  7.44976588E-01
-6.38682305E-01  3.32157607E-01  0.00000000E+00  0.00000000E+00  1.43882021E-01
 0.00000000E+00  0.00000000E+00 -5.19066432E-01  0.00000000E+00  0.00000000E+00
 9.89192457E-01  0.00000000E+00  0.00000000E+00 -1.91272182E+00  0.00000000E+00
 0.00000000E+00  1.58821679E+00 -4.33090026E+00 -4.33090026E+00 -4.43762837E+00
 0.00000000E+00  0.00000000E+00  0.00000000E+00  9.16411989E-04 -3.24051796E-03
 8.47623183E-03 -2.08188530E-02  5.51778064E-02 -1.41050600E-01  4.16321678E-01
-1.25578447E+00  5.48974047E+00  5.14356319E-01 -1.56155519E+01  5.46857713E+00
-4.07069102E+00  8.79672496E-01 -7.44976588E-01  6.38682305E-01 -3.32157607E-01
 0.00000000E+00  0.00000000E+00  1.43882021E-01  0.00000000E+00  0.00000000E+00
-5.19066432E-01  0.00000000E+00  0.00000000E+00  9.89192457E-01  0.00000000E+00
 0.00000000E+00 -1.91272182E+00  0.00000000E+00  0.00000000E+00  1.58821679E+00
 4.33090026E+00  4.33090026E+00  4.43762837E+00  0.00000000E+00  0.00000000E+00
 0.00000000E+00 
-9.67883223E-04  3.43101723E-03 -8.96644119E-03  2.20597894E-02 -5.83348775E-02
 1.49315691E-01 -4.38188364E-01  1.31380170E+00 -5.58350896E+00  1.87349825E-01
 1.36687406E+01 -3.44149428E+00  1.41699697E+00 -7.01353750E-01  3.83950971E-01
-2.04255786E-01  6.92938606E-02  0.00000000E+00  0.00000000E+00  1.75579817E-01
 0.00000000E+00  0.00000000E+00 -2.76248821E-01  0.00000000E+00  0.00000000E+00
 1.40984056E-01  0.00000000E+00  0.00000000E+00 -1.95418084E-02  0.00000000E+00
 0.00000000E+00  2.91192869E-03 -4.08842647E+00 -4.08842647E+00 -4.03839395E+00
 0.00000000E+00  0.00000000E+00  0.00000000E+00 -9.67883223E-04  3.43101723E-03
-8.96644119E-03  2.20597894E-02 -5.83348775E-02  1.49315691E-01 -4.38188364E-01
 1.31380170E+00 -5.58350896E+00  1.87349825E-01  1.36687406E+01 -3.44149428E+00
 1.41699697E+00 -7.01353750E-01  3.83950971E-01 -2.04255786E-01  6.92938606E-02
 0.00000000E+00  0.00000000E+00 -1.75579817E-01  0.00000000E+00  0.00000000E+00
 2.76248821E-01  0.00000000E+00  0.00000000E+00 -1.40984056E-01  0.00000000E+00
 0.00000000E+00  1.95418085E-02  0.00000000E+00  0.00000000E+00 -2.91192875E-03
-4.08842647E+00 -4.08842647E+00 -4.03839395E+00  0.00000000E+00  0.00000000E+00
 0.00000000E+00 
-2.34602097E-03  8.80774724E-03 -2.26437941E-02  5.83140295E-02 -1.49817049E-01
 4.15851923E-01 -1.20967416E+00  4.33455034E+00 -7.61388152E+00  2.00429085E+00
 9.04363963E+00 -2.21483460E+00  9.20136529E-01 -4.59584937E-01  2.52739551E-01
-1.34852264E-01  4.58112783E-02 -0.00000000E+00 -0.00000000E+00  7.46498413E-02
-0.00000000E+00 -0.00000000E+00 -1.17653656E-01 -0.00000000E+00 -0.00000000E+00
 4.77699558E-02 -0.00000000E+00 -0.00000000E+00  1.27607586E-02 -0.00000000E+00
-0.00000000E+00 -8.29804814E-03 -2.90381837E+00 -2.90381837E+00 -2.87561432E+00
-0.00000000E+00 -0.00000000E+00 -0.00000000E+00 -2.34602097E-03  8.80774724E-03
-2.26437941E-02  5.83140295E-02 -1.49817049E-01  4.15851923E-01 -1.20967416E+00
 4.33455034E+00 -7.61388152E+00  2.00429085E+00  9.04363963E+00 -2.21483460E+00
 9.20136529E-01 -4.59584937E-01  2.52739551E-01 -1.34852264E-01  4.58112783E-02
-0.00000000E+00 -0.00000000E+00 -7.46498413E-02 -0.00000000E+00 -0.00000000E+00
 1.17653656E-01 -0.00000000E+00 -0.00000000E+00 -4.77699558E-02 -0.00000000E+00
-0.00000000E+00 -1.27607586E-02 -0.00000000E+00 -0.00000000E+00  8.29804814E-03
-2.90381837E+00 -2.90381837E+00 -2.87561432E+00 -0.00000000E+00 -0.00000000E+00
-0.00000000E+00 
 2.29173625E-03 -8.60991962E-03  2.21327917E-02 -5.70390667E-02  1.46572305E-01
-4.07787033E-01  1.19057201E+00 -4.31748993E+00  7.61330662E+00 -1.62310752E+00
-1.02232865E+01  3.46510451E+00 -2.60985891E+00  5.76933404E-01 -4.90829348E-01
 4.21870965E-01 -2.19654121E-01  0.00000000E+00  0.00000000E+00 -7.85521567E-02
 0.00000000E+00  0.00000000E+00  2.86282841E-01  0.00000000E+00  0.00000000E+00
-5.93713066E-01  0.00000000E+00  0.00000000E+00  1.19154682E+00  0.00000000E+00
 0.00000000E+00 -1.00802433E+00  3.05895784E+00  3.05895784E+00  3.10975204E+00
 0.00000000E+00  0.00000000E+00  0.00000000E+00 -2.29173625E-03  8.60991962E-03
-2.21327917E-02  5.70390667E-02 -1.46572305E-01  4.07787033E-01 -1.19057201E+00
 4.31748993E+00 -7.61330662E+00  1.62310752E+00  1.02232865E+01 -3.46510451E+00
 2.60985891E+00 -5.76933404E-01  4.90829348E-01 -4.21870965E-01  2.19654121E-01
 0.00000000E+00  0.00000000E+00 -7.85521567E-02  0.00000000E+00  0.00000000E+00
 2.86282841E-01  0.00000000E+00  0.00000000E+00 -5.93713066E-01  0.00000000E+00
 0.00000000E+00  1.19154682E+00  0.00000000E+00  0.00000000E+00 -1.00802433E+00
-3.05895784E+00 -3.05895784E+00 -3.10975204E+00  0.00000000E+00  0.00000000E+00
 0.00000000E+00 
 6.41832450E-03 -2.32063786E-02  6.08264066E-02 -1.54298617E-01  4.20154658E-01
-1.18361296E+00  3.94586325E+00 -5.74909935E+00  5.99718534E+00 -1.57144484E+00
-5.52848960E+00  1.36553120E+00 -5.74443837E-01  2.89153493E-01 -1.59621854E-01
 8.53385346E-02 -2.90155739E-02 -0.00000000E+00 -0.00000000E+00 -4.02252704E-02
-0.00000000E+00 -0.00000000E+00  6.43176869E-02 -0.00000000E+00 -0.00000000E+00
-2.37910922E-02 -0.00000000E+00 -0.00000000E+00 -1.16750557E-02 -0.00000000E+00
-0.00000000E+00  6.75631777E-03  1.79444758E+00  1.79444758E+00  1.77728503E+00
-0.00000000E+00 -0.00000000E+00 -0.00000000E+00  6.41832450E-03 -2.32063786E-02
 6.08264066E-02 -1.54298617E-01  4.20154658E-01 -1.18361296E+00  3.94586325E+00
-5.74909935E+00  5.99718534E+00 -1.57144484E+00 -5.52848960E+00  1.36553120E+00
-5.74443837E-01  2.89153493E-01 -1.59621854E-01  8.53385346E-02 -2.90155739E-02
-0.00000000E+00 -0.00000000E+00  4.02252704E-02 -0.00000000E+00 -0.00000000E+00
-6.43176869E-02 -0.00000000E+00 -0.00000000E+00  2.37910921E-02 -0.00000000E+00
-0.00000000E+00  1.16750557E-02 -0.00000000E+00 -0.00000000E+00 -6.75631778E-03
 1.79444758E+00  1.79444758E+00  1.77728503E+00 -0.00000000E+00 -0.00000000E+00
-0.00000000E+00 
 6.39792337E-03 -2.31320385E-02  6.06390297E-02 -1.53855829E-01  4.19237241E-01
-1.18283264E+00  3.95915182E+00 -5.80355058E+00  6.09321296E+00 -1.36428056E+00
-6.35727992E+00  2.17648337E+00 -1.66427823E+00  3.67888759E-01 -3.14290185E-01
 2.70677384E-01 -1.41047451E-01  0.00000000E+00  0.00000000E+00 -4.86050719E-02
 0.00000000E+00  0.00000000E+00  1.75276592E-01  0.00000000E+00  0.00000000E+00
-3.70333109E-01  0.00000000E+00  0.00000000E+00  7.55071648E-01  0.00000000E+00
 0.00000000E+00 -6.44315094E-01  1.92240544E+00  1.92240544E+00  1.95259760E+00
 0.00000000E+00  0.00000000E+00  0.00000000E+00 -6.39792337E-03  2.31320385E-02
-6.06390297E-02  1.53855829E-01 -4.19237241E-01  1.18283264E+00 -3.95915182E+00
 5.80355058E+00 -6.09321296E+00  1.36428056E+00  6.35727992E+00 -2.17648337E+00
 1.66427823E+00 -3.67888759E-01  3.14290185E-01 -2.70677384E-01  1.41047451E-01
 0.00000000E+00  0.00000000E+00 -4.86050719E-02  0.00000000E+00  0.00000000E+00
 1.75276592E-01  0.00000000E+00  0.00000000E+00 -3.70333109E-01  0.00000000E+00
 0.00000000E+00  7.55071648E-01  0.00000000E+00  0.00000000E+00 -6.44315094E-01
-1.92240544E+00 -1.92240544E+00 -1.95259760E+00  0.00000000E+00  0.00000000E+00
 0.00000000E+00 
 1.64569911E-02 -6.15309057E-02  1.61795639E-01 -4.30672507E-01  1.21035746E+00
-3.81279075E+00  5.15188901E+00 -4.50502712E+00  3.83482573E+00 -9.59902598E-01
-3.39164038E+00  8.47177471E-01 -3.59273059E-01  1.81631950E-01 -1.00471825E-01
 5.37698327E-02 -1.82898136E-02 -0.00000000E+00 -0.00000000E+00 -2.36631288E-02
-0.00000000E+00 -0.00000000E+00  3.82275443E-02 -0.00000000E+00 -0.00000000E+00
-1.36194409E-02 -0.00000000E+00 -0.00000000E+00 -8.14239911E-03 -0.00000000E+00
-0.00000000E+00  4.60384755E-03  1.09516605E+00  1.09516605E+00  1.08446132E+00
-0.00000000E+00 -0.00000000E+00 -0.00000000E+00  1.64569911E-02 -6.15309057E-02
 1.61795639E-01 -4.30672507E-01  1.21035746E+00 -3.81279075E+00  5.15188901E+00
-4.50502712E+00  3.83482573E+00 -9.59902598E-01 -3.39164038E+00  8.47177471E-01
-3.59273059E-01  1.81631950E-01 -1.00471825E-01  5.37698326E-02 -1.82898135E-02
-0.00000000E+00 -0.00000000E+00  2.36631288E-02 -0.00000000E+00 -0.00000000E+00
-3.82275443E-02 -0.00000000E+00 -0.00000000E+00  1.36194409E-02 -0.00000000E+00
-0.00000000E+00  8.14239915E-03 -0.00000000E+00 -0.00000000E+00 -4.60384758E-03
 1.09516605E+00  1.09516605E+00  1.08446132E+00 -0.00000000E+00 -0.00000000E+00
-0.00000000E+00 
-1.64483201E-02  6.15010752E-02 -1.61731395E-01  4.30602020E-01 -1.21084141E+00
 3.81968971E+00 -5.17734801E+00  4.55355529E+00 -3.90011878E+00  8.33723150E-01
 3.90285851E+00 -1.35320235E+00  1.04468106E+00 -2.30193029E-01  1.97135143E-01
-1.69970884E-01  8.86092380E-02 -0.00000000E+00 -0.00000000E+00  3.04499756E-02
-0.00000000E+00 -0.00000000E+00 -1.08852256E-01 -0.00000000E+00 -0.00000000E+00
 2.30790918E-01 -0.00000000E+00 -0.00000000E+00 -4.73625665E-01 -0.00000000E+00
-0.00000000E+00  4.05691091E-01 -1.17371414E+00 -1.17371414E+00 -1.19237647E+00
-0.00000000E+00 -0.00000000E+00 -0.00000000E+00  1.64483201E-02 -6.15010752E-02
 1.61731395E-01 -4.30602020E-01  1.21084141E+00 -3.81968971E+00  5.17734801E+00
-4.55355529E+00  3.90011878E+00 -8.33723150E-01 -3.90285851E+00  1.35320235E+00
-1.04468106E+00  2.30193029E-01 -1.97135143E-01  1.69970884E-01 -8.86092380E-02
-0.00000000E+00 -0.00000000E+00  3.04499756E-02 -0.00000000E+00 -0.00000000E+00
-1.08852256E-01 -0.00000000E+00 -0.00000000E+00  2.30790918E-01 -0.00000000E+00
-0.00000000E+00 -4.73625665E-01 -0.00000000E+00 -0.00000000E+00  4.05691091E-01
 1.17371414E+00  1.17371414E+00  1.19237647E+00 -0.00000000E+00 -0.00000000E+00
-0.00000000E+00 
-4.43859997E-02  1.64358060E-01 -4.47298484E-01  1.23635648E+00 -3.81867958E+00
 4.95871878E+00 -4.02298242E+00  2.88398416E+00 -2.34328618E+00  5.71429953E-01
 2.10099603E+00 -5.28558624E-01  2.25110556E-01 -1.14050214E-01  6.31499432E-02
-3.38121881E-02  1.15034664E-02  0.00000000E+00  0.00000000E+00  1.44297300E-02
 0.00000000E+00  0.00000000E+00 -2.34423375E-02  0.00000000E+00  0.00000000E+00
 8.21819553E-03  0.00000000E+00  0.00000000E+00  5.32651476E-03  0.00000000E+00
 0.00000000E+00 -2.98950070E-03 -6.74684287E-01 -6.74684287E-01 -6.67969037E-01
 0.00000000E+00  0.00000000E+00  0.00000000E+00 -4.43859997E-02  1.64358060E-01
-4.47298484E-01  1.23635648E+00 -3.81867958E+00  4.95871878E+00 -4.02298242E+00
 2.88398416E+00 -2.34328618E+00  5.71429953E-01  2.10099603E+00 -5.28558624E-01
 2.25110556E-01 -1.14050214E-01  6.31499432E-02 -3.38121881E-02  1.15034664E-02
 0.00000000E+00  0.00000000E+00 -1.44297300E-02  0.00000000E+00  0.00000000E+00
 2.34423375E-02  0.00000000E+00  0.00000000E+00 -8.21819553E-03  0.00000000E+00
 0.00000000E+00 -5.32651477E-03  0.00000000E+00  0.00000000E+00  2.98950071E-03
-6.74684287E-01 -6.74684287E-01 -6.67969037E-01  0.00000000E+00  0.00000000E+00
 0.00000000E+00 
 4.43826608E-02 -1.64350320E-01  4.47314933E-01 -1.23665813E+00  3.82160886E+00
-4.96884187E+00  4.04301036E+00 -2.91398450E+00  2.38056026E+00 -4.91958675E-01
-2.41469908E+00  8.43990608E-01 -6.54845786E-01  1.43928519E-01 -1.23412452E-01
 1.06466779E-01 -5.55152222E-02  0.00000000E+00  0.00000000E+00 -1.91555834E-02
 0.00000000E+00  0.00000000E+00  6.81034659E-02  0.00000000E+00  0.00000000E+00
-1.44373853E-01  0.00000000E+00  0.00000000E+00  2.97021875E-01  0.00000000E+00
 0.00000000E+00 -2.54823056E-01  7.22001342E-01  7.22001342E-01  7.33672698E-01
 0.00000000E+00  0.00000000E+00  0.00000000E+00 -4.43826608E-02  1.64350320E-01
-4.47314933E-01  1.23665813E+00 -3.82160886E+00  4.96884187E+00 -4.04301036E+00
 2.91398450E+00 -2.38056026E+00  4.91958675E-01  2.41469908E+00 -8.43990608E-01
 6.54845786E-01 -1.43928519E-01  1.23412452E-01 -1.06466779E-01  5.55152222E-02
 0.00000000E+00  0.00000000E+00 -1.91555834E-02  0.00000000E+00  0.00000000E+00
 6.81034659E-02  0.00000000E+00  0.00000000E+00 -1.44373853E-01  0.00000000E+00
 0.00000000E+00  2.97021875E-01  0.00000000E+00  0.00000000E+00 -2.54823056E-01
-7.22001342E-01 -7.22001342E-01 -7.33672698E-01  0.00000000E+00  0.00000000E+00
 0.00000000E+00 
 1.16685258E-01 -4.49035582E-01  1.27968248E+00 -3.85085885E+00  4.93482590E+00
-3.88225098E+00  2.58088930E+00 -1.76755602E+00  1.43883939E+00 -3.46277570E-01
-1.31218993E+00  3.31380638E-01 -1.41429657E-01  7.17266729E-02 -3.97331246E-02
 2.12787496E-02 -7.24001572E-03 -0.00000000E+00 -0.00000000E+00 -8.95500475E-03
-0.00000000E+00 -0.00000000E+00  1.45887605E-02 -0.00000000E+00 -0.00000000E+00
-5.07734071E-03 -0.00000000E+00 -0.00000000E+00 -3.41059590E-03 -0.00000000E+00
-0.00000000E+00  1.90875377E-03  4.19936013E-01  4.19936013E-01  4.15711543E-01
-0.00000000E+00 -0.00000000E+00 -0.00000000E+00  1.16685258E-01 -4.49035582E-01
 1.27968248E+00 -3.85085885E+00  4.93482590E+00 -3.88225099E+00  2.58088930E+00
-1.76755602E+00  1.43883939E+00 -3.46277570E-01 -1.31218993E+00  3.31380638E-01
-1.41429657E-01  7.17266730E-02 -3.97331246E-02  2.12787497E-02 -7.24001574E-03
-0.00000000E+00 -0.00000000E+00  8.95500476E-03 -0.00000000E+00 -0.00000000E+00
-1.45887605E-02 -0.00000000E+00 -0.00000000E+00  5.07734077E-03 -0.00000000E+00
-0.00000000E+00  3.41059577E-03 -0.00000000E+00 -0.00000000E+00 -1.90875366E-03
 4.19936013E-01  4.19936013E-01  4.15711543E-01 -0.00000000E+00 -0.00000000E+00
-0.00000000E+00 
 1.16685783E-01 -4.49050492E-01  1.27982572E+00 -3.85205000E+00  4.93886289E+00
-3.89016162E+00  2.59340506E+00 -1.78520243E+00  1.46039639E+00 -2.96017471E-01
-1.50674062E+00  5.28916733E-01 -4.11393415E-01  9.02825780E-02 -7.74599533E-02
 6.68419267E-02 -3.48570626E-02  0.00000000E+00  0.00000000E+00 -1.20732027E-02
 0.00000000E+00  0.00000000E+00  4.27941217E-02  0.00000000E+00  0.00000000E+00
-9.06589815E-02  0.00000000E+00  0.00000000E+00  1.86688140E-01  0.00000000E+00
 0.00000000E+00 -1.60269772E-01  4.48908359E-01  4.48908359E-01  4.56244117E-01
 0.00000000E+00  0.00000000E+00  0.00000000E+00 -1.16685783E-01  4.49050492E-01
-1.27982572E+00  3.85205000E+00 -4.93886289E+00  3.89016162E+00 -2.59340506E+00
 1.78520242E+00 -1.46039639E+00  2.96017471E-01  1.50674062E+00 -5.28916733E-01
 4.11393415E-01 -9.02825780E-02  7.74599533E-02 -6.68419267E-02  3.48570626E-02
 0.00000000E+00  0.00000000E+00 -1.20732027E-02  0.00000000E+00  0.00000000E+00
 4.27941217E-02  0.00000000E+00  0.00000000E+00 -9.06589815E-02  0.00000000E+00
 0.00000000E+00  1.86688140E-01  0.00000000E+00  0.00000000E+00 -1.60269772E-01
-4.48908359E-01 -4.48908359E-01 -4.56244116E-01  0.00000000E+00  0.00000000E+00
 0.00000000E+00 
-3.24540191E-01  1.28767480E+00 -3.93723076E+00  4.99686920E+00 -3.87435782E+00
 2.50260967E+00 -1.58810000E+00  1.08941629E+00 -8.94691878E-01  2.13931333E-01
 8.24966282E-01 -2.08734642E-01  8.91742683E-02 -4.52462372E-02  2.50693205E-02
-1.34269520E-02  4.56864709E-03  0.00000000E+00  0.00000000E+00  5.61503007E-03
 0.00000000E+00  0.00000000E+00 -9.15965285E-03  0.00000000E+00  0.00000000E+00
 3.17735915E-03  0.00000000E+00  0.00000000E+00  2.16897377E-03  0.00000000E+00
 0.00000000E+00 -1.21244654E-03 -2.63528693E-01 -2.63528693E-01 -2.60862824E-01
 0.00000000E+00  0.00000000E+00  0.00000000E+00 -3.24540192E-01  1.28767481E+00
-3.93723077E+00  4.99686922E+00 -3.87435783E+00  2.50260968E+00 -1.58810001E+00
 1.08941630E+00 -8.94691881E-01  2.13931333E-01  8.24966286E-01 -2.08734643E-01
 8.91742693E-02 -4.52462374E-02  2.50693207E-02 -1.34269521E-02  4.56864718E-03
 0.00000000E+00  0.00000000E+00 -5.61503010E-03  0.00000000E+00  0.00000000E+00
 9.15965296E-03  0.00000000E+00  0.00000000E+00 -3.17735937E-03  0.00000000E+00
 0.00000000E+00 -2.16897330E-03  0.00000000E+00  0.00000000E+00  1.21244614E-03
-2.63528694E-01 -2.63528694E-01 -2.60862825E-01  0.00000000E+00  0.00000000E+00
 0.00000000E+00 
-3.24547215E-01  1.28773779E+00 -3.93772388E+00  4.99849024E+00 -3.87753026E+00
 2.50763293E+00 -1.59564240E+00  1.10000509E+00 -9.07612992E-01  1.82110630E-01
 9.46795837E-01 -3.33073221E-01  2.59367369E-01 -5.68732478E-02  4.88094414E-02
-4.21240108E-02  2.19680582E-02 -0.00000000E+00 -0.00000000E+00  7.62722486E-03
-0.00000000E+00 -0.00000000E+00 -2.69931459E-02 -0.00000000E+00 -0.00000000E+00
 5.71551049E-02 -0.00000000E+00 -0.00000000E+00 -1.17736650E-01 -0.00000000E+00
-0.00000000E+00  1.01102934E-01 -2.81543166E-01 -2.81543166E-01 -2.86171456E-01
-0.00000000E+00 -0.00000000E+00 -0.00000000E+00  3.24547214E-01 -1.28773779E+00
 3.93772386E+00 -4.99849022E+00  3.87753025E+00 -2.50763292E+00  1.59564240E+00
-1.10000508E+00  9.07612989E-01 -1.82110629E-01 -9.46795833E-01  3.33073220E-01
-2.59367369E-01  5.68732477E-02 -4.88094413E-02  4.21240107E-02 -2.19680582E-02
-0.00000000E+00 -0.00000000E+00  7.62722484E-03 -0.00000000E+00 -0.00000000E+00
-2.69931458E-02 -0.00000000E+00 -0.00000000E+00  5.71551049E-02 -0.00000000E+00
-0.00000000E+00 -1.17736650E-01 -0.00000000E+00 -0.00000000E+00  1.01102934E-01
 2.81543165E-01  2.81543165E-01  2.86171455E-01 -0.00000000E+00 -0.00000000E+00
-0.00000000E+00 
 9.47816356E-01 -3.97608248E+00  5.14367265E+00 -3.95396452E+00  2.50839953E+00
-1.54567071E+00  9.82028715E-01 -6.79503304E-01  5.61698628E-01 -1.33891598E-01
-5.21048366E-01  1.31957626E-01 -5.64001770E-02  2.86230430E-02 -1.58604453E-02
 8.49510334E-03 -2.89058826E-03  0.00000000E+00  0.00000000E+00 -3.54247068E-03
 0.00000000E+00  0.00000000E+00  5.78229411E-03  0.00000000E+00  0.00000000E+00
-2.00281951E-03  0.00000000E+00  0.00000000E+00 -1.37716799E-03  0.00000000E+00
 0.00000000E+00  7.69444349E-04  1.66292225E-01  1.66292225E-01  1.64605341E-01
 0.00000000E+00  0.00000000E+00  0.00000000E+00  9.47816368E-01 -3.97608253E+00
 5.14367271E+00 -3.95396457E+00  2.50839956E+00 -1.54567073E+00  9.82028727E-01
-6.79503313E-01  5.61698635E-01 -1.33891599E-01 -5.21048373E-01  1.31957629E-01
-5.64001790E-02  2.86230434E-02 -1.58604457E-02  8.49510367E-03 -2.89058843E-03
 0.00000000E+00  0.00000000E+00  3.54247074E-03  0.00000000E+00  0.00000000E+00
-5.78229432E-03  0.00000000E+00  0.00000000E+00  2.00281996E-03  0.00000000E+00
 0.00000000E+00  1.37716708E-03  0.00000000E+00  0.00000000E+00 -7.69443561E-04
 1.66292227E-01  1.66292227E-01  1.64605343E-01  0.00000000E+00  0.00000000E+00
 0.00000000E+00 
 9.47840250E-01 -3.97628960E+00  5.14434402E+00 -3.95525307E+00  2.51043695E+00
-1.54873921E+00  9.86636346E-01 -6.86011463E-01  5.69652094E-01 -1.13721472E-01
-5.97839375E-01  2.10531833E-01 -1.64031948E-01  3.59536020E-02 -3.08599230E-02
 2.66345613E-02 -1.38904606E-02  0.00000000E+00  0.00000000E+00 -4.82911986E-03
 0.00000000E+00  0.00000000E+00  1.70774042E-02  0.00000000E+00  0.00000000E+00
-3.61483777E-02  0.00000000E+00  0.00000000E+00  7.44734367E-02  0.00000000E+00
 0.00000000E+00 -6.39590522E-02  1.77605892E-01  1.77605892E-01  1.80534467E-01
 0.00000000E+00  0.00000000E+00  0.00000000E+00 -9.47840239E-01  3.97628955E+00
-5.14434396E+00  3.95525302E+00 -2.51043692E+00  1.54873919E+00 -9.86636334E-01
 6.86011454E-01 -5.69652087E-01  1.13721470E-01  5.97839369E-01 -2.10531831E-01
 1.64031948E-01 -3.59536017E-02  3.08599228E-02 -2.66345612E-02  1.38904606E-02
 0.00000000E+00  0.00000000E+00 -4.82911981E-03  0.00000000E+00  0.00000000E+00
 1.70774042E-02  0.00000000E+00  0.00000000E+00 -3.61483776E-02  0.00000000E+00
 0.00000000E+00  7.44734368E-02  0.00000000E+00  0.00000000E+00 -6.39590522E-02
-1.77605890E-01 -1.77605890E-01 -1.80534465E-01  0.00000000E+00  0.00000000E+00
 0.00000000E+00 
-3.28472412E+00  5.45515960E+00 -4.12947714E+00  2.57041469E+00 -1.54835081E+00
 9.53916182E-01 -6.11119534E-01  4.25555689E-01 -3.53092483E-01  8.40428748E-02
 3.28540005E-01 -8.32400654E-02  3.55853335E-02 -1.80612723E-02  1.00084220E-02
-5.36076902E-03  1.82409703E-03  0.00000000E+00  0.00000000E+00  2.23258407E-03
 0.00000000E+00  0.00000000E+00 -3.64522691E-03  0.00000000E+00  0.00000000E+00
 1.26175634E-03  0.00000000E+00  0.00000000E+00  8.70454098E-04  0.00000000E+00
 0.00000000E+00 -4.86229773E-04 -1.04806885E-01 -1.04806885E-01 -1.03742296E-01
 0.00000000E+00  0.00000000E+00  0.00000000E+00 -3.28472414E+00  5.45515963E+00
-4.12947716E+00  2.57041470E+00 -1.54835081E+00  9.53916186E-01 -6.11119537E-01
 4.25555691E-01 -3.53092485E-01  8.40428751E-02  3.28540006E-01 -8.32400660E-02
 3.55853340E-02 -1.80612724E-02  1.00084221E-02 -5.36076909E-03  1.82409707E-03
 0.00000000E+00  0.00000000E+00 -2.23258408E-03  0.00000000E+00  0.00000000E+00
 3.64522696E-03  0.00000000E+00  0.00000000E+00 -1.26175644E-03  0.00000000E+00
 0.00000000E+00 -8.70453894E-04  0.00000000E+00  0.00000000E+00  4.86229598E-04
-1.04806885E-01 -1.04806885E-01 -1.03742296E-01  0.00000000E+00  0.00000000E+00
 0.00000000E+00 
-3.28481019E+00  5.45545457E+00 -4.13001974E+00  2.57124885E+00 -1.54960066E+00
 9.55798245E-01 -6.13968840E-01  4.29601293E-01 -3.58042774E-01  7.13025293E-02
 3.76911057E-01 -1.32795811E-01  1.03491176E-01 -2.26793278E-02  1.94674281E-02
-1.68023726E-02  8.76285960E-03  0.00000000E+00  0.00000000E+00  3.04855258E-03
 0.00000000E+00  0.00000000E+00 -1.07767410E-02  0.00000000E+00  0.00000000E+00
 2.28077439E-02  0.00000000E+00  0.00000000E+00 -4.69911346E-02  0.00000000E+00
 0.00000000E+00  4.03586769E-02 -1.11920767E-01 -1.11920767E-01 -1.13769010E-01
 0.00000000E+00  0.00000000E+00  0.00000000E+00  3.28481018E+00 -5.45545454E+00
 4.13001972E+00 -2.57124884E+00  1.54960065E+00 -9.55798241E-01  6.13968837E-01
-4.29601291E-01  3.58042773E-01 -7.13025290E-02 -3.76911056E-01  1.32795811E-01
-1.03491176E-01  2.26793277E-02 -1.94674280E-02  1.68023726E-02 -8.76285959E-03
 0.00000000E+00  0.00000000E+00  3.04855257E-03  0.00000000E+00  0.00000000E+00
-1.07767410E-02  0.00000000E+00  0.00000000E+00  2.28077439E-02  0.00000000E+00
 0.00000000E+00 -4.69911346E-02  0.00000000E+00  0.00000000E+00  4.03586769E-02
 1.11920766E-01  1.11920766E-01  1.13769010E-01  0.00000000E+00  0.00000000E+00
 0.00000000E+00
