 5.96155718E-01  4.47116994E-01 -0.00000000E+00 -0.00000000E+00 -0.00000000E+00
-4.82220471E-03 -0.00000000E+00 -0.00000000E+00 -0.00000000E+00 -5.64265680E-03
-0.00000000E+00 -0.00000000E+00 -0.00000000E+00  8.25667099E-04 -0.00000000E+00
-0.00000000E+00 -0.00000000E+00  1.10181778E-03  1.10181778E-03  1.10181778E-03
-0.00000000E+00 -0.00000000E+00 -0.00000000E+00  2.60163947E-03  2.60163947E-03
 2.60163947E-03 -0.00000000E+00 -0.00000000E+00 -0.00000000E+00 
-1.11018967E-01 -1.75838913E-01 -0.00000000E+00 -0.00000000E+00 -0.00000000E+00
 5.58705833E-01 -0.00000000E+00 -0.00000000E+00 -0.00000000E+00  4.61552061E-01
-0.00000000E+00 -0.00000000E+00 -0.00000000E+00  2.98734445E-02 -0.00000000E+00
-0.00000000E+00 -0.00000000E+00  1.16139567E-02  1.16139567E-02  1.16139567E-02
-0.00000000E+00 -0.00000000E+00 -0.00000000E+00  1.44990186E-02  1.44990186E-02
 1.44990186E-02 -0.00000000E+00 -0.00000000E+00 -0.00000000E+00 
 0.00000000E+00  0.00000000E+00 -4.28802743E-02 -2.86967292E-02  5.57452847E-02
 0.00000000E+00 -1.12567307E-01 -7.53333224E-02  1.46339936E-01  0.00000000E+00
-8.53951891E-04 -5.71489491E-04  1.11015594E-03  0.00000000E+00 -5.07110149E-01
-3.39372890E-01  6.59254170E-01  0.00000000E+00  0.00000000E+00  0.00000000E+00
 0.00000000E+00  0.00000000E+00  0.00000000E+00  0.00000000E+00  0.00000000E+00
 0.00000000E+00  0.00000000E+00  0.00000000E+00  0.00000000E+00 
-0.00000000E+00 -0.00000000E+00 -4.66811905E-02  5.96977910E-02 -5.17659767E-03
-0.00000000E+00 -1.22545296E-01  1.56715872E-01 -1.35893641E-02 -0.00000000E+00
-9.29646359E-04  1.18886930E-03 -1.03090884E-04 -0.00000000E+00 -5.52060495E-01
 7.05997250E-01 -6.12194128E-02 -0.00000000E+00 -0.00000000E+00 -0.00000000E+00
-0.00000000E+00 -0.00000000E+00 -0.00000000E+00 -0.00000000E+00 -0.00000000E+00
-0.00000000E+00 -0.00000000E+00 -0.00000000E+00 -0.00000000E+00 
-0.00000000E+00 -0.00000000E+00  4.18557701E-02  3.71810226E-02  5.13363714E-02
-0.00000000E+00  1.09877826E-01  9.76058959E-02  1.34765861E-01 -0.00000000E+00
 8.33549099E-04  7.40452459E-04  1.02235333E-03 -0.00000000E+00  4.94994171E-01
 4.39709732E-01  6.07113536E-01 -0.00000000E+00 -0.00000000E+00 -0.00000000E+00
-0.00000000E+00 -0.00000000E+00 -0.00000000E+00 -0.00000000E+00 -0.00000000E+00
-0.00000000E+00 -0.00000000E+00 -0.00000000E+00 -0.00000000E+00 
-2.67877885E-02 -7.88756730E-02  0.00000000E+00  0.00000000E+00  0.00000000E+00
-5.54128578E-01  0.00000000E+00  0.00000000E+00  0.00000000E+00  3.01400461E+00
 0.00000000E+00  0.00000000E+00  0.00000000E+00 -2.19923422E+00  0.00000000E+00
 0.00000000E+00  0.00000000E+00 -2.36398550E-02 -2.36398550E-02 -2.36398550E-02
 0.00000000E+00  0.00000000E+00  0.00000000E+00 -3.81680311E-01 -3.81680311E-01
-3.81680311E-01  0.00000000E+00  0.00000000E+00  0.00000000E+00 
-0.00000000E+00 -0.00000000E+00  1.41697511E-01 -9.46544609E-02  3.43021865E-02
-0.00000000E+00  7.48142927E-02 -4.99762241E-02  1.81110720E-02 -0.00000000E+00
 1.01430066E+00 -6.77556592E-01  2.45542284E-01 -0.00000000E+00 -9.47276220E-01
 6.32784017E-01 -2.29316982E-01 -0.00000000E+00 -0.00000000E+00 -0.00000000E+00
-0.00000000E+00 -0.00000000E+00 -0.00000000E+00 -0.00000000E+00 -0.00000000E+00
-0.00000000E+00 -0.00000000E+00 -0.00000000E+00 -0.00000000E+00 
 0.00000000E+00  0.00000000E+00  2.49551135E-02  9.03962222E-02  1.46355925E-01
 0.00000000E+00  1.31759490E-02  4.77279340E-02  7.72738700E-02  0.00000000E+00
 1.78633965E-01  6.47075222E-01  1.04764657E+00  0.00000000E+00 -1.66829929E-01
-6.04316839E-01 -9.78418653E-01  0.00000000E+00  0.00000000E+00  0.00000000E+00
 0.00000000E+00  0.00000000E+00  0.00000000E+00  0.00000000E+00  0.00000000E+00
 0.00000000E+00  0.00000000E+00  0.00000000E+00  0.00000000E+00 
 0.00000000E+00  0.00000000E+00  9.75363998E-02  1.14382461E-01 -8.72788330E-02
 0.00000000E+00  5.14978473E-02  6.03923310E-02 -4.60819963E-02  0.00000000E+00
 6.98186118E-01  8.18773781E-01 -6.24760292E-01  0.00000000E+00 -6.52050355E-01
-7.64669649E-01  5.83476468E-01  0.00000000E+00  0.00000000E+00  0.00000000E+00
 0.00000000E+00  0.00000000E+00  0.00000000E+00  0.00000000E+00  0.00000000E+00
 0.00000000E+00  0.00000000E+00  0.00000000E+00  0.00000000E+00 
 7.56844973E-02  2.02791594E-02  0.00000000E+00  0.00000000E+00  0.00000000E+00
-3.12996619E+00  0.00000000E+00  0.00000000E+00  0.00000000E+00  7.54932509E+00
 0.00000000E+00  0.00000000E+00  0.00000000E+00 -1.95107510E+00  0.00000000E+00
 0.00000000E+00  0.00000000E+00 -8.88743855E-02 -8.88743855E-02 -8.88743855E-02
 0.00000000E+00  0.00000000E+00  0.00000000E+00 -1.41696976E+00 -1.41696976E+00
-1.41696976E+00  0.00000000E+00  0.00000000E+00  0.00000000E+00 
-0.00000000E+00 -0.00000000E+00 -6.76976542E-02 -1.14506519E-01 -1.38760541E-01
-0.00000000E+00 -4.67739572E-01 -7.91153411E-01 -9.58730353E-01 -0.00000000E+00
 6.35654389E-01  1.07517124E+00  1.30290699E+00 -0.00000000E+00 -2.64303592E-01
-4.47053662E-01 -5.41745645E-01 -0.00000000E+00 -0.00000000E+00 -0.00000000E+00
-0.00000000E+00 -0.00000000E+00 -0.00000000E+00 -0.00000000E+00 -0.00000000E+00
-0.00000000E+00 -0.00000000E+00 -0.00000000E+00 -0.00000000E+00 
-0.00000000E+00 -0.00000000E+00 -1.35312085E-01 -6.52981760E-02  1.19899919E-01
-0.00000000E+00 -9.34904137E-01 -4.51160994E-01  8.28417727E-01 -0.00000000E+00
 1.27052735E+00  6.13124231E-01 -1.12581316E+00 -0.00000000E+00 -5.28282268E-01
-2.54935606E-01  4.68110449E-01 -0.00000000E+00 -0.00000000E+00 -0.00000000E+00
-0.00000000E+00 -0.00000000E+00 -0.00000000E+00 -0.00000000E+00 -0.00000000E+00
-0.00000000E+00 -0.00000000E+00 -0.00000000E+00 -0.00000000E+00 
 0.00000000E+00  0.00000000E+00  1.18561672E-01 -1.39905712E-01  5.76083728E-02
 0.00000000E+00  8.19171450E-01 -9.66642621E-01  3.98030271E-01  0.00000000E+00
-1.11324754E+00  1.31365970E+00 -5.40919999E-01  0.00000000E+00  4.62885695E-01
-5.46216596E-01  2.24913257E-01  0.00000000E+00  0.00000000E+00  0.00000000E+00
 0.00000000E+00  0.00000000E+00  0.00000000E+00  0.00000000E+00  0.00000000E+00
 0.00000000E+00  0.00000000E+00  0.00000000E+00  0.00000000E+00 
-0.00000000E+00 -0.00000000E+00 -0.00000000E+00 -0.00000000E+00 -0.00000000E+00
-0.00000000E+00 -0.00000000E+00 -0.00000000E+00 -0.00000000E+00 -0.00000000E+00
-0.00000000E+00 -0.00000000E+00 -0.00000000E+00 -0.00000000E+00 -0.00000000E+00
-0.00000000E+00 -0.00000000E+00  6.74039870E-04 -4.23353260E-04 -2.50686610E-04
-2.06811484E-02  1.51391358E-02 -2.21172390E-02 -2.02059750E-02  1.26910377E-02
 7.51493731E-03  6.19967433E-01 -4.53832204E-01  6.63017720E-01 
-0.00000000E+00 -0.00000000E+00 -0.00000000E+00 -0.00000000E+00 -0.00000000E+00
-0.00000000E+00 -0.00000000E+00 -0.00000000E+00 -0.00000000E+00 -0.00000000E+00
-0.00000000E+00 -0.00000000E+00 -0.00000000E+00 -0.00000000E+00 -0.00000000E+00
-0.00000000E+00 -0.00000000E+00  5.85411044E-03 -2.99740337E-03 -2.85670707E-03
-1.87898963E-02 -2.75317927E-02 -1.09674233E-03 -1.75491116E-01  8.98544140E-02
 8.56367021E-02  5.63272578E-01  8.25332059E-01  3.28775035E-02 
-0.00000000E+00 -0.00000000E+00 -0.00000000E+00 -0.00000000E+00 -0.00000000E+00
-0.00000000E+00 -0.00000000E+00 -0.00000000E+00 -0.00000000E+00 -0.00000000E+00
-0.00000000E+00 -0.00000000E+00 -0.00000000E+00 -0.00000000E+00 -0.00000000E+00
-0.00000000E+00 -0.00000000E+00  1.17487587E-05  8.85717312E-03 -8.86892188E-03
 1.78514540E-02 -1.12377634E-02 -2.44303058E-02 -3.52197451E-04 -2.65515182E-01
 2.65867379E-01 -5.35140499E-01  3.36879132E-01  7.32357491E-01 
-0.00000000E+00 -0.00000000E+00 -0.00000000E+00 -0.00000000E+00 -0.00000000E+00
-0.00000000E+00 -0.00000000E+00 -0.00000000E+00 -0.00000000E+00 -0.00000000E+00
-0.00000000E+00 -0.00000000E+00 -0.00000000E+00 -0.00000000E+00 -0.00000000E+00
-0.00000000E+00 -0.00000000E+00  3.05334497E-03  2.63093282E-02 -2.93626731E-02
-5.40884243E-03  3.93901304E-03  7.70205406E-03 -9.15313987E-02 -7.88685730E-01
 8.80217129E-01  1.62143131E-01 -1.18081441E-01 -2.30887695E-01 
-0.00000000E+00 -0.00000000E+00 -0.00000000E+00 -0.00000000E+00 -0.00000000E+00
-0.00000000E+00 -0.00000000E+00 -0.00000000E+00 -0.00000000E+00 -0.00000000E+00
-0.00000000E+00 -0.00000000E+00 -0.00000000E+00 -0.00000000E+00 -0.00000000E+00
-0.00000000E+00 -0.00000000E+00 -3.32037930E-02  1.91506121E-02  1.40531809E-02
-4.22371553E-03 -4.18851659E-03  5.72720903E-05  9.95363985E-01 -5.74085905E-01
-4.21278080E-01  1.26616086E-01  1.25560913E-01 -1.71686940E-03 
-1.11352088E-01 -4.53147690E-01 -0.00000000E+00 -0.00000000E+00 -0.00000000E+00
-1.10931125E+00 -0.00000000E+00 -0.00000000E+00 -0.00000000E+00  7.53139041E+00
-0.00000000E+00 -0.00000000E+00 -0.00000000E+00 -1.24561881E+00 -0.00000000E+00
-0.00000000E+00 -0.00000000E+00 -1.51127638E-01 -1.51127638E-01 -1.51127638E-01
-0.00000000E+00 -0.00000000E+00 -0.00000000E+00 -2.52473119E+00 -2.52473119E+00
-2.52473119E+00 -0.00000000E+00 -0.00000000E+00 -0.00000000E+00 
-0.00000000E+00 -0.00000000E+00 -1.14695952E+00  8.20610657E-01  8.53312862E-02
-0.00000000E+00  1.39995241E+00 -1.00161850E+00 -1.04153406E-01 -0.00000000E+00
-8.62229529E-01  6.16896002E-01  6.41479962E-02 -0.00000000E+00  2.99254374E-01
-2.14106361E-01 -2.22638727E-02 -0.00000000E+00 -0.00000000E+00 -0.00000000E+00
-0.00000000E+00 -0.00000000E+00 -0.00000000E+00 -0.00000000E+00 -0.00000000E+00
-0.00000000E+00 -0.00000000E+00 -0.00000000E+00 -0.00000000E+00 
 0.00000000E+00  0.00000000E+00 -8.19642686E-01 -1.11667139E+00 -2.78262994E-01
 0.00000000E+00  1.00043702E+00  1.36298342E+00  3.39641411E-01  0.00000000E+00
-6.16168328E-01 -8.39460356E-01 -2.09184863E-01  0.00000000E+00  2.13853807E-01
 2.91351867E-01  7.26018806E-02  0.00000000E+00  0.00000000E+00  0.00000000E+00
 0.00000000E+00  0.00000000E+00  0.00000000E+00  0.00000000E+00  0.00000000E+00
 0.00000000E+00  0.00000000E+00  0.00000000E+00  0.00000000E+00 
 0.00000000E+00  0.00000000E+00  9.41761425E-02  2.75395309E-01 -1.38256562E+00
 0.00000000E+00 -1.14949234E-01 -3.36141181E-01  1.68752780E+00  0.00000000E+00
 7.07971378E-02  2.07029075E-01 -1.03934697E+00  0.00000000E+00 -2.45715931E-02
-7.18536701E-02  3.60726602E-01  0.00000000E+00  0.00000000E+00  0.00000000E+00
 0.00000000E+00  0.00000000E+00  0.00000000E+00  0.00000000E+00  0.00000000E+00
 0.00000000E+00  0.00000000E+00  0.00000000E+00  0.00000000E+00 
-0.00000000E+00 -0.00000000E+00 -0.00000000E+00 -0.00000000E+00 -0.00000000E+00
-0.00000000E+00 -0.00000000E+00 -0.00000000E+00 -0.00000000E+00 -0.00000000E+00
-0.00000000E+00 -0.00000000E+00 -0.00000000E+00 -0.00000000E+00 -0.00000000E+00
-0.00000000E+00 -0.00000000E+00  7.99183628E-05  3.51761876E-02 -3.52561059E-02
 1.05045619E+00 -3.48027298E-01 -1.94898147E-01 -3.44588063E-05 -1.51670954E-02
 1.52015542E-02 -4.52930529E-01  1.50060697E-01  8.40352237E-02 
-0.00000000E+00 -0.00000000E+00 -0.00000000E+00 -0.00000000E+00 -0.00000000E+00
-0.00000000E+00 -0.00000000E+00 -0.00000000E+00 -0.00000000E+00 -0.00000000E+00
-0.00000000E+00 -0.00000000E+00 -0.00000000E+00 -0.00000000E+00 -0.00000000E+00
-0.00000000E+00 -0.00000000E+00 -5.88660766E-02  2.25023298E-01 -1.66157221E-01
 1.59908344E-01  8.72908292E-01 -6.49775263E-01  2.53815851E-02 -9.70244379E-02
 7.16428528E-02 -6.89484926E-02 -3.76376300E-01  2.80166899E-01 
-0.00000000E+00 -0.00000000E+00 -0.00000000E+00 -0.00000000E+00 -0.00000000E+00
-0.00000000E+00 -0.00000000E+00 -0.00000000E+00 -0.00000000E+00 -0.00000000E+00
-0.00000000E+00 -0.00000000E+00 -0.00000000E+00 -0.00000000E+00 -0.00000000E+00
-0.00000000E+00 -0.00000000E+00 -7.26402973E-01  1.07266901E+00 -3.46266033E-01
-1.21514289E-02 -7.74757634E-02  2.43481195E-01  3.13206858E-01 -4.62508142E-01
 1.49301284E-01  5.23939327E-03  3.34056183E-02 -1.04983023E-01 
 0.00000000E+00  0.00000000E+00  0.00000000E+00  0.00000000E+00  0.00000000E+00
 0.00000000E+00  0.00000000E+00  0.00000000E+00  0.00000000E+00  0.00000000E+00
 0.00000000E+00  0.00000000E+00  0.00000000E+00  0.00000000E+00  0.00000000E+00
 0.00000000E+00  0.00000000E+00 -8.52003970E-01 -2.02492465E-01  1.05449643E+00
 3.57911784E-02  6.62783814E-02 -7.72125462E-02  3.67362877E-01  8.73097042E-02
-4.54672582E-01 -1.54322641E-02 -2.85775862E-02  3.32921256E-02 
-0.00000000E+00 -0.00000000E+00 -0.00000000E+00 -0.00000000E+00 -0.00000000E+00
-0.00000000E+00 -0.00000000E+00 -0.00000000E+00 -0.00000000E+00 -0.00000000E+00
-0.00000000E+00 -0.00000000E+00 -0.00000000E+00 -0.00000000E+00 -0.00000000E+00
-0.00000000E+00 -0.00000000E+00  8.47514414E-02 -1.43962589E-01  5.92111476E-02
 3.65735587E-01  6.08878369E-01  8.59524300E-01 -3.65427093E-02  6.20730804E-02
-2.55303711E-02 -1.57696070E-01 -2.62533178E-01 -3.70605456E-01 
 1.01505441E-01 -2.30075878E+00 -0.00000000E+00 -0.00000000E+00 -0.00000000E+00
 8.17909302E+00 -0.00000000E+00 -0.00000000E+00 -0.00000000E+00  7.13612469E+00
-0.00000000E+00 -0.00000000E+00 -0.00000000E+00 -9.82230793E-01 -0.00000000E+00
-0.00000000E+00 -0.00000000E+00 -3.53369052E+00 -3.53369052E+00 -3.53369052E+00
-0.00000000E+00 -0.00000000E+00 -0.00000000E+00 -3.49453370E+00 -3.49453370E+00
-3.49453370E+00 -0.00000000E+00 -0.00000000E+00 -0.00000000E+00 
 2.11030165E+00 -3.63459800E+00  0.00000000E+00  0.00000000E+00  0.00000000E+00
 4.46501176E+00  0.00000000E+00  0.00000000E+00  0.00000000E+00  5.99764374E+00
 0.00000000E+00  0.00000000E+00  0.00000000E+00 -8.98217294E-01  0.00000000E+00
 0.00000000E+00  0.00000000E+00 -1.95725671E+00 -1.95725671E+00 -1.95725671E+00
 0.00000000E+00  0.00000000E+00  0.00000000E+00 -2.65403197E+00 -2.65403197E+00
-2.65403197E+00  0.00000000E+00  0.00000000E+00  0.00000000E+00 
