
 1682.7999999999999545  
 
 251.7150000000000034  
 
 57.4116000000000000  
 
 16.5170999999999992  
 
 4.8536400000000004  
 
 0.6268629999999999  
 
 8.3093800000000009  
 
 1.7407500000000000  
 
 0.4858160000000000  
 
 8.3093800000000009  
 
 1.7407500000000000  
 
 0.4858160000000000  
 
 8.3093800000000009  
 
 1.7407500000000000  
 
 0.4858160000000000  
 
 8.3093800000000009  
 
 1.7407500000000000  
 
 0.4858160000000000  
 
 0.1636130000000000  
 
 0.1636130000000000  
 
 0.1636130000000000  
 
 0.1636130000000000  
 
 0.0567285000000000  
 
 0.0567285000000000  
 
 0.0567285000000000  
 
 0.0567285000000000  
 
 0.0207000000000000  
 
 0.0207000000000000  
 
 0.0207000000000000  
 
 0.0207000000000000  
 
 0.5100000000000000  
 
 0.5100000000000000  
 
 0.5100000000000000  
 
 0.5100000000000000  
 
 0.5100000000000000  
 
 0.5100000000000000  
 
 0.1275000000000000  
 
 0.1275000000000000  
 
 0.1275000000000000  
 
 0.1275000000000000  
 
 0.1275000000000000  
 
 0.1275000000000000  
 