
 0.0022857400000000  
 
 0.0175938000000000  
 
 0.0863315000000000  
 
 0.2818350000000000  
 
 0.6405940000000000  
 
 0.1444670000000000  
 
 0.1086210000000000  
 
 0.9273010000000000  
 
 -0.0029716900000000  
 
 0.0361344000000000  
 
 0.2169580000000000  
 
 0.8418390000000000  
 
 0.0361344000000000  
 
 0.2169580000000000  
 
 0.8418390000000000  
 
 0.0361344000000000  
 
 0.2169580000000000  
 
 0.8418390000000000  
 
 1.0000000000000000  
 
 1.0000000000000000  
 
 1.0000000000000000  
 
 1.0000000000000000  
 
 1.0000000000000000  
 
 1.0000000000000000  
 
 1.0000000000000000  
 
 1.0000000000000000  
 
 1.0000000000000000  
 
 1.0000000000000000  
 
 1.0000000000000000  
 
 1.0000000000000000  
 
 1.0000000000000000  
 
 1.0000000000000000  
 
 1.0000000000000000  
 
 1.0000000000000000  
 
 1.0000000000000000  
 
 1.0000000000000000  
 
 1.0000000000000000  
 
 1.0000000000000000  
 
 1.0000000000000000  
 
 1.0000000000000000  
 
 1.0000000000000000  
 
 1.0000000000000000  
 