  0.6194220E+00  0.4282620E+00 -0.0000000E+00 -0.0000000E+00 -0.0000000E+00
  0.2251000E-02 -0.0000000E+00 -0.0000000E+00 -0.0000000E+00  0.3766000E-02
 -0.0000000E+00 -0.0000000E+00 -0.0000000E+00 -0.3950000E-03 -0.0000000E+00
 -0.0000000E+00 -0.0000000E+00 -0.1234000E-02 -0.1234000E-02 -0.1234000E-02
 -0.0000000E+00 -0.0000000E+00 -0.0000000E+00 -0.1868000E-02 -0.1868000E-02
 -0.1868000E-02 -0.0000000E+00 -0.0000000E+00 -0.0000000E+00 -0.1561000E-02
 -0.1561000E-02 -0.1561000E-02 -0.0000000E+00 -0.0000000E+00 -0.0000000E+00
 -0.0000000E+00 -0.0000000E+00 -0.0000000E+00 -0.0000000E+00 -0.0000000E+00
 -0.0000000E+00 -0.0000000E+00 -0.0000000E+00 -0.0000000E+00 -0.0000000E+00
 -0.9663000E-01 -0.1479680E+00 -0.0000000E+00 -0.0000000E+00 -0.0000000E+00
  0.6224720E+00 -0.0000000E+00 -0.0000000E+00 -0.0000000E+00  0.2851010E+00
 -0.0000000E+00 -0.0000000E+00 -0.0000000E+00  0.1199500E-01 -0.0000000E+00
 -0.0000000E+00 -0.0000000E+00  0.1734000E-02  0.1734000E-02  0.1734000E-02
 -0.0000000E+00 -0.0000000E+00 -0.0000000E+00  0.3574000E-01  0.3574000E-01
  0.3574000E-01 -0.0000000E+00 -0.0000000E+00 -0.0000000E+00  0.4260700E-01
  0.4260700E-01  0.4260700E-01 -0.0000000E+00 -0.0000000E+00 -0.0000000E+00
 -0.0000000E+00 -0.0000000E+00 -0.0000000E+00 -0.0000000E+00 -0.0000000E+00
 -0.0000000E+00 -0.0000000E+00 -0.0000000E+00 -0.0000000E+00 -0.0000000E+00
  0.0000000E+00  0.0000000E+00  0.1594600E-01  0.2648900E-01 -0.1060500E-01
  0.0000000E+00  0.1207600E+00  0.2006050E+00 -0.8031600E-01  0.0000000E+00
 -0.9830000E-02 -0.1633000E-01  0.6538000E-02  0.0000000E+00  0.4501080E+00
  0.7477140E+00 -0.2993610E+00  0.0000000E+00  0.0000000E+00  0.0000000E+00
  0.0000000E+00  0.0000000E+00  0.0000000E+00  0.0000000E+00  0.0000000E+00
  0.0000000E+00  0.0000000E+00  0.0000000E+00  0.0000000E+00  0.0000000E+00
  0.0000000E+00  0.0000000E+00  0.0000000E+00  0.0000000E+00  0.0000000E+00
 -0.1124400E-01 -0.1867900E-01  0.7478000E-02 -0.8353000E-02  0.3344000E-02
 -0.5029000E-02  0.3344000E-02 -0.5029000E-02 -0.8353000E-02  0.0000000E+00
  0.0000000E+00  0.0000000E+00  0.2661900E-01 -0.9435000E-02  0.1645700E-01
  0.0000000E+00  0.2015870E+00 -0.7145200E-01  0.1246330E+00  0.0000000E+00
 -0.1641000E-01  0.5816000E-02 -0.1014600E-01  0.0000000E+00  0.7513730E+00
 -0.2663220E+00  0.4645440E+00  0.0000000E+00  0.0000000E+00  0.0000000E+00
  0.0000000E+00  0.0000000E+00  0.0000000E+00  0.0000000E+00  0.0000000E+00
  0.0000000E+00  0.0000000E+00  0.0000000E+00  0.0000000E+00  0.0000000E+00
  0.0000000E+00  0.0000000E+00  0.0000000E+00  0.0000000E+00  0.0000000E+00
 -0.1877000E-01  0.6653000E-02 -0.1160500E-01  0.2975000E-02 -0.5190000E-02
 -0.8394000E-02 -0.5190000E-02 -0.8394000E-02  0.2975000E-02  0.0000000E+00
 -0.0000000E+00 -0.0000000E+00 -0.1027600E-01  0.1666500E-01  0.2617400E-01
 -0.0000000E+00 -0.7781900E-01  0.1262070E+00  0.1982220E+00 -0.0000000E+00
  0.6335000E-02 -0.1027400E-01 -0.1613600E-01 -0.0000000E+00 -0.2900550E+00
  0.4704110E+00  0.7388320E+00 -0.0000000E+00 -0.0000000E+00 -0.0000000E+00
 -0.0000000E+00 -0.0000000E+00 -0.0000000E+00 -0.0000000E+00 -0.0000000E+00
 -0.0000000E+00 -0.0000000E+00 -0.0000000E+00 -0.0000000E+00 -0.0000000E+00
 -0.0000000E+00 -0.0000000E+00 -0.0000000E+00 -0.0000000E+00 -0.0000000E+00
  0.7246000E-02 -0.1175100E-01 -0.1845700E-01 -0.5255000E-02 -0.8254000E-02
  0.3240000E-02 -0.8254000E-02  0.3240000E-02 -0.5255000E-02 -0.0000000E+00
 -0.1960800E-01 -0.7168400E-01  0.0000000E+00  0.0000000E+00  0.0000000E+00
 -0.6312880E+00  0.0000000E+00  0.0000000E+00  0.0000000E+00  0.3101700E+01
  0.0000000E+00  0.0000000E+00  0.0000000E+00 -0.1926180E+01  0.0000000E+00
  0.0000000E+00  0.0000000E+00 -0.2063100E-01 -0.2063100E-01 -0.2063100E-01
  0.0000000E+00  0.0000000E+00  0.0000000E+00 -0.7602900E-01 -0.7602900E-01
 -0.7602900E-01  0.0000000E+00  0.0000000E+00  0.0000000E+00 -0.5110760E+00
 -0.5110760E+00 -0.5110760E+00  0.0000000E+00  0.0000000E+00  0.0000000E+00
  0.0000000E+00  0.0000000E+00  0.0000000E+00  0.0000000E+00  0.0000000E+00
  0.0000000E+00  0.0000000E+00  0.0000000E+00  0.0000000E+00  0.0000000E+00
 -0.0000000E+00 -0.0000000E+00  0.1274210E+00 -0.7812700E-01  0.4533400E-01
 -0.0000000E+00 -0.2949570E+00  0.1808500E+00 -0.1049390E+00 -0.0000000E+00
  0.1125491E+01 -0.6900860E+00  0.4004260E+00 -0.0000000E+00 -0.8428040E+00
  0.5167590E+00 -0.2998520E+00 -0.0000000E+00 -0.0000000E+00 -0.0000000E+00
 -0.0000000E+00 -0.0000000E+00 -0.0000000E+00 -0.0000000E+00 -0.0000000E+00
 -0.0000000E+00 -0.0000000E+00 -0.0000000E+00 -0.0000000E+00 -0.0000000E+00
 -0.0000000E+00 -0.0000000E+00 -0.0000000E+00 -0.0000000E+00 -0.0000000E+00
  0.1463740E+00 -0.8974800E-01  0.5207700E-01 -0.4013700E-01  0.2328900E-01
  0.6546100E-01  0.2328900E-01  0.6546100E-01 -0.4013700E-01 -0.0000000E+00
 -0.0000000E+00 -0.0000000E+00 -0.1913700E-01  0.5326000E-01  0.1455760E+00
 -0.0000000E+00  0.4429800E-01 -0.1232880E+00 -0.3369820E+00 -0.0000000E+00
 -0.1690310E+00  0.4704400E+00  0.1285848E+01 -0.0000000E+00  0.1265760E+00
 -0.3522810E+00 -0.9628850E+00 -0.0000000E+00 -0.0000000E+00 -0.0000000E+00
 -0.0000000E+00 -0.0000000E+00 -0.0000000E+00 -0.0000000E+00 -0.0000000E+00
 -0.0000000E+00 -0.0000000E+00 -0.0000000E+00 -0.0000000E+00 -0.0000000E+00
 -0.0000000E+00 -0.0000000E+00 -0.0000000E+00 -0.0000000E+00 -0.0000000E+00
 -0.2198300E-01  0.6118200E-01  0.1672290E+00  0.2736200E-01  0.7478700E-01
 -0.9831000E-02  0.7478700E-01 -0.9831000E-02  0.2736200E-01 -0.0000000E+00
  0.0000000E+00  0.0000000E+00  0.8827700E-01  0.1243170E+00 -0.3387800E-01
  0.0000000E+00 -0.2043450E+00 -0.2877710E+00  0.7842200E-01  0.0000000E+00
  0.7797360E+00  0.1098070E+01 -0.2992390E+00  0.0000000E+00 -0.5838910E+00
 -0.8222710E+00  0.2240800E+00  0.0000000E+00  0.0000000E+00  0.0000000E+00
  0.0000000E+00  0.0000000E+00  0.0000000E+00  0.0000000E+00  0.0000000E+00
  0.0000000E+00  0.0000000E+00  0.0000000E+00  0.0000000E+00  0.0000000E+00
  0.0000000E+00  0.0000000E+00  0.0000000E+00  0.0000000E+00  0.0000000E+00
  0.1014070E+00  0.1428080E+00 -0.3891700E-01  0.6386600E-01 -0.1740400E-01
  0.4535100E-01 -0.1740400E-01  0.4535100E-01  0.6386600E-01  0.0000000E+00
  0.4618300E-01 -0.6679600E-01  0.0000000E+00  0.0000000E+00  0.0000000E+00
 -0.3343108E+01  0.0000000E+00  0.0000000E+00  0.0000000E+00  0.9101253E+01
  0.0000000E+00  0.0000000E+00  0.0000000E+00 -0.1666242E+01  0.0000000E+00
  0.0000000E+00  0.0000000E+00 -0.7309400E-01 -0.7309400E-01 -0.7309400E-01
  0.0000000E+00  0.0000000E+00  0.0000000E+00 -0.3066110E+00 -0.3066110E+00
 -0.3066110E+00  0.0000000E+00  0.0000000E+00  0.0000000E+00 -0.1976218E+01
 -0.1976218E+01 -0.1976218E+01  0.0000000E+00  0.0000000E+00  0.0000000E+00
  0.0000000E+00  0.0000000E+00  0.0000000E+00  0.0000000E+00  0.0000000E+00
  0.0000000E+00  0.0000000E+00  0.0000000E+00  0.0000000E+00  0.0000000E+00
  0.0000000E+00  0.0000000E+00 -0.6950100E-01  0.1706300E-01 -0.5131000E-02
  0.0000000E+00  0.2631160E+01 -0.6459470E+00  0.1942330E+00  0.0000000E+00
 -0.2088898E+01  0.5128220E+00 -0.1542030E+00  0.0000000E+00  0.6320600E+00
 -0.1551700E+00  0.4665900E-01  0.0000000E+00  0.0000000E+00  0.0000000E+00
  0.0000000E+00  0.0000000E+00  0.0000000E+00  0.0000000E+00  0.0000000E+00
  0.0000000E+00  0.0000000E+00  0.0000000E+00  0.0000000E+00  0.0000000E+00
  0.0000000E+00  0.0000000E+00  0.0000000E+00  0.0000000E+00  0.0000000E+00
 -0.5081780E+00  0.1247570E+00 -0.3751400E-01  0.5579300E-01 -0.1677700E-01
 -0.2272640E+00 -0.1677700E-01 -0.2272640E+00  0.5579300E-01  0.0000000E+00
 -0.0000000E+00 -0.0000000E+00 -0.1754300E-01 -0.6914400E-01  0.7700000E-02
 -0.0000000E+00  0.6641410E+00  0.2617615E+01 -0.2915170E+00 -0.0000000E+00
 -0.5272670E+00 -0.2078145E+01  0.2314380E+00 -0.0000000E+00  0.1595410E+00
  0.6288060E+00 -0.7002900E-01 -0.0000000E+00 -0.0000000E+00 -0.0000000E+00
 -0.0000000E+00 -0.0000000E+00 -0.0000000E+00 -0.0000000E+00 -0.0000000E+00
 -0.0000000E+00 -0.0000000E+00 -0.0000000E+00 -0.0000000E+00 -0.0000000E+00
 -0.0000000E+00 -0.0000000E+00 -0.0000000E+00 -0.0000000E+00 -0.0000000E+00
 -0.1282710E+00 -0.5055620E+00  0.5630300E-01 -0.2260940E+00  0.2518000E-01
 -0.5736500E-01  0.2518000E-01 -0.5736500E-01 -0.2260940E+00 -0.0000000E+00
 -0.0000000E+00 -0.0000000E+00  0.3113000E-02 -0.8714000E-02 -0.7115000E-01
 -0.0000000E+00 -0.1178550E+00  0.3298770E+00  0.2693560E+01 -0.0000000E+00
  0.9356600E-01 -0.2618920E+00 -0.2138438E+01 -0.0000000E+00 -0.2831100E-01
  0.7924300E-01  0.6470500E+00 -0.0000000E+00 -0.0000000E+00 -0.0000000E+00
 -0.0000000E+00 -0.0000000E+00 -0.0000000E+00 -0.0000000E+00 -0.0000000E+00
 -0.0000000E+00 -0.0000000E+00 -0.0000000E+00 -0.0000000E+00 -0.0000000E+00
 -0.0000000E+00 -0.0000000E+00 -0.0000000E+00 -0.0000000E+00 -0.0000000E+00
  0.2276200E-01 -0.6371200E-01 -0.5202300E+00 -0.2849300E-01 -0.2326540E+00
  0.1018000E-01 -0.2326540E+00  0.1018000E-01 -0.2849300E-01 -0.0000000E+00
  0.0000000E+00  0.0000000E+00  0.0000000E+00  0.0000000E+00  0.0000000E+00
  0.0000000E+00  0.0000000E+00  0.0000000E+00  0.0000000E+00  0.0000000E+00
  0.0000000E+00  0.0000000E+00  0.0000000E+00  0.0000000E+00  0.0000000E+00
  0.0000000E+00  0.0000000E+00 -0.3460000E-03  0.2800000E-04  0.3180000E-03
  0.1119700E-01  0.1510000E-02 -0.4203000E-02  0.1567000E-02 -0.1290000E-03
 -0.1438000E-02 -0.5066800E-01 -0.6834000E-02  0.1902000E-01 -0.2937200E-01
  0.2412000E-02  0.2696000E-01  0.9498640E+00  0.1281080E+00 -0.3565710E+00
  0.0000000E+00  0.0000000E+00  0.0000000E+00  0.0000000E+00  0.0000000E+00
  0.0000000E+00  0.0000000E+00  0.0000000E+00  0.0000000E+00  0.0000000E+00
  0.0000000E+00  0.0000000E+00  0.0000000E+00  0.0000000E+00  0.0000000E+00
  0.0000000E+00  0.0000000E+00  0.0000000E+00  0.0000000E+00  0.0000000E+00
  0.0000000E+00  0.0000000E+00  0.0000000E+00  0.0000000E+00  0.0000000E+00
  0.0000000E+00  0.0000000E+00 -0.6600000E-03  0.2200000E-03  0.4400000E-03
  0.4337000E-02 -0.1242000E-02  0.1116500E-01  0.2987000E-02 -0.9950000E-03
 -0.1992000E-02 -0.1962400E-01  0.5618000E-02 -0.5052600E-01 -0.5599300E-01
  0.1865300E-01  0.3734000E-01  0.3678810E+00 -0.1053210E+00  0.9471950E+00
  0.0000000E+00  0.0000000E+00  0.0000000E+00  0.0000000E+00  0.0000000E+00
  0.0000000E+00  0.0000000E+00  0.0000000E+00  0.0000000E+00  0.0000000E+00
 -0.0000000E+00 -0.0000000E+00 -0.0000000E+00 -0.0000000E+00 -0.0000000E+00
 -0.0000000E+00 -0.0000000E+00 -0.0000000E+00 -0.0000000E+00 -0.0000000E+00
 -0.0000000E+00 -0.0000000E+00 -0.0000000E+00 -0.0000000E+00 -0.0000000E+00
 -0.0000000E+00 -0.0000000E+00 -0.1478000E-02  0.1109000E-01 -0.9612000E-02
  0.1820000E-03 -0.6220000E-03 -0.9100000E-04  0.6689000E-02 -0.5018400E-01
  0.4349500E-01 -0.8250000E-03  0.2815000E-02  0.4130000E-03 -0.1253960E+00
  0.9407860E+00 -0.8153900E+00  0.1546400E-01 -0.5277600E-01 -0.7738000E-02
 -0.0000000E+00 -0.0000000E+00 -0.0000000E+00 -0.0000000E+00 -0.0000000E+00
 -0.0000000E+00 -0.0000000E+00 -0.0000000E+00 -0.0000000E+00 -0.0000000E+00
  0.0000000E+00  0.0000000E+00  0.0000000E+00  0.0000000E+00  0.0000000E+00
  0.0000000E+00  0.0000000E+00  0.0000000E+00  0.0000000E+00  0.0000000E+00
  0.0000000E+00  0.0000000E+00  0.0000000E+00  0.0000000E+00  0.0000000E+00
  0.0000000E+00  0.0000000E+00  0.1194500E-01 -0.4692000E-02 -0.7252000E-02
  0.5700000E-03  0.1070000E-03  0.5140000E-03 -0.5405300E-01  0.2123400E-01
  0.3281900E-01 -0.2578000E-02 -0.4830000E-03 -0.2324000E-02  0.1013322E+01
 -0.3980730E+00 -0.6152490E+00  0.4833800E-01  0.9046000E-02  0.4356200E-01
  0.0000000E+00  0.0000000E+00  0.0000000E+00  0.0000000E+00  0.0000000E+00
  0.0000000E+00  0.0000000E+00  0.0000000E+00  0.0000000E+00  0.0000000E+00
  0.0000000E+00  0.0000000E+00  0.0000000E+00  0.0000000E+00  0.0000000E+00
  0.0000000E+00  0.0000000E+00  0.0000000E+00  0.0000000E+00  0.0000000E+00
  0.0000000E+00  0.0000000E+00  0.0000000E+00  0.0000000E+00  0.0000000E+00
  0.0000000E+00  0.0000000E+00 -0.2090000E-03  0.6420000E-03 -0.4320000E-03
 -0.9650000E-03  0.1188500E-01  0.1691000E-02  0.9480000E-03 -0.2905000E-02
  0.1957000E-02  0.4368000E-02 -0.5378100E-01 -0.7652000E-02 -0.1777200E-01
  0.5446000E-01 -0.3668800E-01 -0.8188900E-01  0.1008210E+01  0.1434590E+00
  0.0000000E+00  0.0000000E+00  0.0000000E+00  0.0000000E+00  0.0000000E+00
  0.0000000E+00  0.0000000E+00  0.0000000E+00  0.0000000E+00  0.0000000E+00
 -0.9980400E-01 -0.5336630E+00  0.0000000E+00  0.0000000E+00  0.0000000E+00
 -0.7577820E+00  0.0000000E+00  0.0000000E+00  0.0000000E+00  0.1002169E+02
  0.0000000E+00  0.0000000E+00  0.0000000E+00 -0.1071471E+01  0.0000000E+00
  0.0000000E+00  0.0000000E+00 -0.1854210E+00 -0.1854210E+00 -0.1854210E+00
  0.0000000E+00  0.0000000E+00  0.0000000E+00 -0.6796470E+00 -0.6796470E+00
 -0.6796470E+00  0.0000000E+00  0.0000000E+00  0.0000000E+00 -0.3502273E+01
 -0.3502273E+01 -0.3502273E+01  0.0000000E+00  0.0000000E+00  0.0000000E+00
  0.0000000E+00  0.0000000E+00  0.0000000E+00  0.0000000E+00  0.0000000E+00
  0.0000000E+00  0.0000000E+00  0.0000000E+00  0.0000000E+00  0.0000000E+00
 -0.0000000E+00 -0.0000000E+00 -0.1185421E+01  0.2190920E+00 -0.1866870E+00
 -0.0000000E+00  0.4640078E+01 -0.8575870E+00  0.7307480E+00 -0.0000000E+00
 -0.1703418E+01  0.3148280E+00 -0.2682650E+00 -0.0000000E+00  0.3936030E+00
 -0.7274600E-01  0.6198700E-01 -0.0000000E+00 -0.0000000E+00 -0.0000000E+00
 -0.0000000E+00 -0.0000000E+00 -0.0000000E+00 -0.0000000E+00 -0.0000000E+00
 -0.0000000E+00 -0.0000000E+00 -0.0000000E+00 -0.0000000E+00 -0.0000000E+00
 -0.0000000E+00 -0.0000000E+00 -0.0000000E+00 -0.0000000E+00 -0.0000000E+00
 -0.1910141E+01  0.3530350E+00 -0.3008210E+00  0.1578820E+00 -0.1345310E+00
 -0.8542410E+00 -0.1345310E+00 -0.8542410E+00  0.1578820E+00 -0.0000000E+00
 -0.0000000E+00 -0.0000000E+00 -0.2184050E+00 -0.1199965E+01 -0.2142800E-01
 -0.0000000E+00  0.8549000E+00  0.4697008E+01  0.8387400E-01 -0.0000000E+00
 -0.3138420E+00 -0.1724317E+01 -0.3079100E-01 -0.0000000E+00  0.7251800E-01
  0.3984320E+00  0.7115000E-02 -0.0000000E+00 -0.0000000E+00 -0.0000000E+00
 -0.0000000E+00 -0.0000000E+00 -0.0000000E+00 -0.0000000E+00 -0.0000000E+00
 -0.0000000E+00 -0.0000000E+00 -0.0000000E+00 -0.0000000E+00 -0.0000000E+00
 -0.0000000E+00 -0.0000000E+00 -0.0000000E+00 -0.0000000E+00 -0.0000000E+00
 -0.3519290E+00 -0.1933577E+01 -0.3452800E-01 -0.8647220E+00 -0.1544100E-01
 -0.1573880E+00 -0.1544100E-01 -0.1573880E+00 -0.8647220E+00 -0.0000000E+00
 -0.0000000E+00 -0.0000000E+00  0.1874900E+00 -0.1260200E-01 -0.1205307E+01
 -0.0000000E+00 -0.7338900E+00  0.4932800E-01  0.4717918E+01 -0.0000000E+00
  0.2694180E+00 -0.1810900E-01 -0.1731993E+01 -0.0000000E+00 -0.6225400E-01
  0.4184000E-02  0.4002060E+00 -0.0000000E+00 -0.0000000E+00 -0.0000000E+00
 -0.0000000E+00 -0.0000000E+00 -0.0000000E+00 -0.0000000E+00 -0.0000000E+00
 -0.0000000E+00 -0.0000000E+00 -0.0000000E+00 -0.0000000E+00 -0.0000000E+00
 -0.0000000E+00 -0.0000000E+00 -0.0000000E+00 -0.0000000E+00 -0.0000000E+00
  0.3021140E+00 -0.2030600E-01 -0.1942184E+01 -0.9081000E-02 -0.8685710E+00
  0.1351090E+00 -0.8685710E+00  0.1351090E+00 -0.9081000E-02 -0.0000000E+00
  0.0000000E+00  0.0000000E+00  0.0000000E+00  0.0000000E+00  0.0000000E+00
  0.0000000E+00  0.0000000E+00  0.0000000E+00  0.0000000E+00  0.0000000E+00
  0.0000000E+00  0.0000000E+00  0.0000000E+00  0.0000000E+00  0.0000000E+00
  0.0000000E+00  0.0000000E+00  0.0000000E+00  0.0000000E+00  0.0000000E+00
  0.0000000E+00  0.0000000E+00  0.0000000E+00  0.0000000E+00  0.0000000E+00
  0.0000000E+00  0.0000000E+00  0.0000000E+00  0.0000000E+00  0.0000000E+00
  0.0000000E+00  0.0000000E+00  0.0000000E+00  0.0000000E+00  0.0000000E+00
  0.9352840E+00 -0.4871500E-01  0.2074820E+00  0.3190000E-02 -0.1436600E+00
 -0.6375920E+00 -0.1347060E+00 -0.6172230E+00  0.6216800E-01 -0.2801750E+00
  0.0000000E+00  0.0000000E+00  0.0000000E+00  0.0000000E+00  0.0000000E+00
  0.0000000E+00  0.0000000E+00  0.0000000E+00  0.0000000E+00  0.0000000E+00
  0.0000000E+00  0.0000000E+00  0.0000000E+00  0.0000000E+00  0.0000000E+00
  0.0000000E+00  0.0000000E+00  0.0000000E+00  0.0000000E+00  0.0000000E+00
  0.0000000E+00  0.0000000E+00  0.0000000E+00  0.0000000E+00  0.0000000E+00
  0.0000000E+00  0.0000000E+00  0.0000000E+00  0.0000000E+00  0.0000000E+00
  0.0000000E+00  0.0000000E+00  0.0000000E+00  0.0000000E+00  0.0000000E+00
  0.1192220E+00 -0.5762680E+00 -0.3217000E+00  0.3911630E+00  0.6979200E+00
  0.2944800E+00 -0.2663140E+00 -0.4544330E+00  0.3819810E+00  0.2308900E+00
 -0.0000000E+00 -0.0000000E+00 -0.0000000E+00 -0.0000000E+00 -0.0000000E+00
 -0.0000000E+00 -0.0000000E+00 -0.0000000E+00 -0.0000000E+00 -0.0000000E+00
 -0.0000000E+00 -0.0000000E+00 -0.0000000E+00 -0.0000000E+00 -0.0000000E+00
 -0.0000000E+00 -0.0000000E+00 -0.0000000E+00 -0.0000000E+00 -0.0000000E+00
 -0.0000000E+00 -0.0000000E+00 -0.0000000E+00 -0.0000000E+00 -0.0000000E+00
 -0.0000000E+00 -0.0000000E+00 -0.0000000E+00 -0.0000000E+00 -0.0000000E+00
 -0.0000000E+00 -0.0000000E+00 -0.0000000E+00 -0.0000000E+00 -0.0000000E+00
 -0.1292420E+00  0.2292400E-01  0.3965460E+00 -0.3910250E+00 -0.4819730E+00
  0.7357860E+00 -0.5004800E-01 -0.5623910E+00  0.3602700E+00 -0.1159050E+00
 -0.0000000E+00 -0.0000000E+00 -0.0000000E+00 -0.0000000E+00 -0.0000000E+00
 -0.0000000E+00 -0.0000000E+00 -0.0000000E+00 -0.0000000E+00 -0.0000000E+00
 -0.0000000E+00 -0.0000000E+00 -0.0000000E+00 -0.0000000E+00 -0.0000000E+00
 -0.0000000E+00 -0.0000000E+00 -0.0000000E+00 -0.0000000E+00 -0.0000000E+00
 -0.0000000E+00 -0.0000000E+00 -0.0000000E+00 -0.0000000E+00 -0.0000000E+00
 -0.0000000E+00 -0.0000000E+00 -0.0000000E+00 -0.0000000E+00 -0.0000000E+00
 -0.0000000E+00 -0.0000000E+00 -0.0000000E+00 -0.0000000E+00 -0.0000000E+00
 -0.4728300E-01 -0.6783610E+00 -0.2076170E+00  0.5188960E+00 -0.4395980E+00
 -0.4289800E-01  0.7181450E+00  0.1063340E+00  0.3912210E+00 -0.1866510E+00
  0.0000000E+00  0.0000000E+00  0.0000000E+00  0.0000000E+00  0.0000000E+00
  0.0000000E+00  0.0000000E+00  0.0000000E+00  0.0000000E+00  0.0000000E+00
  0.0000000E+00  0.0000000E+00  0.0000000E+00  0.0000000E+00  0.0000000E+00
  0.0000000E+00  0.0000000E+00  0.0000000E+00  0.0000000E+00  0.0000000E+00
  0.0000000E+00  0.0000000E+00  0.0000000E+00  0.0000000E+00  0.0000000E+00
  0.0000000E+00  0.0000000E+00  0.0000000E+00  0.0000000E+00  0.0000000E+00
  0.0000000E+00  0.0000000E+00  0.0000000E+00  0.0000000E+00  0.0000000E+00
  0.2502030E+00  0.3939700E+00 -0.7130140E+00 -0.4730070E+00  0.1986950E+00
  0.7513000E-02  0.7579140E+00 -0.3431950E+00 -0.5555900E-01  0.2654610E+00
  0.0000000E+00  0.0000000E+00  0.0000000E+00  0.0000000E+00  0.0000000E+00
  0.0000000E+00  0.0000000E+00  0.0000000E+00  0.0000000E+00  0.0000000E+00
  0.0000000E+00  0.0000000E+00  0.0000000E+00  0.0000000E+00  0.0000000E+00
  0.0000000E+00  0.0000000E+00  0.0000000E+00  0.0000000E+00  0.0000000E+00
  0.0000000E+00  0.0000000E+00  0.0000000E+00  0.0000000E+00  0.0000000E+00
  0.0000000E+00  0.0000000E+00  0.0000000E+00  0.0000000E+00  0.0000000E+00
  0.0000000E+00  0.0000000E+00  0.0000000E+00  0.0000000E+00  0.0000000E+00
  0.1707590E+00 -0.5559400E-01  0.3636690E+00  0.3091110E+00 -0.4764620E+00
 -0.6531800E-01 -0.1145100E-01 -0.1637790E+00 -0.2345240E+00  0.8134330E+00
  0.0000000E+00  0.0000000E+00  0.0000000E+00  0.0000000E+00  0.0000000E+00
  0.0000000E+00  0.0000000E+00  0.0000000E+00  0.0000000E+00  0.0000000E+00
  0.0000000E+00  0.0000000E+00  0.0000000E+00  0.0000000E+00  0.0000000E+00
  0.0000000E+00  0.0000000E+00  0.0000000E+00  0.0000000E+00  0.0000000E+00
  0.0000000E+00  0.0000000E+00  0.0000000E+00  0.0000000E+00  0.0000000E+00
  0.0000000E+00  0.0000000E+00  0.0000000E+00  0.0000000E+00  0.0000000E+00
  0.0000000E+00  0.0000000E+00  0.0000000E+00  0.0000000E+00  0.0000000E+00
  0.1819400E-01 -0.2157320E+00  0.1116370E+00 -0.5527590E+00 -0.1513100E-01
 -0.3990160E+00 -0.1346460E+00  0.3746060E+00  0.8421930E+00  0.2962730E+00
  0.0000000E+00  0.0000000E+00  0.0000000E+00  0.0000000E+00  0.0000000E+00
  0.0000000E+00  0.0000000E+00  0.0000000E+00  0.0000000E+00  0.0000000E+00
  0.0000000E+00  0.0000000E+00  0.0000000E+00  0.0000000E+00  0.0000000E+00
  0.0000000E+00  0.0000000E+00  0.7700000E-03 -0.7660000E-03 -0.4000000E-05
 -0.8823000E-02  0.5966000E-02 -0.5518400E-01 -0.1579400E-01  0.1570600E-01
  0.8900000E-04  0.1809340E+00 -0.1223440E+00  0.1131686E+01  0.6586000E-02
 -0.6549000E-02 -0.3700000E-04 -0.7544300E-01  0.5101400E-01 -0.4718760E+00
  0.0000000E+00  0.0000000E+00  0.0000000E+00  0.0000000E+00  0.0000000E+00
  0.0000000E+00  0.0000000E+00  0.0000000E+00  0.0000000E+00  0.0000000E+00
  0.0000000E+00  0.0000000E+00  0.0000000E+00  0.0000000E+00  0.0000000E+00
  0.0000000E+00  0.0000000E+00  0.0000000E+00  0.0000000E+00  0.0000000E+00
  0.0000000E+00  0.0000000E+00  0.0000000E+00  0.0000000E+00  0.0000000E+00
  0.0000000E+00  0.0000000E+00  0.1990000E-03 -0.4550000E-03  0.2550000E-03
  0.3127300E-01 -0.4563600E-01 -0.9928000E-02 -0.4090000E-02  0.9322000E-02
 -0.5232000E-02 -0.6413420E+00  0.9358910E+00  0.2035910E+00  0.1705000E-02
 -0.3887000E-02  0.2181000E-02  0.2674180E+00 -0.3902360E+00 -0.8489100E-01
  0.0000000E+00  0.0000000E+00  0.0000000E+00  0.0000000E+00  0.0000000E+00
  0.0000000E+00  0.0000000E+00  0.0000000E+00  0.0000000E+00  0.0000000E+00
  0.0000000E+00  0.0000000E+00  0.0000000E+00  0.0000000E+00  0.0000000E+00
  0.0000000E+00  0.0000000E+00  0.0000000E+00  0.0000000E+00  0.0000000E+00
  0.0000000E+00  0.0000000E+00  0.0000000E+00  0.0000000E+00  0.0000000E+00
  0.0000000E+00  0.0000000E+00 -0.2630000E-02  0.1918000E-02  0.7130000E-03
 -0.4581000E-01 -0.3223600E-01  0.3797000E-02  0.5394500E-01 -0.3933300E-01
 -0.1461200E-01  0.9394410E+00  0.6610760E+00 -0.7786300E-01 -0.2249300E-01
  0.1640000E-01  0.6093000E-02 -0.3917160E+00 -0.2756470E+00  0.3246600E-01
  0.0000000E+00  0.0000000E+00  0.0000000E+00  0.0000000E+00  0.0000000E+00
  0.0000000E+00  0.0000000E+00  0.0000000E+00  0.0000000E+00  0.0000000E+00
 -0.0000000E+00 -0.0000000E+00 -0.0000000E+00 -0.0000000E+00 -0.0000000E+00
 -0.0000000E+00 -0.0000000E+00 -0.0000000E+00 -0.0000000E+00 -0.0000000E+00
 -0.0000000E+00 -0.0000000E+00 -0.0000000E+00 -0.0000000E+00 -0.0000000E+00
 -0.0000000E+00 -0.0000000E+00  0.4470500E-01 -0.5176800E-01  0.7063000E-02
 -0.2141000E-02 -0.1208000E-02  0.1106000E-02 -0.9167840E+00  0.1061633E+01
 -0.1448490E+00  0.4391600E-01  0.2476900E-01 -0.2268800E-01  0.3822690E+00
 -0.4426660E+00  0.6039700E-01 -0.1831100E-01 -0.1032800E-01  0.9460000E-02
 -0.0000000E+00 -0.0000000E+00 -0.0000000E+00 -0.0000000E+00 -0.0000000E+00
 -0.0000000E+00 -0.0000000E+00 -0.0000000E+00 -0.0000000E+00 -0.0000000E+00
 -0.0000000E+00 -0.0000000E+00 -0.0000000E+00 -0.0000000E+00 -0.0000000E+00
 -0.0000000E+00 -0.0000000E+00 -0.0000000E+00 -0.0000000E+00 -0.0000000E+00
 -0.0000000E+00 -0.0000000E+00 -0.0000000E+00 -0.0000000E+00 -0.0000000E+00
 -0.0000000E+00 -0.0000000E+00  0.3396200E-01  0.2179700E-01 -0.5575900E-01
 -0.7130000E-03 -0.7740000E-03  0.1480000E-03 -0.6964770E+00 -0.4469950E+00
  0.1143471E+01  0.1462000E-01  0.1587700E-01 -0.3025000E-02  0.2904080E+00
  0.1863820E+00 -0.4767900E+00 -0.6096000E-02 -0.6620000E-02  0.1261000E-02
 -0.0000000E+00 -0.0000000E+00 -0.0000000E+00 -0.0000000E+00 -0.0000000E+00
 -0.0000000E+00 -0.0000000E+00 -0.0000000E+00 -0.0000000E+00 -0.0000000E+00
  0.1273220E+00 -0.1711143E+01  0.0000000E+00  0.0000000E+00  0.0000000E+00
  0.8796948E+01  0.0000000E+00  0.0000000E+00  0.0000000E+00  0.1128154E+02
  0.0000000E+00  0.0000000E+00  0.0000000E+00 -0.1015910E+01  0.0000000E+00
  0.0000000E+00  0.0000000E+00 -0.9229630E+00 -0.9229630E+00 -0.9229630E+00
  0.0000000E+00  0.0000000E+00  0.0000000E+00 -0.4054169E+01 -0.4054169E+01
 -0.4054169E+01  0.0000000E+00  0.0000000E+00  0.0000000E+00 -0.5137804E+01
 -0.5137804E+01 -0.5137804E+01  0.0000000E+00  0.0000000E+00  0.0000000E+00
  0.0000000E+00  0.0000000E+00  0.0000000E+00  0.0000000E+00  0.0000000E+00
  0.0000000E+00  0.0000000E+00  0.0000000E+00  0.0000000E+00  0.0000000E+00
  0.0000000E+00  0.0000000E+00  0.5302260E+00 -0.1316200E+00  0.1165350E+00
  0.0000000E+00  0.3458055E+01 -0.8584070E+00  0.7600270E+00  0.0000000E+00
 -0.9360180E+00  0.2323520E+00 -0.2057220E+00  0.0000000E+00  0.1983630E+00
 -0.4924000E-01  0.4359700E-01  0.0000000E+00  0.0000000E+00  0.0000000E+00
  0.0000000E+00  0.0000000E+00  0.0000000E+00  0.0000000E+00  0.0000000E+00
  0.0000000E+00  0.0000000E+00  0.0000000E+00  0.0000000E+00  0.0000000E+00
  0.0000000E+00  0.0000000E+00  0.0000000E+00  0.0000000E+00  0.0000000E+00
 -0.2195390E+01  0.5449710E+00 -0.4825130E+00  0.2437180E+00 -0.2157860E+00
 -0.9818080E+00 -0.2157860E+00 -0.9818080E+00  0.2437180E+00  0.0000000E+00
 -0.0000000E+00 -0.0000000E+00  0.9494700E-01  0.5260570E+00  0.1621520E+00
 -0.0000000E+00  0.6192280E+00  0.3430864E+01  0.1057533E+01 -0.0000000E+00
 -0.1676110E+00 -0.9286590E+00 -0.2862510E+00 -0.0000000E+00  0.3552000E-01
  0.1968030E+00  0.6066300E-01 -0.0000000E+00 -0.0000000E+00 -0.0000000E+00
 -0.0000000E+00 -0.0000000E+00 -0.0000000E+00 -0.0000000E+00 -0.0000000E+00
 -0.0000000E+00 -0.0000000E+00 -0.0000000E+00 -0.0000000E+00 -0.0000000E+00
 -0.0000000E+00 -0.0000000E+00 -0.0000000E+00 -0.0000000E+00 -0.0000000E+00
 -0.3931250E+00 -0.2178128E+01 -0.6713880E+00 -0.9740880E+00 -0.3002540E+00
 -0.1758110E+00 -0.3002540E+00 -0.1758110E+00 -0.9740880E+00 -0.0000000E+00
 -0.0000000E+00 -0.0000000E+00 -0.1479510E+00 -0.1341060E+00  0.5216990E+00
 -0.0000000E+00 -0.9649150E+00 -0.8746180E+00  0.3402445E+01 -0.0000000E+00
  0.2611810E+00  0.2367400E+00 -0.9209660E+00 -0.0000000E+00 -0.5535000E-01
 -0.5017000E-01  0.1951730E+00 -0.0000000E+00 -0.0000000E+00 -0.0000000E+00
 -0.0000000E+00 -0.0000000E+00 -0.0000000E+00 -0.0000000E+00 -0.0000000E+00
 -0.0000000E+00 -0.0000000E+00 -0.0000000E+00 -0.0000000E+00 -0.0000000E+00
 -0.0000000E+00 -0.0000000E+00 -0.0000000E+00 -0.0000000E+00 -0.0000000E+00
  0.6125880E+00  0.5552620E+00 -0.2160085E+01  0.2483210E+00 -0.9660200E+00
  0.2739580E+00 -0.9660200E+00  0.2739580E+00  0.2483210E+00 -0.0000000E+00
 -0.2398180E+00 -0.7223960E+00  0.0000000E+00  0.0000000E+00  0.0000000E+00
  0.2606937E+01  0.0000000E+00  0.0000000E+00  0.0000000E+00  0.5556730E+00
  0.0000000E+00  0.0000000E+00  0.0000000E+00 -0.4576000E-02  0.0000000E+00
  0.0000000E+00  0.0000000E+00  0.4494800E+00  0.4494800E+00  0.4494800E+00
  0.0000000E+00  0.0000000E+00  0.0000000E+00 -0.1221240E+01 -0.1221240E+01
 -0.1221240E+01  0.0000000E+00  0.0000000E+00  0.0000000E+00 -0.4875410E+00
 -0.4875410E+00 -0.4875410E+00  0.0000000E+00  0.0000000E+00  0.0000000E+00
  0.0000000E+00  0.0000000E+00  0.0000000E+00  0.0000000E+00  0.0000000E+00
  0.0000000E+00  0.0000000E+00  0.0000000E+00  0.0000000E+00  0.0000000E+00
 -0.0000000E+00 -0.0000000E+00 -0.0000000E+00 -0.0000000E+00 -0.0000000E+00
 -0.0000000E+00 -0.0000000E+00 -0.0000000E+00 -0.0000000E+00 -0.0000000E+00
 -0.0000000E+00 -0.0000000E+00 -0.0000000E+00 -0.0000000E+00 -0.0000000E+00
 -0.0000000E+00 -0.0000000E+00 -0.3138000E-02 -0.2997000E-02  0.6135000E-02
 -0.4311390E+00  0.1015334E+01  0.2918430E+00  0.1535000E-02  0.1466000E-02
 -0.3001000E-02  0.2108870E+00 -0.4966400E+00 -0.1427520E+00 -0.4550000E-03
 -0.4350000E-03  0.8900000E-03 -0.6256800E-01  0.1473470E+00  0.4235300E-01
 -0.0000000E+00 -0.0000000E+00 -0.0000000E+00 -0.0000000E+00 -0.0000000E+00
 -0.0000000E+00 -0.0000000E+00 -0.0000000E+00 -0.0000000E+00 -0.0000000E+00
  0.0000000E+00  0.0000000E+00  0.0000000E+00  0.0000000E+00  0.0000000E+00
  0.0000000E+00  0.0000000E+00  0.0000000E+00  0.0000000E+00  0.0000000E+00
  0.0000000E+00  0.0000000E+00  0.0000000E+00  0.0000000E+00  0.0000000E+00
  0.0000000E+00  0.0000000E+00 -0.2111400E-01  0.9889000E-02  0.1122500E-01
  0.7431320E+00  0.5153880E+00 -0.6954690E+00  0.1032800E-01 -0.4837000E-02
 -0.5490000E-02 -0.3634950E+00 -0.2520970E+00  0.3401820E+00 -0.3064000E-02
  0.1435000E-02  0.1629000E-02  0.1078450E+00  0.7479400E-01 -0.1009280E+00
  0.0000000E+00  0.0000000E+00  0.0000000E+00  0.0000000E+00  0.0000000E+00
  0.0000000E+00  0.0000000E+00  0.0000000E+00  0.0000000E+00  0.0000000E+00
  0.0000000E+00  0.0000000E+00  0.0000000E+00  0.0000000E+00  0.0000000E+00
  0.0000000E+00  0.0000000E+00  0.0000000E+00  0.0000000E+00  0.0000000E+00
  0.0000000E+00  0.0000000E+00  0.0000000E+00  0.0000000E+00  0.0000000E+00
  0.0000000E+00  0.0000000E+00  0.1922800E-01  0.1870530E+00 -0.2062810E+00
  0.7355910E+00  0.7246900E-01  0.8388720E+00 -0.9405000E-02 -0.9149500E-01
  0.1009000E+00 -0.3598070E+00 -0.3544700E-01 -0.4103260E+00  0.2790000E-02
  0.2714500E-01 -0.2993600E-01  0.1067500E+00  0.1051700E-01  0.1217390E+00
  0.0000000E+00  0.0000000E+00  0.0000000E+00  0.0000000E+00  0.0000000E+00
  0.0000000E+00  0.0000000E+00  0.0000000E+00  0.0000000E+00  0.0000000E+00
  0.0000000E+00  0.0000000E+00  0.0000000E+00  0.0000000E+00  0.0000000E+00
  0.0000000E+00  0.0000000E+00  0.0000000E+00  0.0000000E+00  0.0000000E+00
  0.0000000E+00  0.0000000E+00  0.0000000E+00  0.0000000E+00  0.0000000E+00
  0.0000000E+00  0.0000000E+00  0.1010899E+01 -0.5978500E-01 -0.9511130E+00
 -0.6976100E-01  0.5429000E-02 -0.1017780E+00 -0.4944710E+00  0.2924300E-01
  0.4652280E+00  0.3412300E-01 -0.2656000E-02  0.4978400E-01  0.1467030E+00
 -0.8676000E-02 -0.1380270E+00 -0.1012400E-01  0.7880000E-03 -0.1477000E-01
  0.0000000E+00  0.0000000E+00  0.0000000E+00  0.0000000E+00  0.0000000E+00
  0.0000000E+00  0.0000000E+00  0.0000000E+00  0.0000000E+00  0.0000000E+00
  0.0000000E+00  0.0000000E+00  0.0000000E+00  0.0000000E+00  0.0000000E+00
  0.0000000E+00  0.0000000E+00  0.0000000E+00  0.0000000E+00  0.0000000E+00
  0.0000000E+00  0.0000000E+00  0.0000000E+00  0.0000000E+00  0.0000000E+00
  0.0000000E+00  0.0000000E+00 -0.5284420E+00  0.1123977E+01 -0.5955340E+00
 -0.1338160E+00 -0.1359900E-01 -0.1381220E+00  0.2584820E+00 -0.5497820E+00
  0.2913000E+00  0.6545500E-01  0.6652000E-02  0.6756100E-01 -0.7668800E-01
  0.1631130E+00 -0.8642500E-01 -0.1942000E-01 -0.1974000E-02 -0.2004500E-01
  0.0000000E+00  0.0000000E+00  0.0000000E+00  0.0000000E+00  0.0000000E+00
  0.0000000E+00  0.0000000E+00  0.0000000E+00  0.0000000E+00  0.0000000E+00
 -0.2317480E+01  0.3369292E+01 -0.0000000E+00 -0.0000000E+00 -0.0000000E+00
 -0.7248650E+00 -0.0000000E+00 -0.0000000E+00 -0.0000000E+00  0.5072530E+00
 -0.0000000E+00 -0.0000000E+00 -0.0000000E+00 -0.7230300E-01 -0.0000000E+00
 -0.0000000E+00 -0.0000000E+00 -0.7809680E+00 -0.7809680E+00 -0.7809680E+00
 -0.0000000E+00 -0.0000000E+00 -0.0000000E+00  0.3778730E+00  0.3778730E+00
  0.3778730E+00 -0.0000000E+00 -0.0000000E+00 -0.0000000E+00 -0.1073010E+00
 -0.1073010E+00 -0.1073010E+00 -0.0000000E+00 -0.0000000E+00 -0.0000000E+00
 -0.0000000E+00 -0.0000000E+00 -0.0000000E+00 -0.0000000E+00 -0.0000000E+00
 -0.0000000E+00 -0.0000000E+00 -0.0000000E+00 -0.0000000E+00 -0.0000000E+00
