  0.6150450E+00  0.4314540E+00 -0.0000000E+00 -0.0000000E+00 -0.0000000E+00
  0.1779000E-02 -0.0000000E+00 -0.0000000E+00 -0.0000000E+00  0.4862000E-02
 -0.0000000E+00 -0.0000000E+00 -0.0000000E+00 -0.5290000E-03 -0.0000000E+00
 -0.0000000E+00 -0.0000000E+00 -0.2280000E-03 -0.2280000E-03 -0.2280000E-03
 -0.0000000E+00 -0.0000000E+00 -0.0000000E+00 -0.1510000E-02 -0.1510000E-02
 -0.1510000E-02 -0.0000000E+00 -0.0000000E+00 -0.0000000E+00 -0.1910000E-02
 -0.1910000E-02 -0.1910000E-02 -0.0000000E+00 -0.0000000E+00 -0.0000000E+00
 -0.0000000E+00 -0.0000000E+00 -0.0000000E+00 -0.0000000E+00 -0.0000000E+00
 -0.0000000E+00 -0.0000000E+00 -0.0000000E+00 -0.0000000E+00 -0.0000000E+00
 -0.3266000E-01 -0.3236700E-01 -0.0000000E+00 -0.0000000E+00 -0.0000000E+00
  0.3462690E+00 -0.0000000E+00 -0.0000000E+00 -0.0000000E+00 -0.9769100E+00
 -0.0000000E+00 -0.0000000E+00 -0.0000000E+00  0.1213078E+01 -0.0000000E+00
 -0.0000000E+00 -0.0000000E+00  0.8211000E-02  0.8211000E-02  0.8211000E-02
 -0.0000000E+00 -0.0000000E+00 -0.0000000E+00  0.4170400E-01  0.4170400E-01
  0.4170400E-01 -0.0000000E+00 -0.0000000E+00 -0.0000000E+00  0.2071790E+00
  0.2071790E+00  0.2071790E+00 -0.0000000E+00 -0.0000000E+00 -0.0000000E+00
 -0.0000000E+00 -0.0000000E+00 -0.0000000E+00 -0.0000000E+00 -0.0000000E+00
 -0.0000000E+00 -0.0000000E+00 -0.0000000E+00 -0.0000000E+00 -0.0000000E+00
 -0.0000000E+00 -0.0000000E+00 -0.1091500E-01  0.6044000E-02  0.5648000E-02
 -0.0000000E+00  0.2008180E+00 -0.1112060E+00 -0.1039090E+00 -0.0000000E+00
 -0.2771080E+00  0.1534520E+00  0.1433840E+00 -0.0000000E+00  0.9257510E+00
 -0.5126470E+00 -0.4790110E+00 -0.0000000E+00 -0.0000000E+00 -0.0000000E+00
 -0.0000000E+00 -0.0000000E+00 -0.0000000E+00 -0.0000000E+00 -0.0000000E+00
 -0.0000000E+00 -0.0000000E+00 -0.0000000E+00 -0.0000000E+00 -0.0000000E+00
 -0.0000000E+00 -0.0000000E+00 -0.0000000E+00 -0.0000000E+00 -0.0000000E+00
 -0.4909700E-01  0.2718800E-01  0.2540400E-01  0.1215900E-01  0.1136100E-01
 -0.2195700E-01  0.1136100E-01 -0.2195700E-01  0.1215900E-01 -0.0000000E+00
 -0.0000000E+00 -0.0000000E+00 -0.6959000E-02 -0.1176400E-01 -0.8600000E-03
 -0.0000000E+00  0.1280440E+00  0.2164400E+00  0.1582400E-01 -0.0000000E+00
 -0.1766880E+00 -0.2986640E+00 -0.2183600E-01 -0.0000000E+00  0.5902710E+00
  0.9977640E+00  0.7294800E-01 -0.0000000E+00 -0.0000000E+00 -0.0000000E+00
 -0.0000000E+00 -0.0000000E+00 -0.0000000E+00 -0.0000000E+00 -0.0000000E+00
 -0.0000000E+00 -0.0000000E+00 -0.0000000E+00 -0.0000000E+00 -0.0000000E+00
 -0.0000000E+00 -0.0000000E+00 -0.0000000E+00 -0.0000000E+00 -0.0000000E+00
 -0.3130500E-01 -0.5291600E-01 -0.3869000E-02 -0.2366500E-01 -0.1730000E-02
 -0.1400000E-01 -0.1730000E-02 -0.1400000E-01 -0.2366500E-01 -0.0000000E+00
 -0.0000000E+00 -0.0000000E+00 -0.4472000E-02  0.3555000E-02 -0.1244700E-01
 -0.0000000E+00  0.8227100E-01 -0.6541400E-01  0.2290070E+00 -0.0000000E+00
 -0.1135260E+00  0.9026500E-01 -0.3160060E+00 -0.0000000E+00  0.3792620E+00
 -0.3015520E+00  0.1055699E+01 -0.0000000E+00 -0.0000000E+00 -0.0000000E+00
 -0.0000000E+00 -0.0000000E+00 -0.0000000E+00 -0.0000000E+00 -0.0000000E+00
 -0.0000000E+00 -0.0000000E+00 -0.0000000E+00 -0.0000000E+00 -0.0000000E+00
 -0.0000000E+00 -0.0000000E+00 -0.0000000E+00 -0.0000000E+00 -0.0000000E+00
 -0.2011400E-01  0.1599300E-01 -0.5598800E-01  0.7152000E-02 -0.2503900E-01
 -0.8995000E-02 -0.2503900E-01 -0.8995000E-02  0.7152000E-02 -0.0000000E+00
 -0.5070000E-01 -0.1384220E+00 -0.0000000E+00 -0.0000000E+00 -0.0000000E+00
 -0.1132345E+01 -0.0000000E+00 -0.0000000E+00 -0.0000000E+00  0.4892212E+01
 -0.0000000E+00 -0.0000000E+00 -0.0000000E+00 -0.1781366E+01 -0.0000000E+00
 -0.0000000E+00 -0.0000000E+00 -0.3213500E-01 -0.3213500E-01 -0.3213500E-01
 -0.0000000E+00 -0.0000000E+00 -0.0000000E+00 -0.1133160E+00 -0.1133160E+00
 -0.1133160E+00 -0.0000000E+00 -0.0000000E+00 -0.0000000E+00 -0.8024560E+00
 -0.8024560E+00 -0.8024560E+00 -0.0000000E+00 -0.0000000E+00 -0.0000000E+00
 -0.0000000E+00 -0.0000000E+00 -0.0000000E+00 -0.0000000E+00 -0.0000000E+00
 -0.0000000E+00 -0.0000000E+00 -0.0000000E+00 -0.0000000E+00 -0.0000000E+00
 -0.0000000E+00 -0.0000000E+00  0.1168910E+00 -0.5335300E-01 -0.9312200E-01
 -0.0000000E+00 -0.5834080E+00  0.2662860E+00  0.4647790E+00 -0.0000000E+00
  0.1276719E+01 -0.5827360E+00 -0.1017113E+01 -0.0000000E+00 -0.6224310E+00
  0.2840970E+00  0.4958660E+00 -0.0000000E+00 -0.0000000E+00 -0.0000000E+00
 -0.0000000E+00 -0.0000000E+00 -0.0000000E+00 -0.0000000E+00 -0.0000000E+00
 -0.0000000E+00 -0.0000000E+00 -0.0000000E+00 -0.0000000E+00 -0.0000000E+00
 -0.0000000E+00 -0.0000000E+00 -0.0000000E+00 -0.0000000E+00 -0.0000000E+00
  0.1778930E+00 -0.8119600E-01 -0.1417200E+00 -0.3631200E-01 -0.6337900E-01
  0.7955600E-01 -0.6337900E-01  0.7955600E-01 -0.3631200E-01 -0.0000000E+00
  0.0000000E+00  0.0000000E+00  0.6595100E-01  0.1443340E+00  0.9100000E-04
  0.0000000E+00 -0.3291650E+00 -0.7203770E+00 -0.4540000E-03  0.0000000E+00
  0.7203380E+00  0.1576459E+01  0.9930000E-03  0.0000000E+00 -0.3511820E+00
 -0.7685610E+00 -0.4840000E-03  0.0000000E+00  0.0000000E+00  0.0000000E+00
  0.0000000E+00  0.0000000E+00  0.0000000E+00  0.0000000E+00  0.0000000E+00
  0.0000000E+00  0.0000000E+00  0.0000000E+00  0.0000000E+00  0.0000000E+00
  0.0000000E+00  0.0000000E+00  0.0000000E+00  0.0000000E+00  0.0000000E+00
  0.1003690E+00  0.2196570E+00  0.1380000E-03  0.9823400E-01  0.6200000E-04
  0.4488600E-01  0.6200000E-04  0.4488600E-01  0.9823400E-01  0.0000000E+00
  0.0000000E+00  0.0000000E+00  0.8466800E-01 -0.3876900E-01  0.1284910E+00
  0.0000000E+00 -0.4225850E+00  0.1934980E+00 -0.6413060E+00  0.0000000E+00
  0.9247770E+00 -0.4234460E+00  0.1403422E+01  0.0000000E+00 -0.4508500E+00
  0.2064400E+00 -0.6842010E+00  0.0000000E+00  0.0000000E+00  0.0000000E+00
  0.0000000E+00  0.0000000E+00  0.0000000E+00  0.0000000E+00  0.0000000E+00
  0.0000000E+00  0.0000000E+00  0.0000000E+00  0.0000000E+00  0.0000000E+00
  0.0000000E+00  0.0000000E+00  0.0000000E+00  0.0000000E+00  0.0000000E+00
  0.1288550E+00 -0.5900100E-01  0.1955470E+00 -0.2638600E-01  0.8745100E-01
  0.5762500E-01  0.8745100E-01  0.5762500E-01 -0.2638600E-01  0.0000000E+00
  0.6608700E-01 -0.5321200E-01 -0.0000000E+00 -0.0000000E+00 -0.0000000E+00
 -0.3384059E+01 -0.0000000E+00 -0.0000000E+00 -0.0000000E+00  0.9054806E+01
 -0.0000000E+00 -0.0000000E+00 -0.0000000E+00 -0.1429016E+01 -0.0000000E+00
 -0.0000000E+00 -0.0000000E+00 -0.7982800E-01 -0.7982800E-01 -0.7982800E-01
 -0.0000000E+00 -0.0000000E+00 -0.0000000E+00 -0.3379220E+00 -0.3379220E+00
 -0.3379220E+00 -0.0000000E+00 -0.0000000E+00 -0.0000000E+00 -0.2183148E+01
 -0.2183148E+01 -0.2183148E+01 -0.0000000E+00 -0.0000000E+00 -0.0000000E+00
 -0.0000000E+00 -0.0000000E+00 -0.0000000E+00 -0.0000000E+00 -0.0000000E+00
 -0.0000000E+00 -0.0000000E+00 -0.0000000E+00 -0.0000000E+00 -0.0000000E+00
 -0.0000000E+00 -0.0000000E+00 -0.0000000E+00 -0.0000000E+00 -0.0000000E+00
 -0.0000000E+00 -0.0000000E+00 -0.0000000E+00 -0.0000000E+00 -0.0000000E+00
 -0.0000000E+00 -0.0000000E+00 -0.0000000E+00 -0.0000000E+00 -0.0000000E+00
 -0.0000000E+00 -0.0000000E+00  0.1010000E-03  0.1640000E-03 -0.2650000E-03
  0.1354000E-01 -0.9260000E-03 -0.3131000E-02 -0.5480000E-03 -0.8860000E-03
  0.1433000E-02 -0.7326900E-01  0.5008000E-02  0.1694500E-01  0.7493000E-02
  0.1212000E-01 -0.1961400E-01  0.1002692E+01 -0.6854200E-01 -0.2318970E+00
 -0.0000000E+00 -0.0000000E+00 -0.0000000E+00 -0.0000000E+00 -0.0000000E+00
 -0.0000000E+00 -0.0000000E+00 -0.0000000E+00 -0.0000000E+00 -0.0000000E+00
 -0.0000000E+00 -0.0000000E+00 -0.0000000E+00 -0.0000000E+00 -0.0000000E+00
 -0.0000000E+00 -0.0000000E+00 -0.0000000E+00 -0.0000000E+00 -0.0000000E+00
 -0.0000000E+00 -0.0000000E+00 -0.0000000E+00 -0.0000000E+00 -0.0000000E+00
 -0.0000000E+00 -0.0000000E+00 -0.2150000E-03  0.1200000E-03  0.9500000E-04
  0.2319000E-02 -0.6688000E-02  0.1199600E-01  0.1161000E-02 -0.6470000E-03
 -0.5140000E-03 -0.1254700E-01  0.3618900E-01 -0.6491700E-01 -0.1589400E-01
  0.8859000E-02  0.7035000E-02  0.1717080E+00 -0.4952510E+00  0.8883950E+00
 -0.0000000E+00 -0.0000000E+00 -0.0000000E+00 -0.0000000E+00 -0.0000000E+00
 -0.0000000E+00 -0.0000000E+00 -0.0000000E+00 -0.0000000E+00 -0.0000000E+00
 -0.0000000E+00 -0.0000000E+00 -0.0000000E+00 -0.0000000E+00 -0.0000000E+00
 -0.0000000E+00 -0.0000000E+00 -0.0000000E+00 -0.0000000E+00 -0.0000000E+00
 -0.0000000E+00 -0.0000000E+00 -0.0000000E+00 -0.0000000E+00 -0.0000000E+00
 -0.0000000E+00 -0.0000000E+00  0.1136000E-02 -0.1267000E-02  0.1310000E-03
  0.2298000E-02  0.1211500E-01  0.6330000E-02 -0.6146000E-02  0.6858000E-02
 -0.7120000E-03 -0.1243800E-01 -0.6555600E-01 -0.3425600E-01  0.8411400E-01
 -0.9385200E-01  0.9738000E-02  0.1702130E+00  0.8971380E+00  0.4688030E+00
 -0.0000000E+00 -0.0000000E+00 -0.0000000E+00 -0.0000000E+00 -0.0000000E+00
 -0.0000000E+00 -0.0000000E+00 -0.0000000E+00 -0.0000000E+00 -0.0000000E+00
  0.0000000E+00  0.0000000E+00  0.0000000E+00  0.0000000E+00  0.0000000E+00
  0.0000000E+00  0.0000000E+00  0.0000000E+00  0.0000000E+00  0.0000000E+00
  0.0000000E+00  0.0000000E+00  0.0000000E+00  0.0000000E+00  0.0000000E+00
  0.0000000E+00  0.0000000E+00 -0.3543000E-02 -0.9886000E-02  0.1342900E-01
  0.1690000E-03 -0.4300000E-03 -0.3200000E-03  0.1917300E-01  0.5349500E-01
 -0.7266900E-01 -0.9150000E-03  0.2327000E-02  0.1731000E-02 -0.2623870E+00
 -0.7320900E+00  0.9944770E+00  0.1252000E-01 -0.3185000E-01 -0.2368800E-01
  0.0000000E+00  0.0000000E+00  0.0000000E+00  0.0000000E+00  0.0000000E+00
  0.0000000E+00  0.0000000E+00  0.0000000E+00  0.0000000E+00  0.0000000E+00
 -0.0000000E+00 -0.0000000E+00 -0.0000000E+00 -0.0000000E+00 -0.0000000E+00
 -0.0000000E+00 -0.0000000E+00 -0.0000000E+00 -0.0000000E+00 -0.0000000E+00
 -0.0000000E+00 -0.0000000E+00 -0.0000000E+00 -0.0000000E+00 -0.0000000E+00
 -0.0000000E+00 -0.0000000E+00  0.1342200E-01 -0.9731000E-02 -0.3692000E-02
 -0.2150000E-03 -0.1239000E-02 -0.4050000E-03 -0.7263300E-01  0.5265600E-01
  0.1997700E-01  0.1163000E-02  0.6703000E-02  0.2190000E-02  0.9939950E+00
 -0.7206030E+00 -0.2733920E+00 -0.1591200E-01 -0.9172800E-01 -0.2997000E-01
 -0.0000000E+00 -0.0000000E+00 -0.0000000E+00 -0.0000000E+00 -0.0000000E+00
 -0.0000000E+00 -0.0000000E+00 -0.0000000E+00 -0.0000000E+00 -0.0000000E+00
  0.0000000E+00  0.0000000E+00 -0.9249100E-01  0.2482300E-01  0.3017000E-02
  0.0000000E+00  0.2765874E+01 -0.7423140E+00 -0.9023600E-01  0.0000000E+00
 -0.1856033E+01  0.4981280E+00  0.6055300E-01  0.0000000E+00  0.5257880E+00
 -0.1411130E+00 -0.1715400E-01  0.0000000E+00  0.0000000E+00  0.0000000E+00
  0.0000000E+00  0.0000000E+00  0.0000000E+00  0.0000000E+00  0.0000000E+00
  0.0000000E+00  0.0000000E+00  0.0000000E+00  0.0000000E+00  0.0000000E+00
  0.0000000E+00  0.0000000E+00  0.0000000E+00  0.0000000E+00  0.0000000E+00
 -0.5716370E+00  0.1534180E+00  0.1865000E-01  0.6861100E-01  0.8340000E-02
 -0.2556440E+00  0.8340000E-02 -0.2556440E+00  0.6861100E-01  0.0000000E+00
  0.0000000E+00  0.0000000E+00  0.1434000E-02  0.1680900E-01 -0.9431500E-01
  0.0000000E+00 -0.4289200E-01 -0.5026640E+00  0.2820411E+01  0.0000000E+00
  0.2878200E-01  0.3373120E+00 -0.1892630E+01  0.0000000E+00 -0.8154000E-02
 -0.9555600E-01  0.5361560E+00  0.0000000E+00  0.0000000E+00  0.0000000E+00
  0.0000000E+00  0.0000000E+00  0.0000000E+00  0.0000000E+00  0.0000000E+00
  0.0000000E+00  0.0000000E+00  0.0000000E+00  0.0000000E+00  0.0000000E+00
  0.0000000E+00  0.0000000E+00  0.0000000E+00  0.0000000E+00  0.0000000E+00
  0.8865000E-02  0.1038880E+00 -0.5829090E+00  0.4646000E-01 -0.2606850E+00
  0.3964000E-02 -0.2606850E+00  0.3964000E-02  0.4646000E-01  0.0000000E+00
  0.0000000E+00  0.0000000E+00 -0.2496500E-01 -0.9100100E-01 -0.1659800E-01
  0.0000000E+00  0.7465470E+00  0.2721310E+01  0.4963550E+00  0.0000000E+00
 -0.5009690E+00 -0.1826129E+01 -0.3330780E+00  0.0000000E+00  0.1419170E+00
  0.5173170E+00  0.9435600E-01  0.0000000E+00  0.0000000E+00  0.0000000E+00
  0.0000000E+00  0.0000000E+00  0.0000000E+00  0.0000000E+00  0.0000000E+00
  0.0000000E+00  0.0000000E+00  0.0000000E+00  0.0000000E+00  0.0000000E+00
  0.0000000E+00  0.0000000E+00  0.0000000E+00  0.0000000E+00  0.0000000E+00
 -0.1542930E+00 -0.5624270E+00 -0.1025840E+00 -0.2515250E+00 -0.4587700E-01
 -0.6900200E-01 -0.4587700E-01 -0.6900200E-01 -0.2515250E+00  0.0000000E+00
 -0.1133380E+00 -0.5783020E+00 -0.0000000E+00 -0.0000000E+00 -0.0000000E+00
 -0.1939630E+00 -0.0000000E+00 -0.0000000E+00 -0.0000000E+00  0.9456143E+01
 -0.0000000E+00 -0.0000000E+00 -0.0000000E+00 -0.9888930E+00 -0.0000000E+00
 -0.0000000E+00 -0.0000000E+00 -0.2007000E+00 -0.2007000E+00 -0.2007000E+00
 -0.0000000E+00 -0.0000000E+00 -0.0000000E+00 -0.7263090E+00 -0.7263090E+00
 -0.7263090E+00 -0.0000000E+00 -0.0000000E+00 -0.0000000E+00 -0.3401044E+01
 -0.3401044E+01 -0.3401044E+01 -0.0000000E+00 -0.0000000E+00 -0.0000000E+00
 -0.0000000E+00 -0.0000000E+00 -0.0000000E+00 -0.0000000E+00 -0.0000000E+00
 -0.0000000E+00 -0.0000000E+00 -0.0000000E+00 -0.0000000E+00 -0.0000000E+00
 -0.0000000E+00 -0.0000000E+00 -0.1184391E+01  0.2167160E+00 -0.1654590E+00
 -0.0000000E+00  0.4543396E+01 -0.8313360E+00  0.6347110E+00 -0.0000000E+00
 -0.1638594E+01  0.2998250E+00 -0.2289110E+00 -0.0000000E+00  0.3767300E+00
 -0.6893300E-01  0.5262900E-01 -0.0000000E+00 -0.0000000E+00 -0.0000000E+00
 -0.0000000E+00 -0.0000000E+00 -0.0000000E+00 -0.0000000E+00 -0.0000000E+00
 -0.0000000E+00 -0.0000000E+00 -0.0000000E+00 -0.0000000E+00 -0.0000000E+00
 -0.0000000E+00 -0.0000000E+00 -0.0000000E+00 -0.0000000E+00 -0.0000000E+00
 -0.1903732E+01  0.3483390E+00 -0.2659510E+00  0.1557820E+00 -0.1189370E+00
 -0.8513750E+00 -0.1189370E+00 -0.8513750E+00  0.1557820E+00 -0.0000000E+00
  0.0000000E+00  0.0000000E+00  0.1966960E+00  0.1683620E+00 -0.1187472E+01
  0.0000000E+00 -0.7545370E+00 -0.6458460E+00  0.4555215E+01  0.0000000E+00
  0.2721270E+00  0.2329270E+00 -0.1642857E+01  0.0000000E+00 -0.6256500E-01
 -0.5355200E-01  0.3777100E+00  0.0000000E+00  0.0000000E+00  0.0000000E+00
  0.0000000E+00  0.0000000E+00  0.0000000E+00  0.0000000E+00  0.0000000E+00
  0.0000000E+00  0.0000000E+00  0.0000000E+00  0.0000000E+00  0.0000000E+00
  0.0000000E+00  0.0000000E+00  0.0000000E+00  0.0000000E+00  0.0000000E+00
  0.3161590E+00  0.2706160E+00 -0.1908684E+01  0.1210230E+00 -0.8535890E+00
  0.1413910E+00 -0.8535890E+00  0.1413910E+00  0.1210230E+00  0.0000000E+00
 -0.0000000E+00 -0.0000000E+00 -0.1888210E+00 -0.1183982E+01 -0.1991440E+00
 -0.0000000E+00  0.7243290E+00  0.4541827E+01  0.7639270E+00 -0.0000000E+00
 -0.2612320E+00 -0.1638028E+01 -0.2755130E+00 -0.0000000E+00  0.6006000E-01
  0.3766000E+00  0.6334300E-01 -0.0000000E+00 -0.0000000E+00 -0.0000000E+00
 -0.0000000E+00 -0.0000000E+00 -0.0000000E+00 -0.0000000E+00 -0.0000000E+00
 -0.0000000E+00 -0.0000000E+00 -0.0000000E+00 -0.0000000E+00 -0.0000000E+00
 -0.0000000E+00 -0.0000000E+00 -0.0000000E+00 -0.0000000E+00 -0.0000000E+00
 -0.3035010E+00 -0.1903074E+01 -0.3200940E+00 -0.8510810E+00 -0.1431500E+00
 -0.1357300E+00 -0.1431500E+00 -0.1357300E+00 -0.8510810E+00 -0.0000000E+00
  0.0000000E+00  0.0000000E+00  0.0000000E+00  0.0000000E+00  0.0000000E+00
  0.0000000E+00  0.0000000E+00  0.0000000E+00  0.0000000E+00  0.0000000E+00
  0.0000000E+00  0.0000000E+00  0.0000000E+00  0.0000000E+00  0.0000000E+00
  0.0000000E+00  0.0000000E+00  0.0000000E+00  0.0000000E+00  0.0000000E+00
  0.0000000E+00  0.0000000E+00  0.0000000E+00  0.0000000E+00  0.0000000E+00
  0.0000000E+00  0.0000000E+00  0.0000000E+00  0.0000000E+00  0.0000000E+00
  0.0000000E+00  0.0000000E+00  0.0000000E+00  0.0000000E+00  0.0000000E+00
  0.9425320E+00 -0.4906100E-01  0.1653120E+00 -0.8250700E-01  0.2281400E-01
 -0.6629310E+00 -0.2446030E+00 -0.6016080E+00  0.1483300E+00 -0.1976020E+00
  0.0000000E+00  0.0000000E+00  0.0000000E+00  0.0000000E+00  0.0000000E+00
  0.0000000E+00  0.0000000E+00  0.0000000E+00  0.0000000E+00  0.0000000E+00
  0.0000000E+00  0.0000000E+00  0.0000000E+00  0.0000000E+00  0.0000000E+00
  0.0000000E+00  0.0000000E+00  0.0000000E+00  0.0000000E+00  0.0000000E+00
  0.0000000E+00  0.0000000E+00  0.0000000E+00  0.0000000E+00  0.0000000E+00
  0.0000000E+00  0.0000000E+00  0.0000000E+00  0.0000000E+00  0.0000000E+00
  0.0000000E+00  0.0000000E+00  0.0000000E+00  0.0000000E+00  0.0000000E+00
 -0.8857900E-01 -0.6631000E-01 -0.2138470E+00 -0.5596800E+00  0.5699580E+00
 -0.2211320E+00 -0.2830510E+00  0.3399740E+00  0.6486450E+00  0.3284120E+00
 -0.0000000E+00 -0.0000000E+00 -0.0000000E+00 -0.0000000E+00 -0.0000000E+00
 -0.0000000E+00 -0.0000000E+00 -0.0000000E+00 -0.0000000E+00 -0.0000000E+00
 -0.0000000E+00 -0.0000000E+00 -0.0000000E+00 -0.0000000E+00 -0.0000000E+00
 -0.0000000E+00 -0.0000000E+00 -0.0000000E+00 -0.0000000E+00 -0.0000000E+00
 -0.0000000E+00 -0.0000000E+00 -0.0000000E+00 -0.0000000E+00 -0.0000000E+00
 -0.0000000E+00 -0.0000000E+00 -0.0000000E+00 -0.0000000E+00 -0.0000000E+00
 -0.0000000E+00 -0.0000000E+00 -0.0000000E+00 -0.0000000E+00 -0.0000000E+00
  0.1286200E-01  0.2361510E+00 -0.5300630E+00  0.2536110E+00  0.7865600E+00
 -0.2635750E+00 -0.7540600E-01  0.2463190E+00 -0.5704410E+00 -0.3200330E+00
 -0.0000000E+00 -0.0000000E+00 -0.0000000E+00 -0.0000000E+00 -0.0000000E+00
 -0.0000000E+00 -0.0000000E+00 -0.0000000E+00 -0.0000000E+00 -0.0000000E+00
 -0.0000000E+00 -0.0000000E+00 -0.0000000E+00 -0.0000000E+00 -0.0000000E+00
 -0.0000000E+00 -0.0000000E+00 -0.0000000E+00 -0.0000000E+00 -0.0000000E+00
 -0.0000000E+00 -0.0000000E+00 -0.0000000E+00 -0.0000000E+00 -0.0000000E+00
 -0.0000000E+00 -0.0000000E+00 -0.0000000E+00 -0.0000000E+00 -0.0000000E+00
 -0.0000000E+00 -0.0000000E+00 -0.0000000E+00 -0.0000000E+00 -0.0000000E+00
  0.2595570E+00  0.3067700E-01 -0.7090700E+00 -0.9152500E-01 -0.4003000E-01
 -0.2530200E+00  0.9913480E+00 -0.9521200E-01  0.5036800E-01  0.2435490E+00
 -0.0000000E+00 -0.0000000E+00 -0.0000000E+00 -0.0000000E+00 -0.0000000E+00
 -0.0000000E+00 -0.0000000E+00 -0.0000000E+00 -0.0000000E+00 -0.0000000E+00
 -0.0000000E+00 -0.0000000E+00 -0.0000000E+00 -0.0000000E+00 -0.0000000E+00
 -0.0000000E+00 -0.0000000E+00 -0.0000000E+00 -0.0000000E+00 -0.0000000E+00
 -0.0000000E+00 -0.0000000E+00 -0.0000000E+00 -0.0000000E+00 -0.0000000E+00
 -0.0000000E+00 -0.0000000E+00 -0.0000000E+00 -0.0000000E+00 -0.0000000E+00
 -0.0000000E+00 -0.0000000E+00 -0.0000000E+00 -0.0000000E+00 -0.0000000E+00
 -0.4214900E-01 -0.1140470E+00 -0.3638680E+00 -0.1414980E+00  0.4145910E+00
  0.7324540E+00  0.7358900E-01 -0.6759050E+00  0.2945070E+00 -0.2992170E+00
 -0.0000000E+00 -0.0000000E+00 -0.0000000E+00 -0.0000000E+00 -0.0000000E+00
 -0.0000000E+00 -0.0000000E+00 -0.0000000E+00 -0.0000000E+00 -0.0000000E+00
 -0.0000000E+00 -0.0000000E+00 -0.0000000E+00 -0.0000000E+00 -0.0000000E+00
 -0.0000000E+00 -0.0000000E+00 -0.0000000E+00 -0.0000000E+00 -0.0000000E+00
 -0.0000000E+00 -0.0000000E+00 -0.0000000E+00 -0.0000000E+00 -0.0000000E+00
 -0.0000000E+00 -0.0000000E+00 -0.0000000E+00 -0.0000000E+00 -0.0000000E+00
 -0.0000000E+00 -0.0000000E+00 -0.0000000E+00 -0.0000000E+00 -0.0000000E+00
  0.3230900E-01  0.9603280E+00  0.1029490E+00 -0.8038050E+00 -0.9237300E-01
  0.1169040E+00 -0.4574900E-01 -0.1602510E+00 -0.4846100E+00  0.7639200E-01
 -0.0000000E+00 -0.0000000E+00 -0.0000000E+00 -0.0000000E+00 -0.0000000E+00
 -0.0000000E+00 -0.0000000E+00 -0.0000000E+00 -0.0000000E+00 -0.0000000E+00
 -0.0000000E+00 -0.0000000E+00 -0.0000000E+00 -0.0000000E+00 -0.0000000E+00
 -0.0000000E+00 -0.0000000E+00 -0.0000000E+00 -0.0000000E+00 -0.0000000E+00
 -0.0000000E+00 -0.0000000E+00 -0.0000000E+00 -0.0000000E+00 -0.0000000E+00
 -0.0000000E+00 -0.0000000E+00 -0.0000000E+00 -0.0000000E+00 -0.0000000E+00
 -0.0000000E+00 -0.0000000E+00 -0.0000000E+00 -0.0000000E+00 -0.0000000E+00
  0.1828450E+00 -0.3536200E-01 -0.1397400E-01  0.3756730E+00  0.2719020E+00
  0.1672630E+00 -0.2531540E+00 -0.4125760E+00 -0.3282310E+00  0.7720080E+00
 -0.0000000E+00 -0.0000000E+00 -0.0000000E+00 -0.0000000E+00 -0.0000000E+00
 -0.0000000E+00 -0.0000000E+00 -0.0000000E+00 -0.0000000E+00 -0.0000000E+00
 -0.0000000E+00 -0.0000000E+00 -0.0000000E+00 -0.0000000E+00 -0.0000000E+00
 -0.0000000E+00 -0.0000000E+00  0.2510000E-03  0.1890000E-03 -0.4400000E-03
  0.1181000E-02 -0.4377000E-02 -0.5541900E-01 -0.5195000E-02 -0.3911000E-02
  0.9106000E-02 -0.2445800E-01  0.9063100E-01  0.1147512E+01  0.2086000E-02
  0.1571000E-02 -0.3657000E-02  0.9823000E-02 -0.3639900E-01 -0.4608660E+00
 -0.0000000E+00 -0.0000000E+00 -0.0000000E+00 -0.0000000E+00 -0.0000000E+00
 -0.0000000E+00 -0.0000000E+00 -0.0000000E+00 -0.0000000E+00 -0.0000000E+00
  0.0000000E+00  0.0000000E+00  0.0000000E+00  0.0000000E+00  0.0000000E+00
  0.0000000E+00  0.0000000E+00  0.0000000E+00  0.0000000E+00  0.0000000E+00
  0.0000000E+00  0.0000000E+00  0.0000000E+00  0.0000000E+00  0.0000000E+00
  0.0000000E+00  0.0000000E+00 -0.5370000E-03 -0.1270000E-03  0.6630000E-03
 -0.4173000E-01  0.3655000E-01 -0.3782000E-02  0.1111600E-01  0.2620000E-02
 -0.1373600E-01  0.8640600E+00 -0.7567940E+00  0.7830000E-01 -0.4465000E-02
 -0.1052000E-02  0.5517000E-02 -0.3470250E+00  0.3039450E+00 -0.3144700E-01
  0.0000000E+00  0.0000000E+00  0.0000000E+00  0.0000000E+00  0.0000000E+00
  0.0000000E+00  0.0000000E+00  0.0000000E+00  0.0000000E+00  0.0000000E+00
  0.0000000E+00  0.0000000E+00  0.0000000E+00  0.0000000E+00  0.0000000E+00
  0.0000000E+00  0.0000000E+00  0.0000000E+00  0.0000000E+00  0.0000000E+00
  0.0000000E+00  0.0000000E+00  0.0000000E+00  0.0000000E+00  0.0000000E+00
  0.0000000E+00  0.0000000E+00 -0.2815000E-02  0.2310000E-02  0.5050000E-03
 -0.3666100E-01 -0.4162700E-01  0.2500000E-02  0.5829100E-01 -0.4784000E-01
 -0.1045100E-01  0.7590970E+00  0.8619210E+00 -0.5177300E-01 -0.2341100E-01
  0.1921300E-01  0.4197000E-02 -0.3048700E+00 -0.3461660E+00  0.2079300E-01
  0.0000000E+00  0.0000000E+00  0.0000000E+00  0.0000000E+00  0.0000000E+00
  0.0000000E+00  0.0000000E+00  0.0000000E+00  0.0000000E+00  0.0000000E+00
  0.0000000E+00  0.0000000E+00  0.0000000E+00  0.0000000E+00  0.0000000E+00
  0.0000000E+00  0.0000000E+00  0.0000000E+00  0.0000000E+00  0.0000000E+00
  0.0000000E+00  0.0000000E+00  0.0000000E+00  0.0000000E+00  0.0000000E+00
  0.0000000E+00  0.0000000E+00 -0.5280400E-01  0.4126800E-01  0.1153600E-01
  0.2261000E-02  0.1996000E-02 -0.2360000E-03  0.1093353E+01 -0.8544950E+00
 -0.2388580E+00 -0.4681500E-01 -0.4132000E-01  0.4888000E-02 -0.4391140E+00
  0.3431840E+00  0.9593100E-01  0.1880200E-01  0.1659500E-01 -0.1963000E-02
  0.0000000E+00  0.0000000E+00  0.0000000E+00  0.0000000E+00  0.0000000E+00
  0.0000000E+00  0.0000000E+00  0.0000000E+00  0.0000000E+00  0.0000000E+00
  0.0000000E+00  0.0000000E+00  0.0000000E+00  0.0000000E+00  0.0000000E+00
  0.0000000E+00  0.0000000E+00  0.0000000E+00  0.0000000E+00  0.0000000E+00
  0.0000000E+00  0.0000000E+00  0.0000000E+00  0.0000000E+00  0.0000000E+00
  0.0000000E+00  0.0000000E+00  0.1719100E-01  0.3719700E-01 -0.5438800E-01
 -0.3790000E-03  0.5180000E-03  0.3750000E-03 -0.3559650E+00 -0.7702000E+00
  0.1126164E+01  0.7852000E-02 -0.1072900E-01 -0.7768000E-02  0.1429630E+00
  0.3093290E+00 -0.4522920E+00 -0.3154000E-02  0.4309000E-02  0.3120000E-02
  0.0000000E+00  0.0000000E+00  0.0000000E+00  0.0000000E+00  0.0000000E+00
  0.0000000E+00  0.0000000E+00  0.0000000E+00  0.0000000E+00  0.0000000E+00
  0.1302750E+00 -0.1702166E+01  0.0000000E+00  0.0000000E+00  0.0000000E+00
  0.8792766E+01  0.0000000E+00  0.0000000E+00  0.0000000E+00  0.1113461E+02
  0.0000000E+00  0.0000000E+00  0.0000000E+00 -0.1001000E+01  0.0000000E+00
  0.0000000E+00  0.0000000E+00 -0.9163190E+00 -0.9163190E+00 -0.9163190E+00
  0.0000000E+00  0.0000000E+00  0.0000000E+00 -0.4049644E+01 -0.4049644E+01
 -0.4049644E+01  0.0000000E+00  0.0000000E+00  0.0000000E+00 -0.5082125E+01
 -0.5082125E+01 -0.5082125E+01  0.0000000E+00  0.0000000E+00  0.0000000E+00
  0.0000000E+00  0.0000000E+00  0.0000000E+00  0.0000000E+00  0.0000000E+00
  0.0000000E+00  0.0000000E+00  0.0000000E+00  0.0000000E+00  0.0000000E+00
 -0.0000000E+00 -0.0000000E+00  0.5362270E+00 -0.1252360E+00  0.1258390E+00
 -0.0000000E+00  0.3423609E+01 -0.7995870E+00  0.8034360E+00 -0.0000000E+00
 -0.9253630E+00  0.2161190E+00 -0.2171600E+00 -0.0000000E+00  0.1960540E+00
 -0.4578900E-01  0.4600900E-01 -0.0000000E+00 -0.0000000E+00 -0.0000000E+00
 -0.0000000E+00 -0.0000000E+00 -0.0000000E+00 -0.0000000E+00 -0.0000000E+00
 -0.0000000E+00 -0.0000000E+00 -0.0000000E+00 -0.0000000E+00 -0.0000000E+00
 -0.0000000E+00 -0.0000000E+00 -0.0000000E+00 -0.0000000E+00 -0.0000000E+00
 -0.2183896E+01  0.5100510E+00 -0.5125060E+00  0.2281020E+00 -0.2292000E+00
 -0.9766680E+00 -0.2292000E+00 -0.9766680E+00  0.2281020E+00 -0.0000000E+00
 -0.0000000E+00 -0.0000000E+00 -0.1146800E-01  0.3751000E+00  0.4221690E+00
 -0.0000000E+00 -0.7321700E-01  0.2394875E+01  0.2695396E+01 -0.0000000E+00
  0.1979000E-01 -0.6473080E+00 -0.7285350E+00 -0.0000000E+00 -0.4193000E-02
  0.1371430E+00  0.1543530E+00 -0.0000000E+00 -0.0000000E+00 -0.0000000E+00
 -0.0000000E+00 -0.0000000E+00 -0.0000000E+00 -0.0000000E+00 -0.0000000E+00
 -0.0000000E+00 -0.0000000E+00 -0.0000000E+00 -0.0000000E+00 -0.0000000E+00
 -0.0000000E+00 -0.0000000E+00 -0.0000000E+00 -0.0000000E+00 -0.0000000E+00
  0.4670500E-01 -0.1527674E+01 -0.1719374E+01 -0.6831970E+00 -0.7689280E+00
  0.2088700E-01 -0.7689280E+00  0.2088700E-01 -0.6831970E+00 -0.0000000E+00
 -0.0000000E+00 -0.0000000E+00  0.1771670E+00  0.4033290E+00 -0.3535480E+00
 -0.0000000E+00  0.1131145E+01  0.2575108E+01 -0.2257273E+01 -0.0000000E+00
 -0.3057360E+00 -0.6960230E+00  0.6101150E+00 -0.0000000E+00  0.6477500E-01
  0.1474640E+00 -0.1292630E+00 -0.0000000E+00 -0.0000000E+00 -0.0000000E+00
 -0.0000000E+00 -0.0000000E+00 -0.0000000E+00 -0.0000000E+00 -0.0000000E+00
 -0.0000000E+00 -0.0000000E+00 -0.0000000E+00 -0.0000000E+00 -0.0000000E+00
 -0.0000000E+00 -0.0000000E+00 -0.0000000E+00 -0.0000000E+00 -0.0000000E+00
 -0.7215490E+00 -0.1642643E+01  0.1439898E+01 -0.7346120E+00  0.6439420E+00
 -0.3226870E+00  0.6439420E+00 -0.3226870E+00 -0.7346120E+00 -0.0000000E+00
 -0.2421660E+00 -0.7177320E+00  0.0000000E+00  0.0000000E+00  0.0000000E+00
  0.2552855E+01  0.0000000E+00  0.0000000E+00  0.0000000E+00  0.5246750E+00
  0.0000000E+00  0.0000000E+00  0.0000000E+00 -0.2410000E-02  0.0000000E+00
  0.0000000E+00  0.0000000E+00  0.4550250E+00  0.4550250E+00  0.4550250E+00
  0.0000000E+00  0.0000000E+00  0.0000000E+00 -0.1198046E+01 -0.1198046E+01
 -0.1198046E+01  0.0000000E+00  0.0000000E+00  0.0000000E+00 -0.4700920E+00
 -0.4700920E+00 -0.4700920E+00  0.0000000E+00  0.0000000E+00  0.0000000E+00
  0.0000000E+00  0.0000000E+00  0.0000000E+00  0.0000000E+00  0.0000000E+00
  0.0000000E+00  0.0000000E+00  0.0000000E+00  0.0000000E+00  0.0000000E+00
  0.0000000E+00  0.0000000E+00  0.0000000E+00  0.0000000E+00  0.0000000E+00
  0.0000000E+00  0.0000000E+00  0.0000000E+00  0.0000000E+00  0.0000000E+00
  0.0000000E+00  0.0000000E+00  0.0000000E+00  0.0000000E+00  0.0000000E+00
  0.0000000E+00  0.0000000E+00  0.1891900E-01  0.4502400E-01 -0.6394300E-01
  0.1841360E+00  0.1117265E+01  0.1245360E+00 -0.9259000E-02 -0.2203600E-01
  0.3129500E-01 -0.9012000E-01 -0.5468150E+00 -0.6095100E-01  0.2735000E-02
  0.6509000E-02 -0.9244000E-02  0.2661900E-01  0.1615130E+00  0.1800300E-01
  0.0000000E+00  0.0000000E+00  0.0000000E+00  0.0000000E+00  0.0000000E+00
  0.0000000E+00  0.0000000E+00  0.0000000E+00  0.0000000E+00  0.0000000E+00
 -0.0000000E+00 -0.0000000E+00 -0.0000000E+00 -0.0000000E+00 -0.0000000E+00
 -0.0000000E+00 -0.0000000E+00 -0.0000000E+00 -0.0000000E+00 -0.0000000E+00
 -0.0000000E+00 -0.0000000E+00 -0.0000000E+00 -0.0000000E+00 -0.0000000E+00
 -0.0000000E+00 -0.0000000E+00 -0.4140960E+00 -0.2263190E+00  0.6404150E+00
 -0.2355020E+00 -0.2717500E-01  0.9077040E+00  0.2026680E+00  0.1107660E+00
 -0.3134340E+00  0.1152600E+00  0.1330000E-01 -0.4442510E+00 -0.5986200E-01
 -0.3271700E-01  0.9257900E-01 -0.3404400E-01 -0.3928000E-02  0.1312180E+00
 -0.0000000E+00 -0.0000000E+00 -0.0000000E+00 -0.0000000E+00 -0.0000000E+00
 -0.0000000E+00 -0.0000000E+00 -0.0000000E+00 -0.0000000E+00 -0.0000000E+00
 -0.0000000E+00 -0.0000000E+00 -0.0000000E+00 -0.0000000E+00 -0.0000000E+00
 -0.0000000E+00 -0.0000000E+00 -0.0000000E+00 -0.0000000E+00 -0.0000000E+00
 -0.0000000E+00 -0.0000000E+00 -0.0000000E+00 -0.0000000E+00 -0.0000000E+00
 -0.0000000E+00 -0.0000000E+00 -0.3615700E+00 -0.5764550E+00  0.9380250E+00
  0.8061600E-01  0.1114860E+00 -0.6227370E+00  0.1769610E+00  0.2821300E+00
 -0.4590910E+00 -0.3945600E-01 -0.5456400E-01  0.3047810E+00 -0.5226900E-01
 -0.8333300E-01  0.1356020E+00  0.1165400E-01  0.1611600E-01 -0.9002300E-01
 -0.0000000E+00 -0.0000000E+00 -0.0000000E+00 -0.0000000E+00 -0.0000000E+00
 -0.0000000E+00 -0.0000000E+00 -0.0000000E+00 -0.0000000E+00 -0.0000000E+00
 -0.0000000E+00 -0.0000000E+00 -0.0000000E+00 -0.0000000E+00 -0.0000000E+00
 -0.0000000E+00 -0.0000000E+00 -0.0000000E+00 -0.0000000E+00 -0.0000000E+00
 -0.0000000E+00 -0.0000000E+00 -0.0000000E+00 -0.0000000E+00 -0.0000000E+00
 -0.0000000E+00 -0.0000000E+00  0.9976760E+00 -0.9572010E+00 -0.4047600E-01
 -0.1647000E-02 -0.4964000E-02  0.1627830E+00 -0.4882850E+00  0.4684760E+00
  0.1981000E-01  0.8060000E-03  0.2430000E-02 -0.7967000E-01  0.1442250E+00
 -0.1383740E+00 -0.5851000E-02 -0.2380000E-03 -0.7180000E-03  0.2353200E-01
 -0.0000000E+00 -0.0000000E+00 -0.0000000E+00 -0.0000000E+00 -0.0000000E+00
 -0.0000000E+00 -0.0000000E+00 -0.0000000E+00 -0.0000000E+00 -0.0000000E+00
 -0.0000000E+00 -0.0000000E+00 -0.0000000E+00 -0.0000000E+00 -0.0000000E+00
 -0.0000000E+00 -0.0000000E+00 -0.0000000E+00 -0.0000000E+00 -0.0000000E+00
 -0.0000000E+00 -0.0000000E+00 -0.0000000E+00 -0.0000000E+00 -0.0000000E+00
 -0.0000000E+00 -0.0000000E+00 -0.6393100E-01 -0.1520100E-01  0.7913200E-01
  0.1098246E+01 -0.2013430E+00  0.2197190E+00  0.3128900E-01  0.7439000E-02
 -0.3872900E-01 -0.5375060E+00  0.9854200E-01 -0.1075350E+00 -0.9242000E-02
 -0.2197000E-02  0.1143900E-01  0.1587630E+00 -0.2910600E-01  0.3176300E-01
 -0.0000000E+00 -0.0000000E+00 -0.0000000E+00 -0.0000000E+00 -0.0000000E+00
 -0.0000000E+00 -0.0000000E+00 -0.0000000E+00 -0.0000000E+00 -0.0000000E+00
 -0.2318445E+01  0.3368317E+01 -0.0000000E+00 -0.0000000E+00 -0.0000000E+00
 -0.7232320E+00 -0.0000000E+00 -0.0000000E+00 -0.0000000E+00  0.5069650E+00
 -0.0000000E+00 -0.0000000E+00 -0.0000000E+00 -0.7223500E-01 -0.0000000E+00
 -0.0000000E+00 -0.0000000E+00 -0.7807160E+00 -0.7807160E+00 -0.7807160E+00
 -0.0000000E+00 -0.0000000E+00 -0.0000000E+00  0.3771790E+00  0.3771790E+00
  0.3771790E+00 -0.0000000E+00 -0.0000000E+00 -0.0000000E+00 -0.1073770E+00
 -0.1073770E+00 -0.1073770E+00 -0.0000000E+00 -0.0000000E+00 -0.0000000E+00
 -0.0000000E+00 -0.0000000E+00 -0.0000000E+00 -0.0000000E+00 -0.0000000E+00
 -0.0000000E+00 -0.0000000E+00 -0.0000000E+00 -0.0000000E+00 -0.0000000E+00
