
 0.0022870400000000  
 
 0.0176350000000000  
 
 0.0873434000000000  
 
 0.2809770000000000  
 
 0.6587410000000000  
 
 0.1187120000000000  
 
 0.0933293000000000  
 
 0.9430450000000000  
 
 -0.0027982700000000  
 
 0.0327661000000000  
 
 0.1597920000000000  
 
 0.8856670000000000  
 
 0.0327661000000000  
 
 0.1597920000000000  
 
 0.8856670000000000  
 
 0.0327661000000000  
 
 0.1597920000000000  
 
 0.8856670000000000  
 
 1.0000000000000000  
 
 1.0000000000000000  
 
 1.0000000000000000  
 
 1.0000000000000000  
 
 1.0000000000000000  
 
 1.0000000000000000  
 
 1.0000000000000000  
 
 1.0000000000000000  
 
 1.0000000000000000  
 
 1.0000000000000000  
 
 1.0000000000000000  
 
 1.0000000000000000  
 
 1.0000000000000000  
 
 1.0000000000000000  
 
 1.0000000000000000  
 
 1.0000000000000000  
 
 1.0000000000000000  
 
 1.0000000000000000  
 
 1.0000000000000000  
 
 1.0000000000000000  
 
 1.0000000000000000  
 
 1.0000000000000000  
 
 1.0000000000000000  
 
 1.0000000000000000  
 
 1.0000000000000000  
 
 1.0000000000000000  
 
 1.0000000000000000  
 
 1.0000000000000000  
 
 1.0000000000000000  
 
 1.0000000000000000  
 
 1.0000000000000000  
 
 1.0000000000000000  
 
 1.0000000000000000  
 
 1.0000000000000000  
 
 1.0000000000000000  
 
 1.0000000000000000  
 
 1.0000000000000000  
 
 1.0000000000000000  
 
 1.0000000000000000  
 
 1.0000000000000000  
 