
 402.0000000000000000  
 
 60.2400000000000020  
 
 13.7300000000000004  
 
 3.9049999999999998  
 
 1.2829999999999999  
 
 0.4655000000000000  
 
 0.1811000000000000  
 
 0.0727900000000000  
 
 4.5160000000000000  
 
 4.5160000000000000  
 
 4.5160000000000000  
 
 1.7120000000000000  
 
 1.7120000000000000  
 
 1.7120000000000000  
 
 0.6490000000000000  
 
 0.6490000000000000  
 
 0.6490000000000000  
 
 0.2460000000000000  
 
 0.2460000000000000  
 
 0.2460000000000000  
 
 2.9500000000000002  
 
 2.9500000000000002  
 
 2.9500000000000002  
 
 2.9500000000000002  
 
 2.9500000000000002  
 
 2.9500000000000002  
 
 1.2060000000000000  
 
 1.2060000000000000  
 
 1.2060000000000000  
 
 1.2060000000000000  
 
 1.2060000000000000  
 
 1.2060000000000000  
 
 0.4930000000000000  
 
 0.4930000000000000  
 
 0.4930000000000000  
 
 0.4930000000000000  
 
 0.4930000000000000  
 
 0.4930000000000000  
 
 2.5059999999999998  
 
 2.5059999999999998  
 
 2.5059999999999998  
 
 2.5059999999999998  
 
 2.5059999999999998  
 
 2.5059999999999998  
 
 2.5059999999999998  
 
 2.5059999999999998  
 
 2.5059999999999998  
 
 2.5059999999999998  
 
 0.8750000000000000  
 
 0.8750000000000000  
 
 0.8750000000000000  
 
 0.8750000000000000  
 
 0.8750000000000000  
 
 0.8750000000000000  
 
 0.8750000000000000  
 
 0.8750000000000000  
 
 0.8750000000000000  
 
 0.8750000000000000  
 
 402.0000000000000000  
 
 60.2400000000000020  
 
 13.7300000000000004  
 
 3.9049999999999998  
 
 1.2829999999999999  
 
 0.4655000000000000  
 
 0.1811000000000000  
 
 0.0727900000000000  
 
 4.5160000000000000  
 
 4.5160000000000000  
 
 4.5160000000000000  
 
 1.7120000000000000  
 
 1.7120000000000000  
 
 1.7120000000000000  
 
 0.6490000000000000  
 
 0.6490000000000000  
 
 0.6490000000000000  
 
 0.2460000000000000  
 
 0.2460000000000000  
 
 0.2460000000000000  
 
 2.9500000000000002  
 
 2.9500000000000002  
 
 2.9500000000000002  
 
 2.9500000000000002  
 
 2.9500000000000002  
 
 2.9500000000000002  
 
 1.2060000000000000  
 
 1.2060000000000000  
 
 1.2060000000000000  
 
 1.2060000000000000  
 
 1.2060000000000000  
 
 1.2060000000000000  
 
 0.4930000000000000  
 
 0.4930000000000000  
 
 0.4930000000000000  
 
 0.4930000000000000  
 
 0.4930000000000000  
 
 0.4930000000000000  
 
 2.5059999999999998  
 
 2.5059999999999998  
 
 2.5059999999999998  
 
 2.5059999999999998  
 
 2.5059999999999998  
 
 2.5059999999999998  
 
 2.5059999999999998  
 
 2.5059999999999998  
 
 2.5059999999999998  
 
 2.5059999999999998  
 
 0.8750000000000000  
 
 0.8750000000000000  
 
 0.8750000000000000  
 
 0.8750000000000000  
 
 0.8750000000000000  
 
 0.8750000000000000  
 
 0.8750000000000000  
 
 0.8750000000000000  
 
 0.8750000000000000  
 
 0.8750000000000000  
 