  0.5786070E+00  0.4590700E+00 -0.0000000E+00 -0.0000000E+00 -0.0000000E+00
 -0.7013000E-02 -0.0000000E+00 -0.0000000E+00 -0.0000000E+00 -0.9890000E-03
 -0.0000000E+00 -0.0000000E+00 -0.0000000E+00 -0.1570000E-03 -0.0000000E+00
 -0.0000000E+00 -0.0000000E+00  0.2498000E-02  0.1485000E-02  0.1485000E-02
 -0.0000000E+00 -0.0000000E+00 -0.0000000E+00  0.3528000E-02  0.1974000E-02
  0.1974000E-02 -0.0000000E+00 -0.0000000E+00 -0.0000000E+00  0.3140000E-03
  0.2870000E-03  0.2870000E-03 -0.0000000E+00 -0.0000000E+00 -0.0000000E+00
 -0.0000000E+00 -0.0000000E+00 -0.0000000E+00 -0.0000000E+00 -0.0000000E+00
 -0.0000000E+00 -0.0000000E+00 -0.0000000E+00 -0.0000000E+00 -0.0000000E+00
 -0.1201600E+00 -0.2098380E+00 -0.0000000E+00 -0.0000000E+00 -0.0000000E+00
  0.5789490E+00 -0.0000000E+00 -0.0000000E+00 -0.0000000E+00  0.5924410E+00
 -0.0000000E+00 -0.0000000E+00 -0.0000000E+00  0.3989100E-01 -0.0000000E+00
 -0.0000000E+00 -0.0000000E+00 -0.7080000E-03 -0.8219000E-02 -0.8219000E-02
 -0.0000000E+00 -0.0000000E+00 -0.0000000E+00  0.1931000E-01 -0.2978800E-01
 -0.2978800E-01 -0.0000000E+00 -0.0000000E+00 -0.0000000E+00 -0.5286000E-02
 -0.4921100E-01 -0.4921100E-01 -0.0000000E+00 -0.0000000E+00 -0.0000000E+00
 -0.0000000E+00 -0.0000000E+00 -0.0000000E+00 -0.0000000E+00 -0.0000000E+00
 -0.0000000E+00 -0.0000000E+00 -0.0000000E+00 -0.0000000E+00 -0.0000000E+00
  0.0000000E+00  0.0000000E+00  0.2698040E+00  0.0000000E+00  0.0000000E+00
  0.0000000E+00  0.4420820E+00  0.0000000E+00  0.0000000E+00  0.0000000E+00
  0.4454850E+00  0.0000000E+00  0.0000000E+00  0.0000000E+00  0.3701100E-01
  0.0000000E+00  0.0000000E+00  0.0000000E+00  0.0000000E+00  0.0000000E+00
  0.0000000E+00  0.0000000E+00  0.0000000E+00  0.0000000E+00  0.0000000E+00
  0.0000000E+00  0.0000000E+00  0.0000000E+00  0.0000000E+00  0.0000000E+00
  0.0000000E+00  0.0000000E+00  0.0000000E+00  0.0000000E+00  0.0000000E+00
  0.1139800E-01  0.0000000E+00  0.0000000E+00  0.0000000E+00  0.0000000E+00
  0.2401000E-02  0.0000000E+00  0.2401000E-02  0.0000000E+00  0.0000000E+00
 -0.0000000E+00 -0.0000000E+00 -0.0000000E+00  0.1073920E+00  0.7454200E-01
 -0.0000000E+00 -0.0000000E+00  0.1821630E+00  0.1264410E+00 -0.0000000E+00
 -0.0000000E+00  0.1878090E+00  0.1303600E+00 -0.0000000E+00 -0.0000000E+00
  0.5502680E+00  0.3819460E+00 -0.0000000E+00 -0.0000000E+00 -0.0000000E+00
 -0.0000000E+00 -0.0000000E+00 -0.0000000E+00 -0.0000000E+00 -0.0000000E+00
 -0.0000000E+00 -0.0000000E+00 -0.0000000E+00 -0.0000000E+00 -0.0000000E+00
 -0.0000000E+00 -0.0000000E+00 -0.0000000E+00 -0.0000000E+00 -0.0000000E+00
 -0.0000000E+00  0.7762000E-02  0.5387000E-02  0.5181000E-02  0.3596000E-02
 -0.0000000E+00  0.2409000E-02 -0.0000000E+00  0.3471000E-02 -0.0000000E+00
 -0.0000000E+00 -0.0000000E+00 -0.0000000E+00 -0.7454200E-01  0.1073920E+00
 -0.0000000E+00 -0.0000000E+00 -0.1264410E+00  0.1821630E+00 -0.0000000E+00
 -0.0000000E+00 -0.1303600E+00  0.1878090E+00 -0.0000000E+00 -0.0000000E+00
 -0.3819460E+00  0.5502680E+00 -0.0000000E+00 -0.0000000E+00 -0.0000000E+00
 -0.0000000E+00 -0.0000000E+00 -0.0000000E+00 -0.0000000E+00 -0.0000000E+00
 -0.0000000E+00 -0.0000000E+00 -0.0000000E+00 -0.0000000E+00 -0.0000000E+00
 -0.0000000E+00 -0.0000000E+00 -0.0000000E+00 -0.0000000E+00 -0.0000000E+00
 -0.0000000E+00 -0.5387000E-02  0.7762000E-02 -0.3596000E-02  0.5181000E-02
 -0.0000000E+00  0.3471000E-02 -0.0000000E+00 -0.2409000E-02 -0.0000000E+00
  0.3313000E-01 -0.6600000E-04  0.0000000E+00  0.0000000E+00  0.0000000E+00
 -0.3021750E+00  0.0000000E+00  0.0000000E+00  0.0000000E+00 -0.1646970E+00
  0.0000000E+00  0.0000000E+00  0.0000000E+00  0.2295871E+01  0.0000000E+00
  0.0000000E+00  0.0000000E+00 -0.3665700E-01 -0.3506200E-01 -0.3506200E-01
  0.0000000E+00  0.0000000E+00  0.0000000E+00 -0.1421740E+00 -0.1407930E+00
 -0.1407930E+00  0.0000000E+00  0.0000000E+00  0.0000000E+00 -0.5669190E+00
 -0.5500490E+00 -0.5500490E+00  0.0000000E+00  0.0000000E+00  0.0000000E+00
  0.0000000E+00  0.0000000E+00  0.0000000E+00  0.0000000E+00  0.0000000E+00
  0.0000000E+00  0.0000000E+00  0.0000000E+00  0.0000000E+00  0.0000000E+00
 -0.0000000E+00 -0.0000000E+00 -0.9637400E-01 -0.0000000E+00 -0.0000000E+00
 -0.0000000E+00 -0.6038200E-01 -0.0000000E+00 -0.0000000E+00 -0.0000000E+00
 -0.5729990E+00 -0.0000000E+00 -0.0000000E+00 -0.0000000E+00  0.1274874E+01
 -0.0000000E+00 -0.0000000E+00 -0.0000000E+00 -0.0000000E+00 -0.0000000E+00
 -0.0000000E+00 -0.0000000E+00 -0.0000000E+00 -0.0000000E+00 -0.0000000E+00
 -0.0000000E+00 -0.0000000E+00 -0.0000000E+00 -0.0000000E+00 -0.0000000E+00
 -0.0000000E+00 -0.0000000E+00 -0.0000000E+00 -0.0000000E+00 -0.0000000E+00
  0.1797000E-02 -0.0000000E+00 -0.0000000E+00 -0.0000000E+00 -0.0000000E+00
  0.7260000E-03 -0.0000000E+00  0.7260000E-03 -0.0000000E+00 -0.0000000E+00
 -0.0000000E+00 -0.0000000E+00 -0.0000000E+00  0.7302600E-01 -0.1645040E+00
 -0.0000000E+00 -0.0000000E+00  0.6358400E-01 -0.1432330E+00 -0.0000000E+00
 -0.0000000E+00  0.3885850E+00 -0.8753530E+00 -0.0000000E+00 -0.0000000E+00
 -0.4594770E+00  0.1035050E+01 -0.0000000E+00 -0.0000000E+00 -0.0000000E+00
 -0.0000000E+00 -0.0000000E+00 -0.0000000E+00 -0.0000000E+00 -0.0000000E+00
 -0.0000000E+00 -0.0000000E+00 -0.0000000E+00 -0.0000000E+00 -0.0000000E+00
 -0.0000000E+00 -0.0000000E+00 -0.0000000E+00 -0.0000000E+00 -0.0000000E+00
 -0.0000000E+00  0.2069000E-02 -0.4662000E-02  0.1432000E-02 -0.3226000E-02
 -0.0000000E+00 -0.2085000E-02 -0.0000000E+00  0.9250000E-03 -0.0000000E+00
  0.0000000E+00  0.0000000E+00  0.0000000E+00 -0.1645040E+00 -0.7302600E-01
  0.0000000E+00  0.0000000E+00 -0.1432330E+00 -0.6358400E-01  0.0000000E+00
  0.0000000E+00 -0.8753530E+00 -0.3885850E+00  0.0000000E+00  0.0000000E+00
  0.1035050E+01  0.4594770E+00  0.0000000E+00  0.0000000E+00  0.0000000E+00
  0.0000000E+00  0.0000000E+00  0.0000000E+00  0.0000000E+00  0.0000000E+00
  0.0000000E+00  0.0000000E+00  0.0000000E+00  0.0000000E+00  0.0000000E+00
  0.0000000E+00  0.0000000E+00  0.0000000E+00  0.0000000E+00  0.0000000E+00
  0.0000000E+00 -0.4662000E-02 -0.2069000E-02 -0.3226000E-02 -0.1432000E-02
  0.0000000E+00 -0.9250000E-03  0.0000000E+00 -0.2085000E-02  0.0000000E+00
 -0.3509300E-01 -0.2329770E+00  0.0000000E+00  0.0000000E+00  0.0000000E+00
 -0.1734980E+00  0.0000000E+00  0.0000000E+00  0.0000000E+00  0.2012938E+01
  0.0000000E+00  0.0000000E+00  0.0000000E+00  0.2161717E+01  0.0000000E+00
  0.0000000E+00  0.0000000E+00 -0.9675600E-01 -0.1091660E+00 -0.1091660E+00
  0.0000000E+00  0.0000000E+00  0.0000000E+00 -0.4226610E+00 -0.4118150E+00
 -0.4118150E+00  0.0000000E+00  0.0000000E+00  0.0000000E+00 -0.1222020E+01
 -0.1838021E+01 -0.1838021E+01  0.0000000E+00  0.0000000E+00  0.0000000E+00
  0.0000000E+00  0.0000000E+00  0.0000000E+00  0.0000000E+00  0.0000000E+00
  0.0000000E+00  0.0000000E+00  0.0000000E+00  0.0000000E+00  0.0000000E+00
 -0.0000000E+00 -0.0000000E+00 -0.0000000E+00 -0.0000000E+00 -0.0000000E+00
 -0.0000000E+00 -0.0000000E+00 -0.0000000E+00 -0.0000000E+00 -0.0000000E+00
 -0.0000000E+00 -0.0000000E+00 -0.0000000E+00 -0.0000000E+00 -0.0000000E+00
 -0.0000000E+00 -0.0000000E+00 -0.0000000E+00 -0.0000000E+00 -0.0000000E+00
 -0.9333000E-02  0.1427400E-01 -0.0000000E+00 -0.0000000E+00 -0.0000000E+00
 -0.0000000E+00  0.1436200E-01 -0.2196500E-01 -0.0000000E+00 -0.0000000E+00
 -0.0000000E+00 -0.0000000E+00 -0.5530300E+00  0.8458220E+00 -0.0000000E+00
 -0.0000000E+00 -0.0000000E+00 -0.0000000E+00 -0.0000000E+00 -0.0000000E+00
 -0.0000000E+00 -0.0000000E+00 -0.0000000E+00 -0.0000000E+00 -0.0000000E+00
  0.0000000E+00  0.0000000E+00  0.0000000E+00  0.0000000E+00  0.0000000E+00
  0.0000000E+00  0.0000000E+00  0.0000000E+00  0.0000000E+00  0.0000000E+00
  0.0000000E+00  0.0000000E+00  0.0000000E+00  0.0000000E+00  0.0000000E+00
  0.0000000E+00  0.0000000E+00  0.0000000E+00  0.0000000E+00  0.0000000E+00
  0.1427400E-01  0.9333000E-02  0.0000000E+00  0.0000000E+00  0.0000000E+00
  0.0000000E+00 -0.2196500E-01 -0.1436200E-01  0.0000000E+00  0.0000000E+00
  0.0000000E+00  0.0000000E+00  0.8458220E+00  0.5530300E+00  0.0000000E+00
  0.0000000E+00  0.0000000E+00  0.0000000E+00  0.0000000E+00  0.0000000E+00
  0.0000000E+00  0.0000000E+00  0.0000000E+00  0.0000000E+00  0.0000000E+00
  0.2146000E-01  0.1162660E+00 -0.0000000E+00 -0.0000000E+00 -0.0000000E+00
  0.4993300E-01 -0.0000000E+00 -0.0000000E+00 -0.0000000E+00 -0.9640460E+00
 -0.0000000E+00 -0.0000000E+00 -0.0000000E+00 -0.9457440E+00 -0.0000000E+00
 -0.0000000E+00 -0.0000000E+00  0.6319000E-01  0.4065800E-01  0.4065800E-01
 -0.0000000E+00 -0.0000000E+00 -0.0000000E+00  0.1712100E+00  0.2028650E+00
  0.2028650E+00 -0.0000000E+00 -0.0000000E+00 -0.0000000E+00  0.1654821E+01
  0.2744590E+00  0.2744590E+00 -0.0000000E+00 -0.0000000E+00 -0.0000000E+00
 -0.0000000E+00 -0.0000000E+00 -0.0000000E+00 -0.0000000E+00 -0.0000000E+00
 -0.0000000E+00 -0.0000000E+00 -0.0000000E+00 -0.0000000E+00 -0.0000000E+00
  0.0000000E+00  0.0000000E+00  0.0000000E+00  0.0000000E+00  0.0000000E+00
  0.0000000E+00  0.0000000E+00  0.0000000E+00  0.0000000E+00  0.0000000E+00
  0.0000000E+00  0.0000000E+00  0.0000000E+00  0.0000000E+00  0.0000000E+00
  0.0000000E+00  0.0000000E+00  0.0000000E+00 -0.8670000E-03  0.8670000E-03
  0.0000000E+00  0.0000000E+00  0.1628600E-01  0.0000000E+00  0.2366000E-02
 -0.2366000E-02  0.0000000E+00  0.0000000E+00 -0.4443100E-01  0.0000000E+00
 -0.5414000E-01  0.5414000E-01  0.0000000E+00  0.0000000E+00  0.1016692E+01
  0.0000000E+00  0.0000000E+00  0.0000000E+00  0.0000000E+00  0.0000000E+00
  0.0000000E+00  0.0000000E+00  0.0000000E+00  0.0000000E+00  0.0000000E+00
  0.0000000E+00  0.0000000E+00  0.0000000E+00  0.0000000E+00  0.0000000E+00
  0.0000000E+00  0.0000000E+00  0.0000000E+00  0.0000000E+00  0.0000000E+00
  0.0000000E+00  0.0000000E+00  0.0000000E+00  0.0000000E+00  0.0000000E+00
  0.0000000E+00  0.0000000E+00  0.0000000E+00  0.1410400E-01 -0.1410400E-01
  0.0000000E+00  0.0000000E+00  0.1001000E-02  0.0000000E+00 -0.3847900E-01
  0.3847900E-01  0.0000000E+00  0.0000000E+00 -0.2732000E-02  0.0000000E+00
  0.8804810E+00 -0.8804810E+00  0.0000000E+00  0.0000000E+00  0.6251600E-01
  0.0000000E+00  0.0000000E+00  0.0000000E+00  0.0000000E+00  0.0000000E+00
  0.0000000E+00  0.0000000E+00  0.0000000E+00  0.0000000E+00  0.0000000E+00
 -0.0000000E+00 -0.0000000E+00 -0.2323420E+00 -0.0000000E+00 -0.0000000E+00
 -0.0000000E+00 -0.9108110E+00 -0.0000000E+00 -0.0000000E+00 -0.0000000E+00
  0.1695435E+01 -0.0000000E+00 -0.0000000E+00 -0.0000000E+00 -0.7136110E+00
 -0.0000000E+00 -0.0000000E+00 -0.0000000E+00 -0.0000000E+00 -0.0000000E+00
 -0.0000000E+00 -0.0000000E+00 -0.0000000E+00 -0.0000000E+00 -0.0000000E+00
 -0.0000000E+00 -0.0000000E+00 -0.0000000E+00 -0.0000000E+00 -0.0000000E+00
 -0.0000000E+00 -0.0000000E+00 -0.0000000E+00 -0.0000000E+00 -0.0000000E+00
 -0.5914300E-01 -0.0000000E+00 -0.0000000E+00 -0.0000000E+00 -0.0000000E+00
 -0.2655000E-01 -0.0000000E+00 -0.2655000E-01 -0.0000000E+00 -0.0000000E+00
  0.0000000E+00  0.0000000E+00  0.0000000E+00  0.1791400E-01 -0.2576250E+00
  0.0000000E+00  0.0000000E+00  0.6785300E-01 -0.9758170E+00  0.0000000E+00
  0.0000000E+00 -0.1089560E+00  0.1566941E+01  0.0000000E+00  0.0000000E+00
  0.4433700E-01 -0.6376230E+00  0.0000000E+00  0.0000000E+00  0.0000000E+00
  0.0000000E+00  0.0000000E+00  0.0000000E+00  0.0000000E+00  0.0000000E+00
  0.0000000E+00  0.0000000E+00  0.0000000E+00  0.0000000E+00  0.0000000E+00
  0.0000000E+00  0.0000000E+00  0.0000000E+00  0.0000000E+00  0.0000000E+00
  0.0000000E+00  0.5538000E-02 -0.7964500E-01  0.2491000E-02 -0.3582700E-01
  0.0000000E+00 -0.3561800E-01  0.0000000E+00  0.2477000E-02  0.0000000E+00
  0.0000000E+00  0.0000000E+00  0.0000000E+00 -0.2576250E+00 -0.1791400E-01
  0.0000000E+00  0.0000000E+00 -0.9758170E+00 -0.6785300E-01  0.0000000E+00
  0.0000000E+00  0.1566941E+01  0.1089560E+00  0.0000000E+00  0.0000000E+00
 -0.6376230E+00 -0.4433700E-01  0.0000000E+00  0.0000000E+00  0.0000000E+00
  0.0000000E+00  0.0000000E+00  0.0000000E+00  0.0000000E+00  0.0000000E+00
  0.0000000E+00  0.0000000E+00  0.0000000E+00  0.0000000E+00  0.0000000E+00
  0.0000000E+00  0.0000000E+00  0.0000000E+00  0.0000000E+00  0.0000000E+00
  0.0000000E+00 -0.7964500E-01 -0.5538000E-02 -0.3582700E-01 -0.2491000E-02
  0.0000000E+00 -0.2477000E-02  0.0000000E+00 -0.3561800E-01  0.0000000E+00
  0.1453880E+00 -0.1918590E+00  0.0000000E+00  0.0000000E+00  0.0000000E+00
 -0.2502452E+01  0.0000000E+00  0.0000000E+00  0.0000000E+00  0.7734149E+01
  0.0000000E+00  0.0000000E+00  0.0000000E+00  0.1627584E+01  0.0000000E+00
  0.0000000E+00  0.0000000E+00 -0.2810030E+00 -0.2804490E+00 -0.2804490E+00
  0.0000000E+00  0.0000000E+00  0.0000000E+00 -0.1220373E+01 -0.1193640E+01
 -0.1193640E+01  0.0000000E+00  0.0000000E+00  0.0000000E+00 -0.2401029E+01
 -0.2417021E+01 -0.2417021E+01  0.0000000E+00  0.0000000E+00  0.0000000E+00
  0.0000000E+00  0.0000000E+00  0.0000000E+00  0.0000000E+00  0.0000000E+00
  0.0000000E+00  0.0000000E+00  0.0000000E+00  0.0000000E+00  0.0000000E+00
  0.5167000E-02 -0.7158000E-02 -0.0000000E+00 -0.0000000E+00 -0.0000000E+00
 -0.3311300E-01 -0.0000000E+00 -0.0000000E+00 -0.0000000E+00  0.1560130E+00
 -0.0000000E+00 -0.0000000E+00 -0.0000000E+00  0.2998300E-01 -0.0000000E+00
 -0.0000000E+00 -0.0000000E+00 -0.2148600E-01 -0.3261000E-02 -0.3261000E-02
 -0.0000000E+00 -0.0000000E+00 -0.0000000E+00  0.1086928E+01 -0.6088810E+00
 -0.6088810E+00 -0.0000000E+00 -0.0000000E+00 -0.0000000E+00 -0.5545710E+00
  0.2051800E+00  0.2051800E+00 -0.0000000E+00 -0.0000000E+00 -0.0000000E+00
 -0.0000000E+00 -0.0000000E+00 -0.0000000E+00 -0.0000000E+00 -0.0000000E+00
 -0.0000000E+00 -0.0000000E+00 -0.0000000E+00 -0.0000000E+00 -0.0000000E+00
  0.0000000E+00  0.0000000E+00  0.0000000E+00  0.0000000E+00  0.0000000E+00
  0.0000000E+00  0.0000000E+00  0.0000000E+00  0.0000000E+00  0.0000000E+00
  0.0000000E+00  0.0000000E+00  0.0000000E+00  0.0000000E+00  0.0000000E+00
  0.0000000E+00  0.0000000E+00  0.0000000E+00  0.0000000E+00  0.0000000E+00
  0.5630000E-02 -0.1206600E-01  0.0000000E+00  0.0000000E+00  0.0000000E+00
  0.0000000E+00 -0.4785630E+00  0.1025690E+01  0.0000000E+00  0.0000000E+00
  0.0000000E+00  0.0000000E+00  0.2122650E+00 -0.4549410E+00  0.0000000E+00
  0.0000000E+00  0.0000000E+00  0.0000000E+00  0.0000000E+00  0.0000000E+00
  0.0000000E+00  0.0000000E+00  0.0000000E+00  0.0000000E+00  0.0000000E+00
  0.0000000E+00  0.0000000E+00  0.0000000E+00  0.0000000E+00  0.0000000E+00
  0.0000000E+00  0.0000000E+00  0.0000000E+00  0.0000000E+00  0.0000000E+00
  0.0000000E+00  0.0000000E+00  0.0000000E+00  0.0000000E+00  0.0000000E+00
  0.0000000E+00  0.0000000E+00  0.0000000E+00  0.0000000E+00  0.0000000E+00
 -0.1206600E-01 -0.5630000E-02  0.0000000E+00  0.0000000E+00  0.0000000E+00
  0.0000000E+00  0.1025690E+01  0.4785630E+00  0.0000000E+00  0.0000000E+00
  0.0000000E+00  0.0000000E+00 -0.4549410E+00 -0.2122650E+00  0.0000000E+00
  0.0000000E+00  0.0000000E+00  0.0000000E+00  0.0000000E+00  0.0000000E+00
  0.0000000E+00  0.0000000E+00  0.0000000E+00  0.0000000E+00  0.0000000E+00
 -0.0000000E+00 -0.0000000E+00 -0.0000000E+00 -0.0000000E+00 -0.0000000E+00
 -0.0000000E+00 -0.0000000E+00 -0.0000000E+00 -0.0000000E+00 -0.0000000E+00
 -0.0000000E+00 -0.0000000E+00 -0.0000000E+00 -0.0000000E+00 -0.0000000E+00
 -0.0000000E+00 -0.0000000E+00 -0.0000000E+00 -0.5310000E-03  0.5310000E-03
 -0.0000000E+00 -0.0000000E+00 -0.1737800E-01 -0.0000000E+00  0.3459000E-01
 -0.3459000E-01 -0.0000000E+00 -0.0000000E+00  0.1132831E+01 -0.0000000E+00
 -0.1482700E-01  0.1482700E-01 -0.0000000E+00 -0.0000000E+00 -0.4855680E+00
 -0.0000000E+00 -0.0000000E+00 -0.0000000E+00 -0.0000000E+00 -0.0000000E+00
 -0.0000000E+00 -0.0000000E+00 -0.0000000E+00 -0.0000000E+00 -0.0000000E+00
 -0.0000000E+00 -0.0000000E+00 -0.0000000E+00 -0.0000000E+00 -0.0000000E+00
 -0.0000000E+00 -0.0000000E+00 -0.0000000E+00 -0.0000000E+00 -0.0000000E+00
 -0.0000000E+00 -0.0000000E+00 -0.0000000E+00 -0.0000000E+00 -0.0000000E+00
 -0.0000000E+00 -0.0000000E+00 -0.0000000E+00 -0.1505000E-01  0.1505000E-01
 -0.0000000E+00 -0.0000000E+00  0.6130000E-03 -0.0000000E+00  0.9810610E+00
 -0.9810610E+00 -0.0000000E+00 -0.0000000E+00 -0.3994100E-01 -0.0000000E+00
 -0.4205150E+00  0.4205150E+00 -0.0000000E+00 -0.0000000E+00  0.1712000E-01
 -0.0000000E+00 -0.0000000E+00 -0.0000000E+00 -0.0000000E+00 -0.0000000E+00
 -0.0000000E+00 -0.0000000E+00 -0.0000000E+00 -0.0000000E+00 -0.0000000E+00
 -0.0000000E+00 -0.0000000E+00 -0.0000000E+00 -0.0000000E+00 -0.0000000E+00
 -0.0000000E+00 -0.0000000E+00 -0.0000000E+00 -0.0000000E+00 -0.0000000E+00
 -0.0000000E+00 -0.0000000E+00 -0.0000000E+00 -0.0000000E+00 -0.0000000E+00
 -0.0000000E+00 -0.0000000E+00 -0.0000000E+00 -0.0000000E+00 -0.0000000E+00
 -0.0000000E+00 -0.0000000E+00 -0.0000000E+00 -0.0000000E+00 -0.0000000E+00
 -0.0000000E+00 -0.0000000E+00 -0.0000000E+00 -0.0000000E+00 -0.0000000E+00
 -0.0000000E+00 -0.0000000E+00 -0.0000000E+00 -0.0000000E+00 -0.0000000E+00
 -0.0000000E+00 -0.5751840E+00 -0.5423680E+00 -0.0000000E+00 -0.0000000E+00
 -0.0000000E+00  0.7276630E+00 -0.0000000E+00  0.7716900E+00 -0.0000000E+00
  0.0000000E+00  0.0000000E+00  0.0000000E+00  0.0000000E+00  0.0000000E+00
  0.0000000E+00  0.0000000E+00  0.0000000E+00  0.0000000E+00  0.0000000E+00
  0.0000000E+00  0.0000000E+00  0.0000000E+00  0.0000000E+00  0.0000000E+00
  0.0000000E+00  0.0000000E+00  0.0000000E+00  0.0000000E+00  0.0000000E+00
  0.0000000E+00  0.0000000E+00  0.0000000E+00  0.0000000E+00  0.0000000E+00
  0.0000000E+00  0.0000000E+00  0.0000000E+00  0.0000000E+00  0.0000000E+00
  0.0000000E+00  0.0000000E+00  0.0000000E+00  0.0000000E+00  0.0000000E+00
  0.0000000E+00  0.5423680E+00 -0.5751840E+00  0.0000000E+00  0.0000000E+00
  0.0000000E+00  0.7716900E+00  0.0000000E+00 -0.7276630E+00  0.0000000E+00
 -0.0000000E+00 -0.0000000E+00 -0.0000000E+00 -0.0000000E+00 -0.0000000E+00
 -0.0000000E+00 -0.0000000E+00 -0.0000000E+00 -0.0000000E+00 -0.0000000E+00
 -0.0000000E+00 -0.0000000E+00 -0.0000000E+00 -0.0000000E+00 -0.0000000E+00
 -0.0000000E+00 -0.0000000E+00 -0.0000000E+00 -0.0000000E+00 -0.0000000E+00
 -0.0000000E+00 -0.0000000E+00 -0.0000000E+00 -0.0000000E+00 -0.0000000E+00
 -0.0000000E+00 -0.0000000E+00 -0.0000000E+00 -0.0000000E+00 -0.0000000E+00
 -0.0000000E+00 -0.0000000E+00 -0.0000000E+00 -0.0000000E+00 -0.0000000E+00
 -0.0000000E+00 -0.0000000E+00 -0.0000000E+00 -0.0000000E+00 -0.0000000E+00
 -0.9803000E-02 -0.0000000E+00  0.9803000E-02 -0.0000000E+00  0.9999360E+00
  0.0000000E+00  0.0000000E+00  0.0000000E+00  0.0000000E+00  0.0000000E+00
  0.0000000E+00  0.0000000E+00  0.0000000E+00  0.0000000E+00  0.0000000E+00
  0.0000000E+00  0.0000000E+00  0.0000000E+00  0.0000000E+00  0.0000000E+00
  0.0000000E+00  0.0000000E+00  0.0000000E+00  0.0000000E+00  0.0000000E+00
  0.0000000E+00  0.0000000E+00  0.0000000E+00  0.0000000E+00  0.0000000E+00
  0.0000000E+00  0.0000000E+00  0.0000000E+00  0.0000000E+00  0.0000000E+00
  0.0000000E+00  0.0000000E+00  0.0000000E+00  0.0000000E+00  0.0000000E+00
  0.0000000E+00  0.0000000E+00  0.0000000E+00  0.0000000E+00  0.0000000E+00
 -0.8659700E+00  0.0000000E+00  0.8659700E+00  0.0000000E+00 -0.1132000E-01
 -0.0000000E+00 -0.0000000E+00 -0.3300920E+00 -0.0000000E+00 -0.0000000E+00
 -0.0000000E+00 -0.1643700E+00 -0.0000000E+00 -0.0000000E+00 -0.0000000E+00
 -0.2846470E+00 -0.0000000E+00 -0.0000000E+00 -0.0000000E+00  0.1006230E+00
 -0.0000000E+00 -0.0000000E+00 -0.0000000E+00 -0.0000000E+00 -0.0000000E+00
 -0.0000000E+00 -0.0000000E+00 -0.0000000E+00 -0.0000000E+00 -0.0000000E+00
 -0.0000000E+00 -0.0000000E+00 -0.0000000E+00 -0.0000000E+00 -0.0000000E+00
 -0.0000000E+00 -0.0000000E+00 -0.0000000E+00 -0.0000000E+00 -0.0000000E+00
 -0.4923310E+00 -0.0000000E+00  0.0000000E+00 -0.0000000E+00 -0.0000000E+00
  0.8072590E+00 -0.0000000E+00  0.8072590E+00 -0.0000000E+00 -0.0000000E+00
 -0.0000000E+00 -0.0000000E+00 -0.0000000E+00  0.1308780E+00  0.6265900E-01
 -0.0000000E+00 -0.0000000E+00  0.8341400E-01  0.3993500E-01 -0.0000000E+00
 -0.0000000E+00  0.1092660E+00  0.5231200E-01 -0.0000000E+00 -0.0000000E+00
 -0.3910800E-01 -0.1872300E-01 -0.0000000E+00 -0.0000000E+00 -0.0000000E+00
 -0.0000000E+00 -0.0000000E+00 -0.0000000E+00 -0.0000000E+00 -0.0000000E+00
 -0.0000000E+00 -0.0000000E+00 -0.0000000E+00 -0.0000000E+00 -0.0000000E+00
 -0.0000000E+00 -0.0000000E+00 -0.0000000E+00 -0.0000000E+00 -0.0000000E+00
 -0.0000000E+00 -0.7219260E+00 -0.3456270E+00  0.8929420E+00  0.4275010E+00
  0.0000000E+00 -0.1545690E+00 -0.0000000E+00 -0.3228550E+00 -0.0000000E+00
 -0.0000000E+00 -0.0000000E+00 -0.0000000E+00 -0.6265900E-01  0.1308780E+00
 -0.0000000E+00 -0.0000000E+00 -0.3993500E-01  0.8341400E-01 -0.0000000E+00
 -0.0000000E+00 -0.5231200E-01  0.1092660E+00 -0.0000000E+00 -0.0000000E+00
  0.1872300E-01 -0.3910800E-01 -0.0000000E+00 -0.0000000E+00 -0.0000000E+00
 -0.0000000E+00 -0.0000000E+00 -0.0000000E+00 -0.0000000E+00 -0.0000000E+00
 -0.0000000E+00 -0.0000000E+00 -0.0000000E+00 -0.0000000E+00 -0.0000000E+00
 -0.0000000E+00 -0.0000000E+00 -0.0000000E+00 -0.0000000E+00 -0.0000000E+00
 -0.0000000E+00  0.3456270E+00 -0.7219260E+00 -0.4275010E+00  0.8929420E+00
  0.0000000E+00 -0.3228550E+00  0.0000000E+00  0.1545690E+00 -0.0000000E+00
  0.0000000E+00  0.0000000E+00 -0.7776990E+00  0.0000000E+00  0.0000000E+00
  0.0000000E+00 -0.3597040E+00  0.0000000E+00  0.0000000E+00  0.0000000E+00
 -0.6686080E+00  0.0000000E+00  0.0000000E+00  0.0000000E+00  0.2347420E+00
  0.0000000E+00  0.0000000E+00  0.0000000E+00  0.0000000E+00  0.0000000E+00
  0.0000000E+00  0.0000000E+00  0.0000000E+00  0.0000000E+00  0.0000000E+00
  0.0000000E+00  0.0000000E+00  0.0000000E+00  0.0000000E+00  0.0000000E+00
  0.0000000E+00  0.0000000E+00  0.0000000E+00  0.0000000E+00  0.0000000E+00
  0.1375066E+01  0.0000000E+00  0.0000000E+00  0.0000000E+00  0.0000000E+00
  0.1740780E+00  0.0000000E+00  0.1740780E+00  0.0000000E+00  0.0000000E+00
  0.0000000E+00  0.0000000E+00  0.0000000E+00  0.1036430E+00 -0.8201170E+00
  0.0000000E+00  0.0000000E+00  0.5948600E-01 -0.4707040E+00  0.0000000E+00
  0.0000000E+00  0.8620100E-01 -0.6820980E+00  0.0000000E+00  0.0000000E+00
 -0.3048200E-01  0.2412000E+00  0.0000000E+00  0.0000000E+00  0.0000000E+00
  0.0000000E+00  0.0000000E+00  0.0000000E+00  0.0000000E+00  0.0000000E+00
  0.0000000E+00  0.0000000E+00  0.0000000E+00  0.0000000E+00  0.0000000E+00
  0.0000000E+00  0.0000000E+00  0.0000000E+00  0.0000000E+00  0.0000000E+00
  0.0000000E+00 -0.1220390E+00  0.9656850E+00 -0.8477900E-01  0.6708500E+00
  0.0000000E+00  0.4318670E+00  0.0000000E+00 -0.5457800E-01  0.0000000E+00
 -0.0000000E+00 -0.0000000E+00 -0.0000000E+00 -0.8201170E+00 -0.1036430E+00
 -0.0000000E+00 -0.0000000E+00 -0.4707040E+00 -0.5948600E-01 -0.0000000E+00
 -0.0000000E+00 -0.6820980E+00 -0.8620100E-01 -0.0000000E+00 -0.0000000E+00
  0.2412000E+00  0.3048200E-01 -0.0000000E+00 -0.0000000E+00 -0.0000000E+00
 -0.0000000E+00 -0.0000000E+00 -0.0000000E+00 -0.0000000E+00 -0.0000000E+00
 -0.0000000E+00 -0.0000000E+00 -0.0000000E+00 -0.0000000E+00 -0.0000000E+00
 -0.0000000E+00 -0.0000000E+00 -0.0000000E+00 -0.0000000E+00 -0.0000000E+00
 -0.0000000E+00  0.9656850E+00  0.1220390E+00  0.6708500E+00  0.8477900E-01
 -0.0000000E+00  0.5457800E-01 -0.0000000E+00  0.4318670E+00 -0.0000000E+00
 -0.3282700E-01 -0.1530108E+01 -0.0000000E+00 -0.0000000E+00 -0.0000000E+00
  0.3942139E+01 -0.0000000E+00 -0.0000000E+00 -0.0000000E+00  0.7468948E+01
 -0.0000000E+00 -0.0000000E+00 -0.0000000E+00  0.1005179E+01 -0.0000000E+00
 -0.0000000E+00 -0.0000000E+00 -0.8408380E+00 -0.8371890E+00 -0.8371890E+00
 -0.0000000E+00 -0.0000000E+00 -0.0000000E+00 -0.3535780E+01 -0.3524252E+01
 -0.3524252E+01 -0.0000000E+00 -0.0000000E+00 -0.0000000E+00 -0.1852783E+01
 -0.1860339E+01 -0.1860339E+01 -0.0000000E+00 -0.0000000E+00 -0.0000000E+00
 -0.0000000E+00 -0.0000000E+00 -0.0000000E+00 -0.0000000E+00 -0.0000000E+00
 -0.0000000E+00 -0.0000000E+00 -0.0000000E+00 -0.0000000E+00 -0.0000000E+00
 -0.0000000E+00 -0.0000000E+00 -0.0000000E+00 -0.0000000E+00 -0.0000000E+00
 -0.0000000E+00 -0.0000000E+00 -0.0000000E+00 -0.0000000E+00 -0.0000000E+00
 -0.0000000E+00 -0.0000000E+00 -0.0000000E+00 -0.0000000E+00 -0.0000000E+00
 -0.0000000E+00 -0.0000000E+00 -0.0000000E+00 -0.9714530E+00  0.9714530E+00
 -0.0000000E+00 -0.0000000E+00 -0.2154860E+00 -0.0000000E+00  0.5076960E+00
 -0.5076960E+00 -0.0000000E+00 -0.0000000E+00  0.1126160E+00 -0.0000000E+00
 -0.1513210E+00  0.1513210E+00 -0.0000000E+00 -0.0000000E+00 -0.3356600E-01
 -0.0000000E+00 -0.0000000E+00 -0.0000000E+00 -0.0000000E+00 -0.0000000E+00
 -0.0000000E+00 -0.0000000E+00 -0.0000000E+00 -0.0000000E+00 -0.0000000E+00
  0.0000000E+00  0.0000000E+00  0.0000000E+00  0.0000000E+00  0.0000000E+00
  0.0000000E+00  0.0000000E+00  0.0000000E+00  0.0000000E+00  0.0000000E+00
  0.0000000E+00  0.0000000E+00  0.0000000E+00  0.0000000E+00  0.0000000E+00
  0.0000000E+00  0.0000000E+00  0.0000000E+00 -0.1866160E+00  0.1866160E+00
  0.0000000E+00  0.0000000E+00  0.1121738E+01  0.0000000E+00  0.9752800E-01
 -0.9752800E-01  0.0000000E+00  0.0000000E+00 -0.5862370E+00  0.0000000E+00
 -0.2906900E-01  0.2906900E-01  0.0000000E+00  0.0000000E+00  0.1747310E+00
  0.0000000E+00  0.0000000E+00  0.0000000E+00  0.0000000E+00  0.0000000E+00
  0.0000000E+00  0.0000000E+00  0.0000000E+00  0.0000000E+00  0.0000000E+00
 -0.0000000E+00 -0.0000000E+00 -0.0000000E+00 -0.0000000E+00 -0.0000000E+00
 -0.0000000E+00 -0.0000000E+00 -0.0000000E+00 -0.0000000E+00 -0.0000000E+00
 -0.0000000E+00 -0.0000000E+00 -0.0000000E+00 -0.0000000E+00 -0.0000000E+00
 -0.0000000E+00 -0.0000000E+00 -0.0000000E+00 -0.0000000E+00 -0.0000000E+00
  0.9284190E+00 -0.6654830E+00 -0.0000000E+00 -0.0000000E+00 -0.0000000E+00
 -0.0000000E+00 -0.4886680E+00  0.3502740E+00 -0.0000000E+00 -0.0000000E+00
 -0.0000000E+00 -0.0000000E+00  0.1454260E+00 -0.1042400E+00 -0.0000000E+00
 -0.0000000E+00 -0.0000000E+00 -0.0000000E+00 -0.0000000E+00 -0.0000000E+00
 -0.0000000E+00 -0.0000000E+00 -0.0000000E+00 -0.0000000E+00 -0.0000000E+00
 -0.0000000E+00 -0.0000000E+00 -0.0000000E+00 -0.0000000E+00 -0.0000000E+00
 -0.0000000E+00 -0.0000000E+00 -0.0000000E+00 -0.0000000E+00 -0.0000000E+00
 -0.0000000E+00 -0.0000000E+00 -0.0000000E+00 -0.0000000E+00 -0.0000000E+00
 -0.0000000E+00 -0.0000000E+00 -0.0000000E+00 -0.0000000E+00 -0.0000000E+00
  0.6654830E+00  0.9284190E+00 -0.0000000E+00 -0.0000000E+00 -0.0000000E+00
 -0.0000000E+00 -0.3502740E+00 -0.4886680E+00 -0.0000000E+00 -0.0000000E+00
 -0.0000000E+00 -0.0000000E+00  0.1042400E+00  0.1454260E+00 -0.0000000E+00
 -0.0000000E+00 -0.0000000E+00 -0.0000000E+00 -0.0000000E+00 -0.0000000E+00
 -0.0000000E+00 -0.0000000E+00 -0.0000000E+00 -0.0000000E+00 -0.0000000E+00
  0.1493000E-02 -0.1216000E-01 -0.0000000E+00 -0.0000000E+00 -0.0000000E+00
  0.4827600E-01 -0.0000000E+00 -0.0000000E+00 -0.0000000E+00  0.3350000E-01
 -0.0000000E+00 -0.0000000E+00 -0.0000000E+00  0.4024000E-02 -0.0000000E+00
 -0.0000000E+00 -0.0000000E+00  0.1130157E+01 -0.5832670E+00 -0.5832670E+00
 -0.0000000E+00 -0.0000000E+00 -0.0000000E+00 -0.6277870E+00  0.2761630E+00
  0.2761630E+00 -0.0000000E+00 -0.0000000E+00 -0.0000000E+00  0.1714910E+00
 -0.9742400E-01 -0.9742400E-01 -0.0000000E+00 -0.0000000E+00 -0.0000000E+00
 -0.0000000E+00 -0.0000000E+00 -0.0000000E+00 -0.0000000E+00 -0.0000000E+00
 -0.0000000E+00 -0.0000000E+00 -0.0000000E+00 -0.0000000E+00 -0.0000000E+00
  0.6748370E+00 -0.3235594E+01  0.0000000E+00  0.0000000E+00  0.0000000E+00
  0.1309118E+02  0.0000000E+00  0.0000000E+00  0.0000000E+00  0.5632307E+01
  0.0000000E+00  0.0000000E+00  0.0000000E+00  0.7179340E+00  0.0000000E+00
  0.0000000E+00  0.0000000E+00 -0.3081403E+01 -0.3075991E+01 -0.3075991E+01
  0.0000000E+00  0.0000000E+00  0.0000000E+00 -0.5259108E+01 -0.5262699E+01
 -0.5262699E+01  0.0000000E+00  0.0000000E+00  0.0000000E+00 -0.1353959E+01
 -0.1352443E+01 -0.1352443E+01  0.0000000E+00  0.0000000E+00  0.0000000E+00
  0.0000000E+00  0.0000000E+00  0.0000000E+00  0.0000000E+00  0.0000000E+00
  0.0000000E+00  0.0000000E+00  0.0000000E+00  0.0000000E+00  0.0000000E+00
  0.0000000E+00  0.0000000E+00  0.0000000E+00 -0.3347124E+01 -0.2163696E+01
  0.0000000E+00 -0.0000000E+00  0.1261510E+02  0.8154839E+01  0.0000000E+00
  0.0000000E+00 -0.1094507E+01 -0.7075270E+00  0.0000000E+00  0.0000000E+00
  0.2602710E+00  0.1682480E+00  0.0000000E+00  0.0000000E+00  0.0000000E+00
  0.0000000E+00  0.0000000E+00  0.0000000E+00  0.0000000E+00  0.0000000E+00
  0.0000000E+00  0.0000000E+00  0.0000000E+00  0.0000000E+00  0.0000000E+00
  0.0000000E+00  0.0000000E+00  0.0000000E+00  0.0000000E+00  0.0000000E+00
  0.0000000E+00 -0.6578697E+01 -0.4252697E+01 -0.2942711E+01 -0.1902270E+01
  0.0000000E+00 -0.1901864E+01  0.0000000E+00 -0.2942083E+01  0.0000000E+00
  0.0000000E+00  0.0000000E+00 -0.0000000E+00  0.2163696E+01 -0.3347124E+01
  0.0000000E+00  0.0000000E+00 -0.8154839E+01  0.1261510E+02  0.0000000E+00
 -0.0000000E+00  0.7075270E+00 -0.1094507E+01  0.0000000E+00  0.0000000E+00
 -0.1682480E+00  0.2602710E+00  0.0000000E+00  0.0000000E+00  0.0000000E+00
  0.0000000E+00  0.0000000E+00  0.0000000E+00  0.0000000E+00  0.0000000E+00
  0.0000000E+00  0.0000000E+00  0.0000000E+00  0.0000000E+00  0.0000000E+00
  0.0000000E+00  0.0000000E+00  0.0000000E+00  0.0000000E+00  0.0000000E+00
 -0.0000000E+00  0.4252697E+01 -0.6578697E+01  0.1902270E+01 -0.2942711E+01
 -0.0000000E+00 -0.2942083E+01 -0.0000000E+00  0.1901864E+01  0.0000000E+00
  0.0000000E+00  0.0000000E+00 -0.3981902E+01 -0.0000000E+00  0.0000000E+00
  0.0000000E+00  0.1502403E+02  0.0000000E+00 -0.0000000E+00  0.0000000E+00
 -0.1301246E+01 -0.0000000E+00  0.0000000E+00  0.0000000E+00  0.3091000E+00
  0.0000000E+00  0.0000000E+00  0.0000000E+00  0.0000000E+00  0.0000000E+00
  0.0000000E+00  0.0000000E+00  0.0000000E+00  0.0000000E+00  0.0000000E+00
  0.0000000E+00  0.0000000E+00  0.0000000E+00  0.0000000E+00  0.0000000E+00
  0.0000000E+00  0.0000000E+00  0.0000000E+00  0.0000000E+00  0.0000000E+00
 -0.7838840E+01 -0.0000000E+00  0.0000000E+00 -0.0000000E+00  0.0000000E+00
 -0.3504878E+01  0.0000000E+00 -0.3504878E+01 -0.0000000E+00  0.0000000E+00
 -0.1895138E+01  0.1432760E+01 -0.0000000E+00 -0.0000000E+00 -0.0000000E+00
  0.4215306E+01 -0.0000000E+00 -0.0000000E+00 -0.0000000E+00  0.6619040E+00
 -0.0000000E+00 -0.0000000E+00 -0.0000000E+00  0.6518600E-01 -0.0000000E+00
 -0.0000000E+00 -0.0000000E+00 -0.1209253E+01 -0.1208476E+01 -0.1208476E+01
 -0.0000000E+00 -0.0000000E+00 -0.0000000E+00 -0.1270545E+01 -0.1271063E+01
 -0.1271063E+01 -0.0000000E+00 -0.0000000E+00 -0.0000000E+00 -0.1444480E+00
 -0.1442970E+00 -0.1442970E+00 -0.0000000E+00 -0.0000000E+00 -0.0000000E+00
 -0.0000000E+00 -0.0000000E+00 -0.0000000E+00 -0.0000000E+00 -0.0000000E+00
 -0.0000000E+00 -0.0000000E+00 -0.0000000E+00 -0.0000000E+00 -0.0000000E+00
