  0.5796510E+00  0.4593530E+00 -0.0000000E+00 -0.0000000E+00 -0.0000000E+00
 -0.9280000E-02 -0.0000000E+00 -0.0000000E+00 -0.0000000E+00 -0.1475000E-02
 -0.0000000E+00 -0.0000000E+00 -0.0000000E+00 -0.1980000E-03 -0.0000000E+00
 -0.0000000E+00 -0.0000000E+00  0.2430000E-03  0.1880000E-02  0.1880000E-02
 -0.0000000E+00 -0.0000000E+00 -0.0000000E+00  0.2925000E-02  0.2705000E-02
  0.2705000E-02 -0.0000000E+00 -0.0000000E+00 -0.0000000E+00  0.3060000E-03
  0.3850000E-03  0.3850000E-03 -0.0000000E+00 -0.0000000E+00 -0.0000000E+00
 -0.0000000E+00 -0.0000000E+00 -0.0000000E+00 -0.0000000E+00 -0.0000000E+00
 -0.0000000E+00 -0.0000000E+00 -0.0000000E+00 -0.0000000E+00 -0.0000000E+00
 -0.1157630E+00 -0.2011940E+00 -0.0000000E+00 -0.0000000E+00 -0.0000000E+00
  0.5393450E+00 -0.0000000E+00 -0.0000000E+00 -0.0000000E+00  0.6077360E+00
 -0.0000000E+00 -0.0000000E+00 -0.0000000E+00  0.5462500E-01 -0.0000000E+00
 -0.0000000E+00 -0.0000000E+00 -0.7615000E-02 -0.3432000E-02 -0.3432000E-02
 -0.0000000E+00 -0.0000000E+00 -0.0000000E+00 -0.4326800E-01  0.2134000E-02
  0.2134000E-02 -0.0000000E+00 -0.0000000E+00 -0.0000000E+00 -0.4781600E-01
 -0.1797500E-01 -0.1797500E-01 -0.0000000E+00 -0.0000000E+00 -0.0000000E+00
 -0.0000000E+00 -0.0000000E+00 -0.0000000E+00 -0.0000000E+00 -0.0000000E+00
 -0.0000000E+00 -0.0000000E+00 -0.0000000E+00 -0.0000000E+00 -0.0000000E+00
 -0.0000000E+00 -0.0000000E+00 -0.0000000E+00  0.4827200E-01  0.1056550E+00
 -0.0000000E+00 -0.0000000E+00  0.8240000E-01  0.1803510E+00 -0.0000000E+00
 -0.0000000E+00  0.7348100E-01  0.1608320E+00 -0.0000000E+00 -0.0000000E+00
  0.3077700E+00  0.6736280E+00 -0.0000000E+00 -0.0000000E+00 -0.0000000E+00
 -0.0000000E+00 -0.0000000E+00 -0.0000000E+00 -0.0000000E+00 -0.0000000E+00
 -0.0000000E+00 -0.0000000E+00 -0.0000000E+00 -0.0000000E+00 -0.0000000E+00
 -0.0000000E+00 -0.0000000E+00 -0.0000000E+00 -0.0000000E+00 -0.0000000E+00
 -0.0000000E+00  0.6631000E-02  0.1451500E-01 -0.2031000E-02 -0.4446000E-02
 -0.0000000E+00  0.6491000E-02 -0.0000000E+00  0.2966000E-02 -0.0000000E+00
  0.0000000E+00  0.0000000E+00  0.0000000E+00  0.1056550E+00 -0.4827200E-01
  0.0000000E+00  0.0000000E+00  0.1803510E+00 -0.8240000E-01  0.0000000E+00
  0.0000000E+00  0.1608320E+00 -0.7348100E-01  0.0000000E+00  0.0000000E+00
  0.6736280E+00 -0.3077700E+00  0.0000000E+00  0.0000000E+00  0.0000000E+00
  0.0000000E+00  0.0000000E+00  0.0000000E+00  0.0000000E+00  0.0000000E+00
  0.0000000E+00  0.0000000E+00  0.0000000E+00  0.0000000E+00  0.0000000E+00
  0.0000000E+00  0.0000000E+00  0.0000000E+00  0.0000000E+00  0.0000000E+00
  0.0000000E+00  0.1451500E-01 -0.6631000E-02 -0.4446000E-02  0.2031000E-02
  0.0000000E+00 -0.2966000E-02  0.0000000E+00  0.6491000E-02  0.0000000E+00
 -0.0000000E+00 -0.0000000E+00  0.7471700E-01 -0.0000000E+00 -0.0000000E+00
 -0.0000000E+00  0.1494620E+00 -0.0000000E+00 -0.0000000E+00 -0.0000000E+00
 -0.1999200E-01 -0.0000000E+00 -0.0000000E+00 -0.0000000E+00  0.9469320E+00
 -0.0000000E+00 -0.0000000E+00 -0.0000000E+00 -0.0000000E+00 -0.0000000E+00
 -0.0000000E+00 -0.0000000E+00 -0.0000000E+00 -0.0000000E+00 -0.0000000E+00
 -0.0000000E+00 -0.0000000E+00 -0.0000000E+00 -0.0000000E+00 -0.0000000E+00
 -0.0000000E+00 -0.0000000E+00 -0.0000000E+00 -0.0000000E+00 -0.0000000E+00
  0.6750000E-03 -0.0000000E+00 -0.0000000E+00 -0.0000000E+00 -0.0000000E+00
  0.9057000E-02 -0.0000000E+00  0.9057000E-02 -0.0000000E+00 -0.0000000E+00
  0.3387800E-01 -0.2241000E-02  0.0000000E+00  0.0000000E+00  0.0000000E+00
 -0.3006990E+00  0.0000000E+00  0.0000000E+00  0.0000000E+00 -0.1636160E+00
  0.0000000E+00  0.0000000E+00  0.0000000E+00  0.2345785E+01  0.0000000E+00
  0.0000000E+00  0.0000000E+00 -0.3706300E-01 -0.3773700E-01 -0.3773700E-01
  0.0000000E+00  0.0000000E+00  0.0000000E+00 -0.1393290E+00 -0.1530620E+00
 -0.1530620E+00  0.0000000E+00  0.0000000E+00  0.0000000E+00 -0.6032660E+00
 -0.5798540E+00 -0.5798540E+00  0.0000000E+00  0.0000000E+00  0.0000000E+00
  0.0000000E+00  0.0000000E+00  0.0000000E+00  0.0000000E+00  0.0000000E+00
  0.0000000E+00  0.0000000E+00  0.0000000E+00  0.0000000E+00  0.0000000E+00
 -0.0000000E+00 -0.0000000E+00 -0.0000000E+00 -0.8541700E-01 -0.1640850E+00
 -0.0000000E+00 -0.0000000E+00 -0.6984300E-01 -0.1341670E+00 -0.0000000E+00
 -0.0000000E+00 -0.4608890E+00 -0.8853590E+00 -0.0000000E+00 -0.0000000E+00
  0.5052280E+00  0.9705340E+00 -0.0000000E+00 -0.0000000E+00 -0.0000000E+00
 -0.0000000E+00 -0.0000000E+00 -0.0000000E+00 -0.0000000E+00 -0.0000000E+00
 -0.0000000E+00 -0.0000000E+00 -0.0000000E+00 -0.0000000E+00 -0.0000000E+00
 -0.0000000E+00 -0.0000000E+00 -0.0000000E+00 -0.0000000E+00 -0.0000000E+00
 -0.0000000E+00 -0.6304000E-02 -0.1211000E-01  0.4044000E-02  0.7768000E-02
 -0.0000000E+00 -0.5416000E-02 -0.0000000E+00 -0.2819000E-02 -0.0000000E+00
 -0.0000000E+00 -0.0000000E+00 -0.0000000E+00 -0.1640850E+00  0.8541700E-01
 -0.0000000E+00 -0.0000000E+00 -0.1341670E+00  0.6984300E-01 -0.0000000E+00
 -0.0000000E+00 -0.8853590E+00  0.4608890E+00 -0.0000000E+00 -0.0000000E+00
  0.9705340E+00 -0.5052280E+00 -0.0000000E+00 -0.0000000E+00 -0.0000000E+00
 -0.0000000E+00 -0.0000000E+00 -0.0000000E+00 -0.0000000E+00 -0.0000000E+00
 -0.0000000E+00 -0.0000000E+00 -0.0000000E+00 -0.0000000E+00 -0.0000000E+00
 -0.0000000E+00 -0.0000000E+00 -0.0000000E+00 -0.0000000E+00 -0.0000000E+00
 -0.0000000E+00 -0.1211000E-01  0.6304000E-02  0.7768000E-02 -0.4044000E-02
 -0.0000000E+00  0.2819000E-02 -0.0000000E+00 -0.5416000E-02 -0.0000000E+00
  0.0000000E+00  0.0000000E+00  0.1989820E+00  0.0000000E+00  0.0000000E+00
  0.0000000E+00  0.1377180E+00  0.0000000E+00  0.0000000E+00  0.0000000E+00
  0.1084223E+01  0.0000000E+00  0.0000000E+00  0.0000000E+00 -0.9431030E+00
  0.0000000E+00  0.0000000E+00  0.0000000E+00  0.0000000E+00  0.0000000E+00
  0.0000000E+00  0.0000000E+00  0.0000000E+00  0.0000000E+00  0.0000000E+00
  0.0000000E+00  0.0000000E+00  0.0000000E+00  0.0000000E+00  0.0000000E+00
  0.0000000E+00  0.0000000E+00  0.0000000E+00  0.0000000E+00  0.0000000E+00
 -0.8661000E-02  0.0000000E+00  0.0000000E+00  0.0000000E+00  0.0000000E+00
  0.1308200E-01  0.0000000E+00  0.1308200E-01  0.0000000E+00  0.0000000E+00
 -0.4100500E-01 -0.2558640E+00  0.0000000E+00  0.0000000E+00  0.0000000E+00
 -0.1978770E+00  0.0000000E+00  0.0000000E+00  0.0000000E+00  0.2277638E+01
  0.0000000E+00  0.0000000E+00  0.0000000E+00  0.2245289E+01  0.0000000E+00
  0.0000000E+00  0.0000000E+00 -0.1103410E+00 -0.1145530E+00 -0.1145530E+00
  0.0000000E+00  0.0000000E+00  0.0000000E+00 -0.4808350E+00 -0.4326200E+00
 -0.4326200E+00  0.0000000E+00  0.0000000E+00  0.0000000E+00 -0.1459821E+01
 -0.1888719E+01 -0.1888719E+01  0.0000000E+00  0.0000000E+00  0.0000000E+00
  0.0000000E+00  0.0000000E+00  0.0000000E+00  0.0000000E+00  0.0000000E+00
  0.0000000E+00  0.0000000E+00  0.0000000E+00  0.0000000E+00  0.0000000E+00
 -0.0000000E+00 -0.0000000E+00 -0.0000000E+00 -0.0000000E+00 -0.0000000E+00
 -0.0000000E+00 -0.0000000E+00 -0.0000000E+00 -0.0000000E+00 -0.0000000E+00
 -0.0000000E+00 -0.0000000E+00 -0.0000000E+00 -0.0000000E+00 -0.0000000E+00
 -0.0000000E+00 -0.0000000E+00 -0.0000000E+00  0.7500000E-03 -0.7500000E-03
 -0.0000000E+00 -0.0000000E+00  0.1629700E-01 -0.0000000E+00 -0.2110000E-02
  0.2110000E-02 -0.0000000E+00 -0.0000000E+00 -0.4582700E-01 -0.0000000E+00
  0.4686300E-01 -0.4686300E-01 -0.0000000E+00 -0.0000000E+00  0.1017765E+01
 -0.0000000E+00 -0.0000000E+00 -0.0000000E+00 -0.0000000E+00 -0.0000000E+00
 -0.0000000E+00 -0.0000000E+00 -0.0000000E+00 -0.0000000E+00 -0.0000000E+00
  0.0000000E+00  0.0000000E+00  0.0000000E+00  0.0000000E+00  0.0000000E+00
  0.0000000E+00  0.0000000E+00  0.0000000E+00  0.0000000E+00  0.0000000E+00
  0.0000000E+00  0.0000000E+00  0.0000000E+00  0.0000000E+00  0.0000000E+00
  0.0000000E+00  0.0000000E+00  0.0000000E+00  0.1411300E-01 -0.1411300E-01
  0.0000000E+00  0.0000000E+00 -0.8660000E-03  0.0000000E+00 -0.3968800E-01
  0.3968800E-01  0.0000000E+00  0.0000000E+00  0.2437000E-02  0.0000000E+00
  0.8814110E+00 -0.8814110E+00  0.0000000E+00  0.0000000E+00 -0.5411300E-01
  0.0000000E+00  0.0000000E+00  0.0000000E+00  0.0000000E+00  0.0000000E+00
  0.0000000E+00  0.0000000E+00  0.0000000E+00  0.0000000E+00  0.0000000E+00
  0.0000000E+00  0.0000000E+00  0.0000000E+00  0.0000000E+00  0.0000000E+00
  0.0000000E+00  0.0000000E+00  0.0000000E+00  0.0000000E+00  0.0000000E+00
  0.0000000E+00  0.0000000E+00  0.0000000E+00  0.0000000E+00  0.0000000E+00
  0.0000000E+00  0.0000000E+00  0.0000000E+00  0.0000000E+00  0.0000000E+00
 -0.3946000E-02  0.1651600E-01  0.0000000E+00  0.0000000E+00  0.0000000E+00
  0.0000000E+00  0.1312100E-01 -0.5492400E-01  0.0000000E+00  0.0000000E+00
  0.0000000E+00  0.0000000E+00 -0.2378560E+00  0.9956320E+00  0.0000000E+00
  0.0000000E+00  0.0000000E+00  0.0000000E+00  0.0000000E+00  0.0000000E+00
  0.0000000E+00  0.0000000E+00  0.0000000E+00  0.0000000E+00  0.0000000E+00
  0.0000000E+00  0.0000000E+00  0.0000000E+00  0.0000000E+00  0.0000000E+00
  0.0000000E+00  0.0000000E+00  0.0000000E+00  0.0000000E+00  0.0000000E+00
  0.0000000E+00  0.0000000E+00  0.0000000E+00  0.0000000E+00  0.0000000E+00
  0.0000000E+00  0.0000000E+00  0.0000000E+00  0.0000000E+00  0.0000000E+00
  0.1651600E-01  0.3946000E-02  0.0000000E+00  0.0000000E+00  0.0000000E+00
  0.0000000E+00 -0.5492400E-01 -0.1312100E-01  0.0000000E+00  0.0000000E+00
  0.0000000E+00  0.0000000E+00  0.9956320E+00  0.2378560E+00  0.0000000E+00
  0.0000000E+00  0.0000000E+00  0.0000000E+00  0.0000000E+00  0.0000000E+00
  0.0000000E+00  0.0000000E+00  0.0000000E+00  0.0000000E+00  0.0000000E+00
  0.6225000E-02  0.6682600E-01  0.0000000E+00  0.0000000E+00  0.0000000E+00
  0.1072660E+00  0.0000000E+00  0.0000000E+00  0.0000000E+00 -0.7221680E+00
  0.0000000E+00  0.0000000E+00  0.0000000E+00 -0.6257890E+00  0.0000000E+00
  0.0000000E+00  0.0000000E+00  0.5123300E-01  0.2582300E-01  0.2582300E-01
  0.0000000E+00  0.0000000E+00  0.0000000E+00  0.8327700E-01  0.1651020E+00
  0.1651020E+00  0.0000000E+00  0.0000000E+00  0.0000000E+00  0.1500645E+01
  0.2420400E-01  0.2420400E-01  0.0000000E+00  0.0000000E+00  0.0000000E+00
  0.0000000E+00  0.0000000E+00  0.0000000E+00  0.0000000E+00  0.0000000E+00
  0.0000000E+00  0.0000000E+00  0.0000000E+00  0.0000000E+00  0.0000000E+00
 -0.0000000E+00 -0.0000000E+00 -0.0000000E+00 -0.2648000E-01 -0.2606990E+00
 -0.0000000E+00 -0.0000000E+00 -0.9860900E-01 -0.9708310E+00 -0.0000000E+00
 -0.0000000E+00  0.1569830E+00  0.1545531E+01 -0.0000000E+00 -0.0000000E+00
 -0.6347600E-01 -0.6249310E+00 -0.0000000E+00 -0.0000000E+00 -0.0000000E+00
 -0.0000000E+00 -0.0000000E+00 -0.0000000E+00 -0.0000000E+00 -0.0000000E+00
 -0.0000000E+00 -0.0000000E+00 -0.0000000E+00 -0.0000000E+00 -0.0000000E+00
 -0.0000000E+00 -0.0000000E+00 -0.0000000E+00 -0.0000000E+00 -0.0000000E+00
 -0.0000000E+00 -0.9234000E-02 -0.9091100E-01 -0.2876000E-02 -0.2831300E-01
 -0.0000000E+00 -0.4065700E-01 -0.0000000E+00 -0.4130000E-02 -0.0000000E+00
  0.0000000E+00  0.0000000E+00  0.0000000E+00 -0.2606990E+00  0.2648000E-01
  0.0000000E+00  0.0000000E+00 -0.9708310E+00  0.9860900E-01  0.0000000E+00
  0.0000000E+00  0.1545531E+01 -0.1569830E+00  0.0000000E+00  0.0000000E+00
 -0.6249310E+00  0.6347600E-01  0.0000000E+00  0.0000000E+00  0.0000000E+00
  0.0000000E+00  0.0000000E+00  0.0000000E+00  0.0000000E+00  0.0000000E+00
  0.0000000E+00  0.0000000E+00  0.0000000E+00  0.0000000E+00  0.0000000E+00
  0.0000000E+00  0.0000000E+00  0.0000000E+00  0.0000000E+00  0.0000000E+00
  0.0000000E+00 -0.9091100E-01  0.9234000E-02 -0.2831300E-01  0.2876000E-02
  0.0000000E+00  0.4130000E-02  0.0000000E+00 -0.4065700E-01  0.0000000E+00
  0.0000000E+00  0.0000000E+00 -0.2723000E+00  0.0000000E+00  0.0000000E+00
  0.0000000E+00 -0.9689200E+00  0.0000000E+00  0.0000000E+00  0.0000000E+00
  0.1508569E+01  0.0000000E+00  0.0000000E+00  0.0000000E+00 -0.5966250E+00
  0.0000000E+00  0.0000000E+00  0.0000000E+00  0.0000000E+00  0.0000000E+00
  0.0000000E+00  0.0000000E+00  0.0000000E+00  0.0000000E+00  0.0000000E+00
  0.0000000E+00  0.0000000E+00  0.0000000E+00  0.0000000E+00  0.0000000E+00
  0.0000000E+00  0.0000000E+00  0.0000000E+00  0.0000000E+00  0.0000000E+00
 -0.8508000E-01  0.0000000E+00  0.0000000E+00  0.0000000E+00  0.0000000E+00
 -0.5191100E-01  0.0000000E+00 -0.5191100E-01  0.0000000E+00  0.0000000E+00
  0.1469580E+00 -0.1976170E+00 -0.0000000E+00 -0.0000000E+00 -0.0000000E+00
 -0.2474292E+01 -0.0000000E+00 -0.0000000E+00 -0.0000000E+00  0.7742978E+01
 -0.0000000E+00 -0.0000000E+00 -0.0000000E+00  0.1603101E+01 -0.0000000E+00
 -0.0000000E+00 -0.0000000E+00 -0.2795250E+00 -0.2878850E+00 -0.2878850E+00
 -0.0000000E+00 -0.0000000E+00 -0.0000000E+00 -0.1209300E+01 -0.1230851E+01
 -0.1230851E+01 -0.0000000E+00 -0.0000000E+00 -0.0000000E+00 -0.2387770E+01
 -0.2397203E+01 -0.2397203E+01 -0.0000000E+00 -0.0000000E+00 -0.0000000E+00
 -0.0000000E+00 -0.0000000E+00 -0.0000000E+00 -0.0000000E+00 -0.0000000E+00
 -0.0000000E+00 -0.0000000E+00 -0.0000000E+00 -0.0000000E+00 -0.0000000E+00
 -0.0000000E+00 -0.0000000E+00 -0.0000000E+00 -0.0000000E+00 -0.0000000E+00
 -0.0000000E+00 -0.0000000E+00 -0.0000000E+00 -0.0000000E+00 -0.0000000E+00
 -0.0000000E+00 -0.0000000E+00 -0.0000000E+00 -0.0000000E+00 -0.0000000E+00
 -0.0000000E+00 -0.0000000E+00 -0.0000000E+00 -0.7270000E-03  0.7270000E-03
 -0.0000000E+00 -0.0000000E+00 -0.1797300E-01 -0.0000000E+00  0.4578400E-01
 -0.4578400E-01 -0.0000000E+00 -0.0000000E+00  0.1132572E+01 -0.0000000E+00
 -0.1957400E-01  0.1957400E-01 -0.0000000E+00 -0.0000000E+00 -0.4841940E+00
 -0.0000000E+00 -0.0000000E+00 -0.0000000E+00 -0.0000000E+00 -0.0000000E+00
 -0.0000000E+00 -0.0000000E+00 -0.0000000E+00 -0.0000000E+00 -0.0000000E+00
 -0.0000000E+00 -0.0000000E+00 -0.0000000E+00 -0.0000000E+00 -0.0000000E+00
 -0.0000000E+00 -0.0000000E+00 -0.0000000E+00 -0.0000000E+00 -0.0000000E+00
 -0.0000000E+00 -0.0000000E+00 -0.0000000E+00 -0.0000000E+00 -0.0000000E+00
 -0.0000000E+00 -0.0000000E+00 -0.0000000E+00 -0.1556500E-01  0.1556500E-01
 -0.0000000E+00 -0.0000000E+00  0.8390000E-03 -0.0000000E+00  0.9808360E+00
 -0.9808360E+00 -0.0000000E+00 -0.0000000E+00 -0.5286700E-01 -0.0000000E+00
 -0.4193240E+00  0.4193240E+00 -0.0000000E+00 -0.0000000E+00  0.2260200E-01
 -0.0000000E+00 -0.0000000E+00 -0.0000000E+00 -0.0000000E+00 -0.0000000E+00
 -0.0000000E+00 -0.0000000E+00 -0.0000000E+00 -0.0000000E+00 -0.0000000E+00
 -0.0000000E+00 -0.0000000E+00 -0.0000000E+00 -0.0000000E+00 -0.0000000E+00
 -0.0000000E+00 -0.0000000E+00 -0.0000000E+00 -0.0000000E+00 -0.0000000E+00
 -0.0000000E+00 -0.0000000E+00 -0.0000000E+00 -0.0000000E+00 -0.0000000E+00
 -0.0000000E+00 -0.0000000E+00 -0.0000000E+00 -0.0000000E+00 -0.0000000E+00
 -0.1193000E-01 -0.1449200E-01 -0.0000000E+00 -0.0000000E+00 -0.0000000E+00
 -0.0000000E+00  0.7206250E+00  0.8753620E+00 -0.0000000E+00 -0.0000000E+00
 -0.0000000E+00 -0.0000000E+00 -0.3022570E+00 -0.3671590E+00 -0.0000000E+00
 -0.0000000E+00 -0.0000000E+00 -0.0000000E+00 -0.0000000E+00 -0.0000000E+00
 -0.0000000E+00 -0.0000000E+00 -0.0000000E+00 -0.0000000E+00 -0.0000000E+00
  0.0000000E+00  0.0000000E+00  0.0000000E+00  0.0000000E+00  0.0000000E+00
  0.0000000E+00  0.0000000E+00  0.0000000E+00  0.0000000E+00  0.0000000E+00
  0.0000000E+00  0.0000000E+00  0.0000000E+00  0.0000000E+00  0.0000000E+00
  0.0000000E+00  0.0000000E+00  0.0000000E+00  0.0000000E+00  0.0000000E+00
 -0.1449200E-01  0.1193000E-01  0.0000000E+00  0.0000000E+00  0.0000000E+00
  0.0000000E+00  0.8753620E+00 -0.7206250E+00  0.0000000E+00  0.0000000E+00
  0.0000000E+00  0.0000000E+00 -0.3671590E+00  0.3022570E+00  0.0000000E+00
  0.0000000E+00  0.0000000E+00  0.0000000E+00  0.0000000E+00  0.0000000E+00
  0.0000000E+00  0.0000000E+00  0.0000000E+00  0.0000000E+00  0.0000000E+00
 -0.7997000E-02 -0.1918900E-01  0.0000000E+00  0.0000000E+00  0.0000000E+00
  0.7978700E-01  0.0000000E+00  0.0000000E+00  0.0000000E+00  0.9067000E-02
  0.0000000E+00  0.0000000E+00  0.0000000E+00  0.3518000E-02  0.0000000E+00
  0.0000000E+00  0.0000000E+00 -0.2128600E-01  0.7765000E-02  0.7765000E-02
  0.0000000E+00  0.0000000E+00  0.0000000E+00  0.1113798E+01 -0.5858500E+00
 -0.5858500E+00  0.0000000E+00  0.0000000E+00  0.0000000E+00 -0.4769600E+00
  0.2311470E+00  0.2311470E+00  0.0000000E+00  0.0000000E+00  0.0000000E+00
  0.0000000E+00  0.0000000E+00  0.0000000E+00  0.0000000E+00  0.0000000E+00
  0.0000000E+00  0.0000000E+00  0.0000000E+00  0.0000000E+00  0.0000000E+00
 -0.0000000E+00 -0.0000000E+00 -0.0000000E+00 -0.0000000E+00 -0.0000000E+00
 -0.0000000E+00 -0.0000000E+00 -0.0000000E+00 -0.0000000E+00 -0.0000000E+00
 -0.0000000E+00 -0.0000000E+00 -0.0000000E+00 -0.0000000E+00 -0.0000000E+00
 -0.0000000E+00 -0.0000000E+00 -0.0000000E+00 -0.0000000E+00 -0.0000000E+00
 -0.0000000E+00 -0.0000000E+00 -0.0000000E+00 -0.0000000E+00 -0.0000000E+00
 -0.0000000E+00 -0.0000000E+00 -0.0000000E+00 -0.0000000E+00 -0.0000000E+00
 -0.0000000E+00 -0.0000000E+00 -0.0000000E+00 -0.0000000E+00 -0.0000000E+00
 -0.0000000E+00 -0.7760550E+00 -0.1507930E+00 -0.0000000E+00 -0.0000000E+00
 -0.0000000E+00  0.2023110E+00 -0.0000000E+00  0.1041187E+01 -0.0000000E+00
  0.0000000E+00  0.0000000E+00  0.0000000E+00  0.0000000E+00  0.0000000E+00
  0.0000000E+00  0.0000000E+00  0.0000000E+00  0.0000000E+00  0.0000000E+00
  0.0000000E+00  0.0000000E+00  0.0000000E+00  0.0000000E+00  0.0000000E+00
  0.0000000E+00  0.0000000E+00  0.0000000E+00  0.0000000E+00  0.0000000E+00
  0.0000000E+00  0.0000000E+00  0.0000000E+00  0.0000000E+00  0.0000000E+00
  0.0000000E+00  0.0000000E+00  0.0000000E+00  0.0000000E+00  0.0000000E+00
  0.0000000E+00  0.0000000E+00  0.0000000E+00  0.0000000E+00  0.0000000E+00
  0.0000000E+00  0.1507930E+00 -0.7760550E+00  0.0000000E+00  0.0000000E+00
  0.0000000E+00  0.1041187E+01  0.0000000E+00 -0.2023110E+00  0.0000000E+00
  0.0000000E+00  0.0000000E+00  0.0000000E+00  0.0000000E+00  0.0000000E+00
  0.0000000E+00  0.0000000E+00  0.0000000E+00  0.0000000E+00  0.0000000E+00
  0.0000000E+00  0.0000000E+00  0.0000000E+00  0.0000000E+00  0.0000000E+00
  0.0000000E+00  0.0000000E+00  0.0000000E+00  0.0000000E+00  0.0000000E+00
  0.0000000E+00  0.0000000E+00  0.0000000E+00  0.0000000E+00  0.0000000E+00
  0.0000000E+00  0.0000000E+00  0.0000000E+00  0.0000000E+00  0.0000000E+00
  0.0000000E+00  0.0000000E+00  0.0000000E+00  0.0000000E+00  0.0000000E+00
  0.0000000E+00  0.0000000E+00  0.0000000E+00  0.0000000E+00  0.0000000E+00
  0.8872100E-01  0.0000000E+00 -0.8872100E-01  0.0000000E+00  0.9947390E+00
 -0.0000000E+00 -0.0000000E+00 -0.0000000E+00 -0.0000000E+00 -0.0000000E+00
 -0.0000000E+00 -0.0000000E+00 -0.0000000E+00 -0.0000000E+00 -0.0000000E+00
 -0.0000000E+00 -0.0000000E+00 -0.0000000E+00 -0.0000000E+00 -0.0000000E+00
 -0.0000000E+00 -0.0000000E+00 -0.0000000E+00 -0.0000000E+00 -0.0000000E+00
 -0.0000000E+00 -0.0000000E+00 -0.0000000E+00 -0.0000000E+00 -0.0000000E+00
 -0.0000000E+00 -0.0000000E+00 -0.0000000E+00 -0.0000000E+00 -0.0000000E+00
 -0.0000000E+00 -0.0000000E+00 -0.0000000E+00 -0.0000000E+00 -0.0000000E+00
 -0.0000000E+00 -0.0000000E+00 -0.0000000E+00 -0.0000000E+00 -0.0000000E+00
 -0.8614690E+00 -0.0000000E+00  0.8614690E+00 -0.0000000E+00  0.1024460E+00
  0.0000000E+00  0.0000000E+00  0.0000000E+00 -0.4445000E+00 -0.4673720E+00
  0.0000000E+00  0.0000000E+00 -0.2591540E+00 -0.2724890E+00  0.0000000E+00
  0.0000000E+00 -0.3645620E+00 -0.3833210E+00  0.0000000E+00  0.0000000E+00
  0.1290250E+00  0.1356640E+00  0.0000000E+00  0.0000000E+00  0.0000000E+00
  0.0000000E+00  0.0000000E+00  0.0000000E+00  0.0000000E+00  0.0000000E+00
  0.0000000E+00  0.0000000E+00  0.0000000E+00  0.0000000E+00  0.0000000E+00
  0.0000000E+00  0.0000000E+00  0.0000000E+00  0.0000000E+00  0.0000000E+00
  0.0000000E+00  0.8492220E+00  0.8929190E+00 -0.2301320E+00 -0.2419730E+00
  0.0000000E+00  0.3993250E+00  0.0000000E+00  0.3797840E+00  0.0000000E+00
 -0.0000000E+00 -0.0000000E+00 -0.0000000E+00 -0.4673720E+00  0.4445000E+00
 -0.0000000E+00 -0.0000000E+00 -0.2724890E+00  0.2591540E+00 -0.0000000E+00
 -0.0000000E+00 -0.3833210E+00  0.3645620E+00 -0.0000000E+00 -0.0000000E+00
  0.1356640E+00 -0.1290250E+00 -0.0000000E+00 -0.0000000E+00 -0.0000000E+00
 -0.0000000E+00 -0.0000000E+00 -0.0000000E+00 -0.0000000E+00 -0.0000000E+00
 -0.0000000E+00 -0.0000000E+00 -0.0000000E+00 -0.0000000E+00 -0.0000000E+00
 -0.0000000E+00 -0.0000000E+00 -0.0000000E+00 -0.0000000E+00 -0.0000000E+00
 -0.0000000E+00  0.8929190E+00 -0.8492220E+00 -0.2419730E+00  0.2301320E+00
 -0.0000000E+00 -0.3797840E+00 -0.0000000E+00  0.3993250E+00 -0.0000000E+00
  0.0000000E+00  0.0000000E+00 -0.2972020E+00  0.0000000E+00  0.0000000E+00
  0.0000000E+00 -0.1677430E+00  0.0000000E+00  0.0000000E+00  0.0000000E+00
 -0.2330600E+00  0.0000000E+00  0.0000000E+00  0.0000000E+00  0.8234500E-01
  0.0000000E+00  0.0000000E+00  0.0000000E+00  0.0000000E+00  0.0000000E+00
  0.0000000E+00  0.0000000E+00  0.0000000E+00  0.0000000E+00  0.0000000E+00
  0.0000000E+00  0.0000000E+00  0.0000000E+00  0.0000000E+00  0.0000000E+00
  0.0000000E+00  0.0000000E+00  0.0000000E+00  0.0000000E+00  0.0000000E+00
 -0.5725820E+00  0.0000000E+00  0.0000000E+00  0.0000000E+00  0.0000000E+00
  0.7944380E+00  0.0000000E+00  0.7944380E+00  0.0000000E+00  0.0000000E+00
 -0.0000000E+00 -0.0000000E+00 -0.0000000E+00 -0.4037920E+00  0.3569740E+00
 -0.0000000E+00 -0.0000000E+00 -0.2278460E+00  0.2014280E+00 -0.0000000E+00
 -0.0000000E+00 -0.3373370E+00  0.2982230E+00 -0.0000000E+00 -0.0000000E+00
  0.1191270E+00 -0.1053140E+00 -0.0000000E+00 -0.0000000E+00 -0.0000000E+00
 -0.0000000E+00 -0.0000000E+00 -0.0000000E+00 -0.0000000E+00 -0.0000000E+00
 -0.0000000E+00 -0.0000000E+00 -0.0000000E+00 -0.0000000E+00 -0.0000000E+00
 -0.0000000E+00 -0.0000000E+00 -0.0000000E+00 -0.0000000E+00 -0.0000000E+00
 -0.0000000E+00  0.1824770E+00 -0.1613190E+00  0.8642380E+00 -0.7640320E+00
 -0.0000000E+00 -0.7214400E-01 -0.0000000E+00  0.8160600E-01 -0.0000000E+00
  0.0000000E+00  0.0000000E+00  0.0000000E+00 -0.3569740E+00 -0.4037920E+00
  0.0000000E+00  0.0000000E+00 -0.2014280E+00 -0.2278460E+00  0.0000000E+00
  0.0000000E+00 -0.2982230E+00 -0.3373370E+00  0.0000000E+00  0.0000000E+00
  0.1053140E+00  0.1191270E+00  0.0000000E+00  0.0000000E+00  0.0000000E+00
  0.0000000E+00  0.0000000E+00  0.0000000E+00  0.0000000E+00  0.0000000E+00
  0.0000000E+00  0.0000000E+00  0.0000000E+00  0.0000000E+00  0.0000000E+00
  0.0000000E+00  0.0000000E+00  0.0000000E+00  0.0000000E+00  0.0000000E+00
  0.0000000E+00  0.1613190E+00  0.1824770E+00  0.7640320E+00  0.8642380E+00
  0.0000000E+00  0.8160600E-01  0.0000000E+00  0.7214400E-01  0.0000000E+00
 -0.0000000E+00 -0.0000000E+00 -0.7959190E+00 -0.0000000E+00 -0.0000000E+00
 -0.0000000E+00 -0.4206950E+00 -0.0000000E+00 -0.0000000E+00 -0.0000000E+00
 -0.6477320E+00 -0.0000000E+00 -0.0000000E+00 -0.0000000E+00  0.2278930E+00
 -0.0000000E+00 -0.0000000E+00 -0.0000000E+00 -0.0000000E+00 -0.0000000E+00
 -0.0000000E+00 -0.0000000E+00 -0.0000000E+00 -0.0000000E+00 -0.0000000E+00
 -0.0000000E+00 -0.0000000E+00 -0.0000000E+00 -0.0000000E+00 -0.0000000E+00
 -0.0000000E+00 -0.0000000E+00 -0.0000000E+00 -0.0000000E+00 -0.0000000E+00
  0.1357193E+01 -0.0000000E+00 -0.0000000E+00 -0.0000000E+00 -0.0000000E+00
  0.2250060E+00 -0.0000000E+00  0.2250060E+00 -0.0000000E+00 -0.0000000E+00
 -0.3247000E-01 -0.1535571E+01 -0.0000000E+00 -0.0000000E+00 -0.0000000E+00
  0.3990734E+01 -0.0000000E+00 -0.0000000E+00 -0.0000000E+00  0.7421843E+01
 -0.0000000E+00 -0.0000000E+00 -0.0000000E+00  0.9972380E+00 -0.0000000E+00
 -0.0000000E+00 -0.0000000E+00 -0.8551400E+00 -0.8366670E+00 -0.8366670E+00
 -0.0000000E+00 -0.0000000E+00 -0.0000000E+00 -0.3536495E+01 -0.3526618E+01
 -0.3526618E+01 -0.0000000E+00 -0.0000000E+00 -0.0000000E+00 -0.1841841E+01
 -0.1846033E+01 -0.1846033E+01 -0.0000000E+00 -0.0000000E+00 -0.0000000E+00
 -0.0000000E+00 -0.0000000E+00 -0.0000000E+00 -0.0000000E+00 -0.0000000E+00
 -0.0000000E+00 -0.0000000E+00 -0.0000000E+00 -0.0000000E+00 -0.0000000E+00
  0.0000000E+00  0.0000000E+00  0.0000000E+00  0.0000000E+00  0.0000000E+00
  0.0000000E+00  0.0000000E+00  0.0000000E+00  0.0000000E+00  0.0000000E+00
  0.0000000E+00  0.0000000E+00  0.0000000E+00  0.0000000E+00  0.0000000E+00
  0.0000000E+00  0.0000000E+00  0.0000000E+00 -0.9844160E+00  0.9844160E+00
  0.0000000E+00  0.0000000E+00  0.1122930E+00  0.0000000E+00  0.5139420E+00
 -0.5139420E+00  0.0000000E+00  0.0000000E+00 -0.5862600E-01  0.0000000E+00
 -0.1531280E+00  0.1531280E+00  0.0000000E+00  0.0000000E+00  0.1746700E-01
  0.0000000E+00  0.0000000E+00  0.0000000E+00  0.0000000E+00  0.0000000E+00
  0.0000000E+00  0.0000000E+00  0.0000000E+00  0.0000000E+00  0.0000000E+00
  0.0000000E+00  0.0000000E+00  0.0000000E+00  0.0000000E+00  0.0000000E+00
  0.0000000E+00  0.0000000E+00  0.0000000E+00  0.0000000E+00  0.0000000E+00
  0.0000000E+00  0.0000000E+00  0.0000000E+00  0.0000000E+00  0.0000000E+00
  0.0000000E+00  0.0000000E+00  0.0000000E+00  0.9724800E-01 -0.9724800E-01
  0.0000000E+00  0.0000000E+00  0.1136705E+01  0.0000000E+00 -0.5077100E-01
  0.5077100E-01  0.0000000E+00  0.0000000E+00 -0.5934490E+00  0.0000000E+00
  0.1512700E-01 -0.1512700E-01  0.0000000E+00  0.0000000E+00  0.1768170E+00
  0.0000000E+00  0.0000000E+00  0.0000000E+00  0.0000000E+00  0.0000000E+00
  0.0000000E+00  0.0000000E+00  0.0000000E+00  0.0000000E+00  0.0000000E+00
  0.0000000E+00  0.0000000E+00  0.0000000E+00  0.0000000E+00  0.0000000E+00
  0.0000000E+00  0.0000000E+00  0.0000000E+00  0.0000000E+00  0.0000000E+00
  0.0000000E+00  0.0000000E+00  0.0000000E+00  0.0000000E+00  0.0000000E+00
  0.0000000E+00  0.0000000E+00  0.0000000E+00  0.0000000E+00  0.0000000E+00
 -0.5759870E+00  0.9863550E+00  0.0000000E+00  0.0000000E+00  0.0000000E+00
  0.0000000E+00  0.3002390E+00 -0.5141480E+00  0.0000000E+00  0.0000000E+00
  0.0000000E+00  0.0000000E+00 -0.8917800E-01  0.1527140E+00  0.0000000E+00
  0.0000000E+00  0.0000000E+00  0.0000000E+00  0.0000000E+00  0.0000000E+00
  0.0000000E+00  0.0000000E+00  0.0000000E+00  0.0000000E+00  0.0000000E+00
  0.0000000E+00  0.0000000E+00  0.0000000E+00  0.0000000E+00  0.0000000E+00
  0.0000000E+00  0.0000000E+00  0.0000000E+00  0.0000000E+00  0.0000000E+00
  0.0000000E+00  0.0000000E+00  0.0000000E+00  0.0000000E+00  0.0000000E+00
  0.0000000E+00  0.0000000E+00  0.0000000E+00  0.0000000E+00  0.0000000E+00
  0.9863550E+00  0.5759870E+00  0.0000000E+00  0.0000000E+00  0.0000000E+00
  0.0000000E+00 -0.5141480E+00 -0.3002390E+00  0.0000000E+00  0.0000000E+00
  0.0000000E+00  0.0000000E+00  0.1527140E+00  0.8917800E-01  0.0000000E+00
  0.0000000E+00  0.0000000E+00  0.0000000E+00  0.0000000E+00  0.0000000E+00
  0.0000000E+00  0.0000000E+00  0.0000000E+00  0.0000000E+00  0.0000000E+00
  0.7473000E-02 -0.6064800E-01  0.0000000E+00  0.0000000E+00  0.0000000E+00
  0.2413930E+00  0.0000000E+00  0.0000000E+00  0.0000000E+00  0.1277300E+00
  0.0000000E+00  0.0000000E+00  0.0000000E+00  0.1597900E-01  0.0000000E+00
  0.0000000E+00  0.0000000E+00  0.1090530E+01 -0.6224820E+00 -0.6224820E+00
  0.0000000E+00  0.0000000E+00  0.0000000E+00 -0.7022010E+00  0.1902230E+00
  0.1902230E+00  0.0000000E+00  0.0000000E+00  0.0000000E+00  0.1461330E+00
 -0.1186420E+00 -0.1186420E+00  0.0000000E+00  0.0000000E+00  0.0000000E+00
  0.0000000E+00  0.0000000E+00  0.0000000E+00  0.0000000E+00  0.0000000E+00
  0.0000000E+00  0.0000000E+00  0.0000000E+00  0.0000000E+00  0.0000000E+00
  0.6744080E+00 -0.3232007E+01  0.0000000E+00  0.0000000E+00  0.0000000E+00
  0.1308111E+02  0.0000000E+00  0.0000000E+00  0.0000000E+00  0.5617084E+01
  0.0000000E+00  0.0000000E+00  0.0000000E+00  0.7159080E+00  0.0000000E+00
  0.0000000E+00  0.0000000E+00 -0.3091725E+01 -0.3067840E+01 -0.3067840E+01
  0.0000000E+00  0.0000000E+00  0.0000000E+00 -0.5243342E+01 -0.5258529E+01
 -0.5258529E+01  0.0000000E+00  0.0000000E+00  0.0000000E+00 -0.1352496E+01
 -0.1347546E+01 -0.1347546E+01  0.0000000E+00  0.0000000E+00  0.0000000E+00
  0.0000000E+00  0.0000000E+00  0.0000000E+00  0.0000000E+00  0.0000000E+00
  0.0000000E+00  0.0000000E+00  0.0000000E+00  0.0000000E+00  0.0000000E+00
  0.0000000E+00  0.0000000E+00  0.0000000E+00 -0.3568493E+01 -0.1774365E+01
  0.0000000E+00 -0.0000000E+00  0.1345088E+02  0.6688193E+01  0.0000000E+00
  0.0000000E+00 -0.1167190E+01 -0.5803630E+00  0.0000000E+00  0.0000000E+00
  0.2775760E+00  0.1380200E+00  0.0000000E+00  0.0000000E+00  0.0000000E+00
  0.0000000E+00  0.0000000E+00  0.0000000E+00  0.0000000E+00  0.0000000E+00
  0.0000000E+00  0.0000000E+00  0.0000000E+00  0.0000000E+00  0.0000000E+00
  0.0000000E+00  0.0000000E+00  0.0000000E+00  0.0000000E+00  0.0000000E+00
  0.0000000E+00 -0.7014758E+01 -0.3487954E+01 -0.3136999E+01 -0.1559813E+01
  0.0000000E+00 -0.1559860E+01  0.0000000E+00 -0.3137095E+01  0.0000000E+00
  0.0000000E+00  0.0000000E+00 -0.0000000E+00  0.1774365E+01 -0.3568493E+01
  0.0000000E+00  0.0000000E+00 -0.6688193E+01  0.1345088E+02  0.0000000E+00
  0.0000000E+00  0.5803630E+00 -0.1167190E+01  0.0000000E+00  0.0000000E+00
 -0.1380200E+00  0.2775760E+00  0.0000000E+00  0.0000000E+00  0.0000000E+00
  0.0000000E+00  0.0000000E+00  0.0000000E+00  0.0000000E+00  0.0000000E+00
  0.0000000E+00  0.0000000E+00  0.0000000E+00  0.0000000E+00  0.0000000E+00
  0.0000000E+00  0.0000000E+00  0.0000000E+00  0.0000000E+00  0.0000000E+00
 -0.0000000E+00  0.3487954E+01 -0.7014758E+01  0.1559813E+01 -0.3136999E+01
 -0.0000000E+00 -0.3137095E+01 -0.0000000E+00  0.1559860E+01  0.0000000E+00
 -0.0000000E+00 -0.0000000E+00 -0.3982994E+01 -0.0000000E+00 -0.0000000E+00
 -0.0000000E+00  0.1502402E+02  0.0000000E+00 -0.0000000E+00 -0.0000000E+00
 -0.1302687E+01 -0.0000000E+00 -0.0000000E+00 -0.0000000E+00  0.3096540E+00
 -0.0000000E+00 -0.0000000E+00 -0.0000000E+00 -0.0000000E+00 -0.0000000E+00
 -0.0000000E+00 -0.0000000E+00 -0.0000000E+00 -0.0000000E+00 -0.0000000E+00
 -0.0000000E+00 -0.0000000E+00 -0.0000000E+00 -0.0000000E+00 -0.0000000E+00
 -0.0000000E+00 -0.0000000E+00 -0.0000000E+00 -0.0000000E+00 -0.0000000E+00
 -0.7836269E+01 -0.0000000E+00 -0.0000000E+00 -0.0000000E+00 -0.0000000E+00
 -0.3504589E+01 -0.0000000E+00 -0.3504589E+01 -0.0000000E+00 -0.0000000E+00
 -0.1895086E+01  0.1433289E+01 -0.0000000E+00 -0.0000000E+00 -0.0000000E+00
  0.4213394E+01 -0.0000000E+00 -0.0000000E+00 -0.0000000E+00  0.6613350E+00
 -0.0000000E+00 -0.0000000E+00 -0.0000000E+00  0.6512400E-01 -0.0000000E+00
 -0.0000000E+00 -0.0000000E+00 -0.1208976E+01 -0.1208078E+01 -0.1208078E+01
 -0.0000000E+00 -0.0000000E+00 -0.0000000E+00 -0.1269931E+01 -0.1270346E+01
 -0.1270346E+01 -0.0000000E+00 -0.0000000E+00 -0.0000000E+00 -0.1443000E+00
 -0.1441800E+00 -0.1441800E+00 -0.0000000E+00 -0.0000000E+00 -0.0000000E+00
 -0.0000000E+00 -0.0000000E+00 -0.0000000E+00 -0.0000000E+00 -0.0000000E+00
 -0.0000000E+00 -0.0000000E+00 -0.0000000E+00 -0.0000000E+00 -0.0000000E+00
