0.0018009301560000
0.0137419011920000
0.0681334059100000
0.2333250202400000
0.5890860511020000
0.2995050259810000
0.1145360155430000
0.9205121249170000
-0.0033780404580000
0.0354608873790000
0.2374509154900000
0.8204577079960000
0.0354608873790000
0.2374509154900000
0.8204577079960000
0.0354608873790000
0.2374509154900000
0.8204577079960000
1.0000000000000000
1.0000000000000000
1.0000000000000000
1.0000000000000000
1.0000000000000000
1.0000000000000000
1.0000000000000000
1.0000000000000000
1.0000000000000000
1.0000000000000000
1.0000000000000000
1.0000000000000000
1.0000000000000000
1.0000000000000000
1.0000000000000000
1.0000000000000000
1.0000000000000000
1.0000000000000000
