
 900.4600000000000364 
 134.4329999999999927 
 30.4364999999999988 
 8.6263900000000007 
 2.4833200000000000 
 0.3031790000000000 
 4.8689000000000000 
 0.8569240000000000 
 0.2432270000000000 
 4.8689000000000000 
 0.8569240000000000 
 0.2432270000000000 
 4.8689000000000000 
 0.8569240000000000 
 0.2432270000000000 
 4.8689000000000000 
 0.8569240000000000 
 0.2432270000000000 
 0.0635070000000000 
 0.0635070000000000 
 0.0635070000000000 
 0.0635070000000000 
 0.0243683000000000 
 0.0243683000000000 
 0.0243683000000000 
 0.0243683000000000 
 0.0074000000000000 
 0.0074000000000000 
 0.0074000000000000 
 0.0074000000000000 
 0.2000000000000000 
 0.2000000000000000 
 0.2000000000000000 
 0.2000000000000000 
 0.2000000000000000 
 0.2000000000000000 