43866.5000000000000000
6605.3699999999998909
1513.2599999999999909
432.3170000000000073
142.1490000000000009
51.3982999999999990
51.3982999999999990
19.9195999999999991
8.0247399999999995
2.5081699999999998
0.8715309999999999
0.1081880000000000
0.0401300000000000
193.8540000000000134
45.4420000000000002
14.1864000000000008
5.0575099999999997
193.8540000000000134
45.4420000000000002
14.1864000000000008
5.0575099999999997
193.8540000000000134
45.4420000000000002
14.1864000000000008
5.0575099999999997
1.8886099999999999
0.7226520000000000
1.8886099999999999
0.7226520000000000
1.8886099999999999
0.7226520000000000
0.0146000000000000
0.0146000000000000
0.0146000000000000
0.0146000000000000
0.2364170000000000
0.2364170000000000
0.2364170000000000
0.0933580000000000
0.0933580000000000
0.0933580000000000
0.0348090000000000
0.0348090000000000
0.0348090000000000
0.1750000000000000
0.1750000000000000
0.1750000000000000
0.1750000000000000
0.1750000000000000
0.1750000000000000
