0.0009179994240000
0.0070469955750000
0.0359409774310000
0.1414609111710000
0.4267637320190000
0.4979746873030000
0.2513549844050000
0.6186709616160000
0.1884169883100000
1.0000000000000000
1.0000000000000000
1.0000000000000000
1.0000000000000000
0.0101879972780000
0.0753599798680000
0.3074189178750000
0.7175748083050000
0.0101879972780000
0.0753599798680000
0.3074189178750000
0.7175748083050000
0.0101879972780000
0.0753599798680000
0.3074189178750000
0.7175748083050000
0.6673390243680000
0.3946490144110000
0.6673390243680000
0.3946490144110000
0.6673390243680000
0.3946490144110000
1.0000000000000000
1.0000000000000000
1.0000000000000000
1.0000000000000000
1.0000000000000000
1.0000000000000000
1.0000000000000000
1.0000000000000000
1.0000000000000000
1.0000000000000000
1.0000000000000000
1.0000000000000000
1.0000000000000000
1.0000000000000000
1.0000000000000000
1.0000000000000000
1.0000000000000000
1.0000000000000000
1.0000000000000000
