
 535189.5728210472734645  
 
 278446.1844143727212213  
 
 121191.4154349830932915  
 
 50704.2741556180990301  
 
 20930.5586120492007467  
 
 8698.1704291065998405  
 
 3596.6950539741001194  
 
 1485.5704341247999309  
 
 612.6125093624000328  
 
 252.9124089917000049  
 
 104.4703175684000058  
 
 42.6431305210999980  
 
 17.5392757103999983  
 
 7.1938590076000004  
 
 2.9426794210999998  
 
 1.2094150102000001  
 
 0.4960674726000000  
 
 0.2033942799000000  
 
 0.0838690853000000  
 
 0.0357496126000000  
 
 0.0181012553000000  
 
 799.5907167829000173  
 
 799.5907167829000173  
 
 799.5907167829000173  
 
 458.2378929233000235  
 
 458.2378929233000235  
 
 458.2378929233000235  
 
 224.0833322882999994  
 
 224.0833322882999994  
 
 224.0833322882999994  
 
 106.8892786769000054  
 
 106.8892786769000054  
 
 106.8892786769000054  
 
 50.2376893050000035  
 
 50.2376893050000035  
 
 50.2376893050000035  
 
 23.5334569569999985  
 
 23.5334569569999985  
 
 23.5334569569999985  
 
 11.0661227794000006  
 
 11.0661227794000006  
 
 11.0661227794000006  
 
 5.1934924927999999  
 
 5.1934924927999999  
 
 5.1934924927999999  
 
 2.4330961328999998  
 
 2.4330961328999998  
 
 2.4330961328999998  
 
 1.1473124976000000  
 
 1.1473124976000000  
 
 1.1473124976000000  
 
 0.5338837351000000  
 
 0.5338837351000000  
 
 0.5338837351000000  
 
 0.2514345958000000  
 
 0.2514345958000000  
 
 0.2514345958000000  
 
 0.1161643244000000  
 
 0.1161643244000000  
 
 0.1161643244000000  
 
 0.0549749858000000  
 
 0.0549749858000000  
 
 0.0549749858000000  
 
 0.0268800516000000  
 
 0.0268800516000000  
 
 0.0268800516000000  
 
 0.0152607454000000  
 
 0.0152607454000000  
 
 0.0152607454000000  
 
 0.8192115815000000  
 
 0.8192115815000000  
 
 0.8192115815000000  
 
 0.8192115815000000  
 
 0.8192115815000000  
 
 0.8192115815000000  
 
 0.5590050956000000  
 
 0.5590050956000000  
 
 0.5590050956000000  
 
 0.5590050956000000  
 
 0.5590050956000000  
 
 0.5590050956000000  
 
 0.3323978729000000  
 
 0.3323978729000000  
 
 0.3323978729000000  
 
 0.3323978729000000  
 
 0.3323978729000000  
 
 0.3323978729000000  
 
 0.1903354023000000  
 
 0.1903354023000000  
 
 0.1903354023000000  
 
 0.1903354023000000  
 
 0.1903354023000000  
 
 0.1903354023000000  
 
 0.1084720424000000  
 
 0.1084720424000000  
 
 0.1084720424000000  
 
 0.1084720424000000  
 
 0.1084720424000000  
 
 0.1084720424000000  
 
 0.0650229868000000  
 
 0.0650229868000000  
 
 0.0650229868000000  
 
 0.0650229868000000  
 
 0.0650229868000000  
 
 0.0650229868000000  
 
 0.0439273396000000  
 
 0.0439273396000000  
 
 0.0439273396000000  
 
 0.0439273396000000  
 
 0.0439273396000000  
 
 0.0439273396000000  
 
 0.3180104609000000  
 
 0.3180104609000000  
 
 0.3180104609000000  
 
 0.3180104609000000  
 
 0.3180104609000000  
 
 0.3180104609000000  
 
 0.3180104609000000  
 
 0.3180104609000000  
 
 0.3180104609000000  
 
 0.3180104609000000  
 