 7.25841137E-05 -1.20972387E-05  2.61927074E-04  5.16369003E-04  1.83799141E-03
 5.26425020E-03  1.58059978E-02  4.44639252E-02  1.16631108E-01  2.52389587E-01
 3.91602145E-01  2.92496464E-01  2.81354249E-02  2.68367692E-02 -2.65326497E-02
 3.83012909E-03 -1.49973187E-03  7.71823597E-04 -4.04381088E-04  1.37380014E-04
-0.00000000E+00 -0.00000000E+00 -0.00000000E+00 -0.00000000E+00 -1.75687564E-11
-1.04835158E-11  2.40860904E-11  2.63691756E-11 -0.00000000E+00 -4.70590671E-11
-3.15899169E-11 -0.00000000E+00  7.85503755E-11  3.35189796E-11 -2.15543680E-11
-1.06985060E-10 -3.09360231E-11  4.35324141E-11  1.17040596E-10  2.40795605E-11
-5.72277777E-11 -9.86364224E-11 -1.54474772E-11  5.28609024E-11  4.13653542E-11
-0.00000000E+00 -2.31394527E-11 -8.79749600E-03 -8.79749600E-03 -8.79749600E-03
-0.00000000E+00 -0.00000000E+00 -0.00000000E+00  1.19211551E-02  1.19211551E-02
 1.19211551E-02 -0.00000000E+00 -0.00000000E+00 -0.00000000E+00 
-1.32184089E-05  2.16724397E-06 -4.76508367E-05 -9.44199649E-05 -3.34937365E-04
-9.65223561E-04 -2.90715991E-03 -8.32171966E-03 -2.25111185E-02 -5.25638229E-02
-9.98419800E-02 -1.36736144E-01 -1.58674381E-02  3.33117342E-01  5.82559284E-01
 2.19750808E-01 -1.18018884E-02  8.37376706E-03 -4.52224928E-03  1.55302660E-03
-0.00000000E+00 -0.00000000E+00 -0.00000000E+00 -1.01005198E-11  1.21727960E-11
-0.00000000E+00  1.83096009E-11 -2.20607508E-11 -0.00000000E+00 -2.84638564E-11
 3.40314084E-11  1.39489706E-11  4.30454414E-11 -5.11003985E-11 -2.03414191E-11
-5.75016929E-11  6.77421510E-11  2.68281541E-11  6.67831110E-11 -7.83227518E-11
-3.00959264E-11 -6.05262059E-11  7.06272601E-11  2.70858437E-11  2.73642030E-11
-3.19562657E-11 -1.19091622E-11 -3.39133181E-04 -3.39133181E-04 -3.39133181E-04
-0.00000000E+00 -0.00000000E+00 -0.00000000E+00 -2.69844153E-03 -2.69844153E-03
-2.69844153E-03 -0.00000000E+00 -0.00000000E+00 -0.00000000E+00 
 2.62873164E-07  1.18429721E-07  6.74410588E-07  3.31104786E-06  5.00218268E-06
 2.98331207E-05  4.87097063E-05  2.44326741E-04  3.94232731E-04  1.58651383E-03
 1.33694014E-03  6.61526298E-03 -1.69788903E-02  1.75573475E-01 -3.85355167E-01
 1.89214815E-01 -3.71250805E-01  7.40796181E-01 -1.89567131E+00  2.27273049E+00
-0.00000000E+00 -0.00000000E+00 -0.00000000E+00 -0.00000000E+00 -0.00000000E+00
-0.00000000E+00 -0.00000000E+00 -0.00000000E+00 -0.00000000E+00 -0.00000000E+00
-0.00000000E+00 -0.00000000E+00 -0.00000000E+00 -1.20847328E-11 -0.00000000E+00
-0.00000000E+00  1.81499855E-11 -0.00000000E+00 -0.00000000E+00 -1.92767140E-11
-0.00000000E+00 -0.00000000E+00  1.88779935E-11 -0.00000000E+00 -0.00000000E+00
-0.00000000E+00 -0.00000000E+00 -2.47122192E-02 -2.47122192E-02 -2.47122192E-02
-0.00000000E+00 -0.00000000E+00 -0.00000000E+00  8.63065565E-02  8.63065565E-02
 8.63065565E-02 -0.00000000E+00 -0.00000000E+00 -0.00000000E+00 
 8.71139710E-07 -5.91312359E-07  3.89897586E-06  2.24320916E-06  2.66807404E-05
 3.40892016E-05  2.16970449E-04  3.30216328E-04  1.63622875E-03  1.98402854E-03
 8.49831181E-03 -1.36709623E-03  4.93768877E-02 -5.33749570E-01  9.94964492E-01
-6.43581195E-01  9.28414926E-01 -2.47950151E+00  5.19585004E+00 -2.98638897E+00
 0.00000000E+00  0.00000000E+00  0.00000000E+00  0.00000000E+00  0.00000000E+00
 0.00000000E+00  0.00000000E+00  0.00000000E+00  0.00000000E+00  0.00000000E+00
 1.07821765E-11  0.00000000E+00  0.00000000E+00 -1.71337005E-11 -1.03315721E-11
 0.00000000E+00  2.54967215E-11  1.11492337E-11 -1.44795578E-11 -3.78672086E-11
-2.49497380E-11  2.09376007E-11  4.56701967E-11  2.92614592E-11 -3.55183126E-11
-2.99324430E-11 -2.89301506E-11  6.89861631E-02  6.89861631E-02  6.89861631E-02
 0.00000000E+00  0.00000000E+00  0.00000000E+00 -2.40814387E-01 -2.40814387E-01
-2.40814387E-01  0.00000000E+00  0.00000000E+00  0.00000000E+00 
 1.22052976E-06  9.98969702E-07  2.37167979E-06  1.93583204E-05  1.86129265E-05
 1.68089209E-04  2.00807955E-04  1.35342705E-03  1.68019114E-03  8.86535486E-03
 4.35522289E-03  4.14892287E-02 -1.27966430E-01  1.36642546E+00 -2.93671213E+00
 1.57080319E+00 -3.30396473E+00  6.55484336E+00 -5.99896626E+00  2.34416736E+00
-0.00000000E+00 -0.00000000E+00 -0.00000000E+00 -0.00000000E+00 -0.00000000E+00
-0.00000000E+00  1.91471140E-11 -0.00000000E+00 -0.00000000E+00 -1.85193411E-11
-0.00000000E+00 -0.00000000E+00  6.16789593E-11 -1.97023337E-11  1.39796507E-11
-6.91802820E-11  2.20576042E-11 -1.31359655E-11  2.08348143E-10 -4.65647993E-11
 5.14495626E-11 -3.04741829E-10  5.61530187E-11 -7.57122217E-11  3.34026832E-10
-5.50753383E-11  8.87045534E-11 -1.85048041E-01 -1.85048041E-01 -1.85048041E-01
-0.00000000E+00 -0.00000000E+00 -0.00000000E+00  6.58119144E-01  6.58119144E-01
 6.58119144E-01 -0.00000000E+00 -0.00000000E+00 -0.00000000E+00 
 0.00000000E+00  0.00000000E+00  0.00000000E+00  0.00000000E+00  0.00000000E+00
 0.00000000E+00  0.00000000E+00  0.00000000E+00  0.00000000E+00  0.00000000E+00
 0.00000000E+00  0.00000000E+00 -3.75661633E-11  6.03844246E-10 -1.22735217E-09
 7.10287481E-10 -4.91129550E-10 -3.87658197E-10  7.48331586E-10 -3.48879328E-10
 2.21071309E-02 -9.25978823E-03  1.25771325E-02 -3.99881480E-02  1.67494273E-02
-2.27499552E-02  8.45320518E-02 -3.54070776E-02  4.80917593E-02 -1.00381072E-01
 4.20455947E-02 -5.71085434E-02  2.94099282E-01 -1.23186364E-01  1.67318214E-01
-4.06345049E-01  1.70201602E-01 -2.31176789E-01  1.08140496E+00 -4.52957054E-01
 6.15230150E-01 -1.69097653E+00  7.08282074E-01 -9.62026052E-01  1.71319729E+00
-7.17589458E-01  9.74667832E-01 -5.93835918E-11 -5.93829153E-11 -5.93834361E-11
 0.00000000E+00  0.00000000E+00  0.00000000E+00  2.70766335E-10  2.70768206E-10
 2.70767330E-10  0.00000000E+00  0.00000000E+00  0.00000000E+00 
 0.00000000E+00  0.00000000E+00  0.00000000E+00  0.00000000E+00  0.00000000E+00
 0.00000000E+00  0.00000000E+00  0.00000000E+00  0.00000000E+00  0.00000000E+00
 0.00000000E+00  0.00000000E+00  0.00000000E+00  1.21256587E-10 -2.62871534E-10
 1.44642470E-10 -2.21119850E-10  3.21227232E-10 -2.45497727E-10  7.64585382E-11
-1.19375346E-02  4.03710370E-03  2.39551714E-02  2.15930282E-02 -7.30245371E-03
-4.33309481E-02 -4.56460994E-02  1.54368588E-02  9.15984892E-02  5.42043436E-02
-1.83311348E-02 -1.08772404E-01 -1.58809408E-01  5.37070733E-02  3.18684444E-01
 2.19420517E-01 -7.42048846E-02 -4.40313370E-01 -5.83943216E-01  1.97481254E-01
 1.17180475E+00  9.13103149E-01 -3.08798442E-01 -1.83233332E+00 -9.25102043E-01
 3.12856297E-01  1.85641162E+00 -1.17469427E-11 -1.17508127E-11 -1.17478281E-11
 0.00000000E+00  0.00000000E+00  0.00000000E+00  5.63678424E-11  5.63677258E-11
 5.63661843E-11  0.00000000E+00  0.00000000E+00  0.00000000E+00 
 0.00000000E+00  0.00000000E+00  0.00000000E+00  0.00000000E+00  0.00000000E+00
 0.00000000E+00  0.00000000E+00  0.00000000E+00  0.00000000E+00  0.00000000E+00
 0.00000000E+00  0.00000000E+00  0.00000000E+00  1.22851538E-10 -2.69503497E-10
 1.06573693E-10  0.00000000E+00 -2.07489942E-10  2.86778314E-10 -1.38804482E-10
 1.00709090E-02  2.51119751E-02  7.86559906E-04 -1.82166108E-02 -4.54234148E-02
-1.42275694E-03  3.85085972E-02  9.60218125E-02  3.00760524E-03 -4.57286222E-02
-1.14025062E-01 -3.57150490E-03  1.33977001E-01  3.34073828E-01  1.04638953E-02
-1.85110588E-01 -4.61576258E-01 -1.44575397E-02  4.92634297E-01  1.22839162E+00
 3.84758105E-02 -7.70324777E-01 -1.92081734E+00 -6.01640412E-02  7.80447452E-01
 1.94605839E+00  6.09546441E-02  0.00000000E+00  0.00000000E+00  0.00000000E+00
 0.00000000E+00  0.00000000E+00  0.00000000E+00  6.09972050E-11  6.09952584E-11
 6.09965524E-11  0.00000000E+00  0.00000000E+00  0.00000000E+00 
 4.15022363E-06 -4.11037749E-06  2.07628458E-05 -7.88802662E-07  1.40395981E-04
 7.72510599E-05  1.10682662E-03  9.42993676E-04  8.23373145E-03  5.15102698E-03
 4.59986082E-02 -3.74308503E-02  3.81284869E-01 -4.31721799E+00  8.49428059E+00
-5.83942606E+00  8.24802330E+00 -7.24362050E+00  4.33457726E+00 -1.47777768E+00
 0.00000000E+00  0.00000000E+00  0.00000000E+00  0.00000000E+00  0.00000000E+00
 0.00000000E+00  1.53235028E-11  0.00000000E+00  0.00000000E+00 -3.14181367E-11
 1.87145920E-11 -1.78450155E-11  6.39469477E-11 -2.99096488E-11  3.50001849E-11
-1.32912628E-10  6.66367541E-11 -7.86186065E-11  2.63478879E-10 -1.20277529E-10
 1.60769189E-10 -4.62459652E-10  2.14890790E-10 -3.03507943E-10  3.75282970E-10
-1.64396107E-10  2.56181476E-10  5.38095954E-01  5.38095954E-01  5.38095954E-01
 0.00000000E+00  0.00000000E+00  0.00000000E+00 -1.96284851E+00 -1.96284851E+00
-1.96284851E+00  0.00000000E+00  0.00000000E+00  0.00000000E+00 
 0.00000000E+00  0.00000000E+00  0.00000000E+00  0.00000000E+00  0.00000000E+00
 0.00000000E+00  0.00000000E+00  0.00000000E+00  0.00000000E+00  0.00000000E+00
 0.00000000E+00  0.00000000E+00 -1.41381086E-11  3.48318732E-10 -8.11334876E-10
 2.42668105E-10  1.85115991E-10 -3.73096889E-10  3.08578963E-10 -1.20278360E-10
-1.34717500E-03  5.95992565E-04 -7.83425313E-04  4.84103000E-02 -2.14168010E-02
 2.81521365E-02 -1.02144624E-01  4.51889597E-02 -5.94003632E-02  2.97873917E-01
-1.31779940E-01  1.73223202E-01 -4.95557631E-01  2.19235559E-01 -2.88182599E-01
 1.31562057E+00 -5.82032833E-01  7.65075406E-01 -2.32784753E+00  1.02984380E+00
-1.35371773E+00  4.70431486E+00 -2.08119709E+00  2.73570942E+00 -3.21760227E+00
 1.42347285E+00 -1.87113854E+00 -2.86371742E-11 -2.86446692E-11 -2.86411566E-11
 0.00000000E+00  0.00000000E+00  0.00000000E+00  1.62545522E-10  1.62553612E-10
 1.62550350E-10  0.00000000E+00  0.00000000E+00  0.00000000E+00 
 0.00000000E+00  0.00000000E+00  0.00000000E+00  0.00000000E+00  0.00000000E+00
 0.00000000E+00  0.00000000E+00  0.00000000E+00  0.00000000E+00  0.00000000E+00
 0.00000000E+00  0.00000000E+00  0.00000000E+00  8.00779430E-11 -1.84245886E-10
 6.92953041E-11 -3.46936216E-11  1.65704889E-11  0.00000000E+00  0.00000000E+00
 2.46989876E-04 -1.08076090E-03 -1.24691407E-03 -8.87550170E-03  3.88367952E-02
 4.48074560E-02  1.87271053E-02 -8.19447484E-02 -9.45427059E-02 -5.46119413E-02
 2.38967086E-01  2.75705220E-01  9.08550991E-02 -3.97557343E-01 -4.58676702E-01
-2.41204716E-01  1.05544660E+00  1.21770803E+00  4.26785513E-01 -1.86749799E+00
-2.15460193E+00 -8.62484938E-01  3.77400084E+00  4.35420522E+00  5.89912363E-01
-2.58129696E+00 -2.97813837E+00  0.00000000E+00  0.00000000E+00  0.00000000E+00
 0.00000000E+00  0.00000000E+00  0.00000000E+00  4.05231920E-11  4.05143668E-11
 4.05219517E-11  0.00000000E+00  0.00000000E+00  0.00000000E+00 
 0.00000000E+00  0.00000000E+00  0.00000000E+00  0.00000000E+00  0.00000000E+00
 0.00000000E+00  0.00000000E+00  0.00000000E+00  0.00000000E+00  0.00000000E+00
 0.00000000E+00  0.00000000E+00  0.00000000E+00 -3.07556847E-11  6.42188872E-11
 0.00000000E+00 -3.02213176E-11  2.60234353E-11  0.00000000E+00  0.00000000E+00
-9.52868490E-04 -1.12276069E-03  7.84406085E-04  3.42410225E-02  4.03460441E-02
-2.81873802E-02 -7.22477733E-02 -8.51292291E-02  5.94747267E-02  2.10688790E-01
 2.48253661E-01 -1.73440060E-01 -3.50512185E-01 -4.13006944E-01  2.88543375E-01
 9.30549773E-01  1.09646265E+00 -7.66033206E-01 -1.64650663E+00 -1.94007141E+00
 1.35541245E+00  3.32740246E+00  3.92066347E+00 -2.73913427E+00 -2.27583782E+00
-2.68160956E+00  1.87348103E+00  0.00000000E+00  0.00000000E+00  0.00000000E+00
 0.00000000E+00  0.00000000E+00  0.00000000E+00 -1.34318230E-11 -1.34290400E-11
-1.34324905E-11  0.00000000E+00  0.00000000E+00  0.00000000E+00 
-3.41733865E-06 -8.52402815E-06  3.04674701E-06 -1.05020714E-04  6.70826128E-06
-8.47833483E-04 -2.38849987E-04 -6.58568904E-03 -2.78709778E-03 -4.40585218E-02
 1.15710166E-02 -2.57605975E-01  1.01630431E+00 -1.20754905E+01  2.58779000E+01
-1.27580158E+01  8.64048511E+00 -5.07158424E+00  2.64907586E+00 -8.82291226E-01
-0.00000000E+00 -0.00000000E+00 -0.00000000E+00 -0.00000000E+00 -0.00000000E+00
-0.00000000E+00 -0.00000000E+00 -0.00000000E+00 -0.00000000E+00  1.05184791E-11
-0.00000000E+00  1.21945155E-11 -1.43196873E-11  1.70740559E-11 -2.54295590E-11
 3.34077150E-11 -3.28111864E-11  5.60701871E-11 -6.16896934E-11  6.95556963E-11
-1.09640480E-10  1.62495838E-10 -1.35172517E-10  2.02047408E-10 -9.77047237E-11
 8.41972738E-11 -1.13601381E-10  1.46887488E+00  1.46887488E+00  1.46887488E+00
-0.00000000E+00 -0.00000000E+00 -0.00000000E+00 -5.62990058E+00 -5.62990058E+00
-5.62990058E+00 -0.00000000E+00 -0.00000000E+00 -0.00000000E+00 
-0.00000000E+00 -0.00000000E+00 -0.00000000E+00 -0.00000000E+00 -0.00000000E+00
-0.00000000E+00 -0.00000000E+00 -0.00000000E+00 -0.00000000E+00 -0.00000000E+00
-0.00000000E+00 -0.00000000E+00 -0.00000000E+00  4.87411249E-11 -1.26080676E-10
 1.22447647E-10 -1.31650738E-10  1.10901933E-10 -7.24748912E-11  2.65129048E-11
-6.54038294E-02  4.56426594E-02 -3.65568944E-02  1.50705102E-01 -1.05170931E-01
 8.42352894E-02 -3.22404782E-01  2.24993120E-01 -1.80205313E-01  5.10584730E-01
-3.56316215E-01  2.85386838E-01 -1.26938027E+00  8.85848608E-01 -7.09508921E-01
 2.27946173E+00 -1.59074318E+00  1.27408506E+00 -5.28800585E+00  3.69028316E+00
-2.95568430E+00  6.91842664E+00 -4.82808718E+00  3.86699364E+00 -3.24870268E+00
 2.26713682E+00 -1.81583375E+00 -0.00000000E+00 -0.00000000E+00 -0.00000000E+00
-0.00000000E+00 -0.00000000E+00 -0.00000000E+00  2.43262300E-11  2.43410945E-11
 2.43232441E-11 -0.00000000E+00 -0.00000000E+00 -0.00000000E+00 
 0.00000000E+00  0.00000000E+00  0.00000000E+00  0.00000000E+00  0.00000000E+00
 0.00000000E+00  0.00000000E+00  0.00000000E+00  0.00000000E+00  0.00000000E+00
 0.00000000E+00  0.00000000E+00  0.00000000E+00 -6.94802168E-11  1.27659316E-10
 0.00000000E+00 -1.74561906E-11  1.67974400E-11 -1.30103242E-11  0.00000000E+00
 1.41948387E-02 -4.08145406E-02 -7.63544342E-02 -3.27080943E-02  9.40458618E-02
 1.75937753E-01  6.99727208E-02 -2.01193159E-01 -3.76385220E-01 -1.10814122E-01
 3.18624787E-01  5.96072256E-01  2.75498367E-01 -7.92142800E-01 -1.48191341E+00
-4.94720141E-01  1.42247303E+00  2.66111346E+00  1.14767577E+00 -3.29992191E+00
-6.17338004E+00 -1.50153212E+00  4.31736807E+00  8.07678321E+00  7.05078144E-01
-2.02731719E+00 -3.79263503E+00  0.00000000E+00  0.00000000E+00  0.00000000E+00
 0.00000000E+00  0.00000000E+00  0.00000000E+00 -3.25268604E-11 -3.25081117E-11
-3.25293518E-11  0.00000000E+00  0.00000000E+00  0.00000000E+00 
-0.00000000E+00 -0.00000000E+00 -0.00000000E+00 -0.00000000E+00 -0.00000000E+00
-0.00000000E+00 -0.00000000E+00 -0.00000000E+00 -0.00000000E+00 -0.00000000E+00
-0.00000000E+00 -0.00000000E+00 -0.00000000E+00  1.82376005E-10 -3.43586744E-10
 5.53367530E-11 -0.00000000E+00 -0.00000000E+00 -0.00000000E+00 -0.00000000E+00
-5.67288766E-02 -6.28350277E-02  2.30415634E-02  1.30716064E-01  1.44786006E-01
-5.30929334E-02 -2.79642052E-01 -3.09742007E-01  1.13582191E-01  4.42862419E-01
 4.90530997E-01 -1.79877394E-01 -1.10101377E+00 -1.21952407E+00  4.47198676E-01
 1.97712129E+00  2.18993356E+00 -8.03047199E-01 -4.58662183E+00 -5.08031406E+00
 1.86294783E+00  6.00078886E+00  6.64669842E+00 -2.43733994E+00 -2.81780524E+00
-3.12110659E+00  1.14450774E+00 -2.37748251E-11 -2.37144612E-11 -2.37456123E-11
-0.00000000E+00 -0.00000000E+00 -0.00000000E+00  9.29844936E-11  9.29422938E-11
 9.29583704E-11 -0.00000000E+00 -0.00000000E+00 -0.00000000E+00 
 0.00000000E+00  0.00000000E+00  0.00000000E+00  0.00000000E+00  0.00000000E+00
 0.00000000E+00  0.00000000E+00  0.00000000E+00  0.00000000E+00  0.00000000E+00
 0.00000000E+00  0.00000000E+00  0.00000000E+00  0.00000000E+00  0.00000000E+00
 0.00000000E+00  0.00000000E+00  0.00000000E+00  0.00000000E+00  0.00000000E+00
 0.00000000E+00  0.00000000E+00  0.00000000E+00  0.00000000E+00  0.00000000E+00
 0.00000000E+00  0.00000000E+00  0.00000000E+00  0.00000000E+00  0.00000000E+00
 0.00000000E+00  0.00000000E+00  0.00000000E+00  0.00000000E+00  0.00000000E+00
 0.00000000E+00  0.00000000E+00  0.00000000E+00  0.00000000E+00  0.00000000E+00
 0.00000000E+00  0.00000000E+00  0.00000000E+00  0.00000000E+00  0.00000000E+00
 0.00000000E+00  0.00000000E+00 -1.23899803E+00  4.81894478E-02  1.19080859E+00
 4.78557188E-04 -4.91036113E-04  2.70790319E-04  2.03226413E+00 -7.90426487E-02
-1.95322148E+00 -7.84952504E-04  8.05421036E-04 -4.44163298E-04 
-0.00000000E+00 -0.00000000E+00 -0.00000000E+00 -0.00000000E+00 -0.00000000E+00
-0.00000000E+00 -0.00000000E+00 -0.00000000E+00 -0.00000000E+00 -0.00000000E+00
-0.00000000E+00 -0.00000000E+00 -0.00000000E+00 -0.00000000E+00 -0.00000000E+00
-0.00000000E+00 -0.00000000E+00 -0.00000000E+00 -0.00000000E+00 -0.00000000E+00
-0.00000000E+00 -0.00000000E+00 -0.00000000E+00 -0.00000000E+00 -0.00000000E+00
-0.00000000E+00 -0.00000000E+00 -0.00000000E+00 -0.00000000E+00 -0.00000000E+00
-0.00000000E+00 -0.00000000E+00 -0.00000000E+00 -0.00000000E+00 -0.00000000E+00
-0.00000000E+00 -0.00000000E+00 -0.00000000E+00 -0.00000000E+00 -0.00000000E+00
-0.00000000E+00 -0.00000000E+00 -0.00000000E+00 -0.00000000E+00 -0.00000000E+00
-0.00000000E+00 -0.00000000E+00  7.58459744E-02 -1.62209060E-01  8.63630858E-02
-4.50603227E-01  2.77998365E-01 -1.28981956E+00 -1.24406213E-01  2.66063098E-01
-1.41656885E-01  7.39101073E-01 -4.55986280E-01  2.11562404E+00 
 0.00000000E+00  0.00000000E+00  0.00000000E+00  0.00000000E+00  0.00000000E+00
 0.00000000E+00  0.00000000E+00  0.00000000E+00  0.00000000E+00  0.00000000E+00
 0.00000000E+00  0.00000000E+00  0.00000000E+00  0.00000000E+00  0.00000000E+00
 0.00000000E+00  0.00000000E+00  0.00000000E+00  0.00000000E+00  0.00000000E+00
 0.00000000E+00  0.00000000E+00  0.00000000E+00  0.00000000E+00  0.00000000E+00
 0.00000000E+00  0.00000000E+00  0.00000000E+00  0.00000000E+00  0.00000000E+00
 0.00000000E+00  0.00000000E+00  0.00000000E+00  0.00000000E+00  0.00000000E+00
 0.00000000E+00  0.00000000E+00  0.00000000E+00  0.00000000E+00  0.00000000E+00
 0.00000000E+00  0.00000000E+00  0.00000000E+00  0.00000000E+00  0.00000000E+00
 0.00000000E+00  0.00000000E+00 -9.83374871E-02  2.09977751E-01 -1.11640264E-01
 2.55735880E-01 -1.30502905E+00 -3.97061961E-01  1.61297873E-01 -3.44415601E-01
 1.83117728E-01 -4.19470283E-01  2.14057138E+00  6.51280114E-01 
 0.00000000E+00  0.00000000E+00  0.00000000E+00  0.00000000E+00  0.00000000E+00
 0.00000000E+00  0.00000000E+00  0.00000000E+00  0.00000000E+00  0.00000000E+00
 0.00000000E+00  0.00000000E+00  0.00000000E+00  0.00000000E+00  0.00000000E+00
 0.00000000E+00  0.00000000E+00  0.00000000E+00  0.00000000E+00  0.00000000E+00
 0.00000000E+00  0.00000000E+00  0.00000000E+00  0.00000000E+00  0.00000000E+00
 0.00000000E+00  0.00000000E+00  0.00000000E+00  0.00000000E+00  0.00000000E+00
 0.00000000E+00  0.00000000E+00  0.00000000E+00  0.00000000E+00  0.00000000E+00
 0.00000000E+00  0.00000000E+00  0.00000000E+00  0.00000000E+00  0.00000000E+00
 0.00000000E+00  0.00000000E+00  0.00000000E+00  0.00000000E+00  0.00000000E+00
 0.00000000E+00  0.00000000E+00  6.03858331E-01 -1.28373383E+00  6.79875499E-01
 5.57756968E-01 -8.20288550E-02 -5.08840365E-02 -9.90477462E-01  2.10564194E+00
-1.11516447E+00 -9.14859789E-01  1.34547671E-01  8.34624426E-02 
 0.00000000E+00  0.00000000E+00  0.00000000E+00  0.00000000E+00  0.00000000E+00
 0.00000000E+00  0.00000000E+00  0.00000000E+00  0.00000000E+00  0.00000000E+00
 0.00000000E+00  0.00000000E+00  0.00000000E+00  0.00000000E+00  0.00000000E+00
 0.00000000E+00  0.00000000E+00  0.00000000E+00  0.00000000E+00  0.00000000E+00
 0.00000000E+00  0.00000000E+00  0.00000000E+00  0.00000000E+00  0.00000000E+00
 0.00000000E+00  0.00000000E+00  0.00000000E+00  0.00000000E+00  0.00000000E+00
 0.00000000E+00  0.00000000E+00  0.00000000E+00  0.00000000E+00  0.00000000E+00
 0.00000000E+00  0.00000000E+00  0.00000000E+00  0.00000000E+00  0.00000000E+00
 0.00000000E+00  0.00000000E+00  0.00000000E+00  0.00000000E+00  0.00000000E+00
 0.00000000E+00  0.00000000E+00  2.34788453E-01 -4.99612148E-01  2.64823695E-01
-1.17931011E+00 -4.28014743E-01  3.82658528E-01 -3.85111307E-01  8.19487861E-01
-4.34376554E-01  1.93436113E+00  7.02050355E-01 -6.27654911E-01 
 1.49902275E-05 -2.19716313E-05  8.70472566E-05 -6.60775113E-05  5.80353597E-04
-1.90225090E-04  4.40341232E-03 -6.75093460E-05  3.22573564E-02 -5.14950314E-03
 1.99815960E-01 -3.12920024E-01  2.31694525E+00 -2.70794866E+01  5.03427360E+01
-1.36821551E+01  6.28008959E+00 -3.21939724E+00  1.64017104E+00 -5.47504177E-01
-0.00000000E+00 -0.00000000E+00 -0.00000000E+00 -0.00000000E+00 -0.00000000E+00
-0.00000000E+00 -0.00000000E+00 -1.28539045E-11 -0.00000000E+00 -1.41253979E-11
 2.06861614E-11 -0.00000000E+00  2.91808084E-11 -3.29439225E-11  1.80007368E-11
-7.21620732E-11  7.20767705E-11 -4.03619155E-11  9.91271474E-11 -1.25188306E-10
 8.63180597E-11 -6.91804896E-11  1.19936307E-10 -8.97906189E-11  2.46356619E-11
-4.52761157E-11  3.94471665E-11  3.44874385E+00  3.44874385E+00  3.44874385E+00
-0.00000000E+00 -0.00000000E+00 -0.00000000E+00 -1.26711280E+01 -1.26711280E+01
-1.26711280E+01 -0.00000000E+00 -0.00000000E+00 -0.00000000E+00 
 0.00000000E+00  0.00000000E+00  0.00000000E+00  0.00000000E+00  0.00000000E+00
 0.00000000E+00  0.00000000E+00  0.00000000E+00  0.00000000E+00  0.00000000E+00
 0.00000000E+00  0.00000000E+00  3.46991112E-11 -2.71914560E-10  4.98845053E-10
-2.13662717E-10  1.44594604E-10 -9.96960921E-11  6.17795057E-11 -2.19597439E-11
-3.16661941E-02  3.78381989E-02 -3.79303136E-03  1.80974337E-01 -2.16247742E-01
 2.16774183E-02 -3.87475023E-01  4.62997131E-01 -4.64124268E-02  9.80533421E-01
-1.17164755E+00  1.17449985E-01 -1.88131654E+00  2.24800079E+00 -2.25347341E-01
 4.75058684E+00 -5.67651576E+00  5.69033487E-01 -7.14272418E+00  8.53490058E+00
-8.55567825E-01  5.98870136E+00 -7.15594911E+00  7.17336980E-01 -2.28430070E+00
 2.72952993E+00 -2.73617479E-01  2.63815323E-11  2.63356287E-11  2.63591604E-11
 0.00000000E+00  0.00000000E+00  0.00000000E+00 -1.02346900E-10 -1.02354622E-10
-1.02344878E-10  0.00000000E+00  0.00000000E+00  0.00000000E+00 
 0.00000000E+00  0.00000000E+00  0.00000000E+00  0.00000000E+00  0.00000000E+00
 0.00000000E+00  0.00000000E+00  0.00000000E+00  0.00000000E+00  0.00000000E+00
 0.00000000E+00  0.00000000E+00 -2.49672260E-11  1.47414762E-10 -2.49050000E-10
 8.36464608E-11 -5.59617465E-11  3.95760016E-11 -2.48597311E-11  0.00000000E+00
 2.09712879E-02  2.14934378E-02  3.93332105E-02 -1.19852260E-01 -1.22836380E-01
-2.24791830E-01  2.56609628E-01  2.62998776E-01  4.81290446E-01 -6.49369123E-01
-6.65537324E-01 -1.21794010E+00  1.24592272E+00  1.27694411E+00  2.33682075E+00
-3.14612877E+00 -3.22446209E+00 -5.90079855E+00  4.73034823E+00  4.84812596E+00
 8.87212000E+00 -3.96608383E+00 -4.06483266E+00 -7.43868526E+00  1.51280345E+00
 1.55046972E+00  2.83737541E+00 -2.42704578E-11 -2.43121546E-11 -2.42872012E-11
 0.00000000E+00  0.00000000E+00  0.00000000E+00  6.55737109E-11  6.55645589E-11
 6.55688780E-11  0.00000000E+00  0.00000000E+00  0.00000000E+00 
 0.00000000E+00  0.00000000E+00  0.00000000E+00  0.00000000E+00  0.00000000E+00
 0.00000000E+00  0.00000000E+00  0.00000000E+00  0.00000000E+00  0.00000000E+00
 0.00000000E+00  0.00000000E+00  0.00000000E+00  2.34876989E-11 -3.07501346E-11
 1.19176147E-11  0.00000000E+00  0.00000000E+00  0.00000000E+00  0.00000000E+00
 3.17225703E-02  2.35619835E-02 -2.97888519E-02 -1.81296531E-01 -1.34658252E-01
 1.70245206E-01  3.88164857E-01  2.88309991E-01 -3.64503421E-01 -9.82279094E-01
-7.29589172E-01  9.22402129E-01  1.88466590E+00  1.39983824E+00 -1.76978198E+00
-4.75904445E+00 -3.53478692E+00  4.46894651E+00  7.15544058E+00  5.31471351E+00
-6.71926509E+00 -5.99936322E+00 -4.45603543E+00  5.63365895E+00  2.28836751E+00
 1.69968817E+00 -2.14887508E+00  0.00000000E+00  0.00000000E+00  0.00000000E+00
 0.00000000E+00  0.00000000E+00  0.00000000E+00  0.00000000E+00  0.00000000E+00
 0.00000000E+00  0.00000000E+00  0.00000000E+00  0.00000000E+00 
-3.52637995E-06 -3.47189917E-05  4.69935680E-05 -3.38430428E-04  2.73245976E-04
-2.58360477E-03  1.21894780E-03 -1.95082169E-02  5.82617232E-03 -1.34449213E-01
 1.21226897E-01 -9.67477020E-01  4.39142290E+00 -3.52974544E+01  6.21574372E+01
-1.11772218E+01  4.35274841E+00 -2.15061300E+00  1.09459190E+00 -3.66743127E-01
-0.00000000E+00 -0.00000000E+00 -0.00000000E+00 -0.00000000E+00 -0.00000000E+00
-0.00000000E+00 -0.00000000E+00 -0.00000000E+00 -0.00000000E+00  1.45895246E-11
-0.00000000E+00 -0.00000000E+00 -1.46401387E-11 -0.00000000E+00 -0.00000000E+00
 2.41348804E-11 -2.31454900E-11 -1.19678662E-11 -4.22998621E-11  4.05377699E-11
 1.26869110E-11  3.71608978E-11 -3.41037716E-11 -0.00000000E+00 -1.44516676E-11
 1.50490913E-11 -0.00000000E+00  7.61400559E+00  7.61400559E+00  7.61400559E+00
-0.00000000E+00 -0.00000000E+00 -0.00000000E+00 -2.03263859E+01 -2.03263859E+01
-2.03263859E+01 -0.00000000E+00 -0.00000000E+00 -0.00000000E+00 
-0.00000000E+00 -0.00000000E+00 -0.00000000E+00 -0.00000000E+00 -0.00000000E+00
-0.00000000E+00 -0.00000000E+00 -0.00000000E+00 -0.00000000E+00 -0.00000000E+00
-0.00000000E+00 -0.00000000E+00 -0.00000000E+00 -0.00000000E+00 -0.00000000E+00
-0.00000000E+00 -0.00000000E+00 -0.00000000E+00 -0.00000000E+00 -0.00000000E+00
-0.00000000E+00 -0.00000000E+00 -0.00000000E+00 -0.00000000E+00 -0.00000000E+00
-0.00000000E+00 -0.00000000E+00 -0.00000000E+00 -0.00000000E+00 -0.00000000E+00
-0.00000000E+00 -0.00000000E+00 -0.00000000E+00 -0.00000000E+00 -0.00000000E+00
-0.00000000E+00 -0.00000000E+00 -0.00000000E+00 -0.00000000E+00 -0.00000000E+00
-0.00000000E+00 -0.00000000E+00 -0.00000000E+00 -0.00000000E+00 -0.00000000E+00
-0.00000000E+00 -0.00000000E+00  3.59037431E+00 -5.11951477E-01 -3.07842283E+00
-2.36276240E-04 -2.46665618E-05 -1.66083114E-04 -3.16936475E+00  4.51919723E-01
 2.71744502E+00  2.08570339E-04  2.17741452E-05  1.46608103E-04 
 0.00000000E+00  0.00000000E+00  0.00000000E+00  0.00000000E+00  0.00000000E+00
 0.00000000E+00  0.00000000E+00  0.00000000E+00  0.00000000E+00  0.00000000E+00
 0.00000000E+00  0.00000000E+00  0.00000000E+00  0.00000000E+00  0.00000000E+00
 0.00000000E+00  0.00000000E+00  0.00000000E+00  0.00000000E+00  0.00000000E+00
 0.00000000E+00  0.00000000E+00  0.00000000E+00  0.00000000E+00  0.00000000E+00
 0.00000000E+00  0.00000000E+00  0.00000000E+00  0.00000000E+00  0.00000000E+00
 0.00000000E+00  0.00000000E+00  0.00000000E+00  0.00000000E+00  0.00000000E+00
 0.00000000E+00  0.00000000E+00  0.00000000E+00  0.00000000E+00  0.00000000E+00
 0.00000000E+00  0.00000000E+00  0.00000000E+00  0.00000000E+00  0.00000000E+00
 0.00000000E+00  0.00000000E+00  1.27389654E-02 -3.28097236E-02  2.00707582E-02
 1.92944146E-01  3.15187867E+00  2.26135324E+00 -1.12451862E-02  2.89624346E-02
-1.77172484E-02 -1.70319394E-01 -2.78228739E+00 -1.99618553E+00 
 0.00000000E+00  0.00000000E+00  0.00000000E+00  0.00000000E+00  0.00000000E+00
 0.00000000E+00  0.00000000E+00  0.00000000E+00  0.00000000E+00  0.00000000E+00
 0.00000000E+00  0.00000000E+00  0.00000000E+00  0.00000000E+00  0.00000000E+00
 0.00000000E+00  0.00000000E+00  0.00000000E+00  0.00000000E+00  0.00000000E+00
 0.00000000E+00  0.00000000E+00  0.00000000E+00  0.00000000E+00  0.00000000E+00
 0.00000000E+00  0.00000000E+00  0.00000000E+00  0.00000000E+00  0.00000000E+00
 0.00000000E+00  0.00000000E+00  0.00000000E+00  0.00000000E+00  0.00000000E+00
 0.00000000E+00  0.00000000E+00  0.00000000E+00  0.00000000E+00  0.00000000E+00
 0.00000000E+00  0.00000000E+00  0.00000000E+00  0.00000000E+00  0.00000000E+00
 0.00000000E+00  0.00000000E+00  4.10036198E-01 -1.06544323E+00  6.55407035E-01
-1.68354358E+00 -1.88082672E+00  2.74942050E+00 -3.61955094E-01  9.40508685E-01
-5.78553592E-01  1.48613020E+00  1.66027979E+00 -2.42702171E+00 
-0.00000000E+00 -0.00000000E+00 -0.00000000E+00 -0.00000000E+00 -0.00000000E+00
-0.00000000E+00 -0.00000000E+00 -0.00000000E+00 -0.00000000E+00 -0.00000000E+00
-0.00000000E+00 -0.00000000E+00 -0.00000000E+00 -0.00000000E+00 -0.00000000E+00
-0.00000000E+00 -0.00000000E+00 -0.00000000E+00 -0.00000000E+00 -0.00000000E+00
-0.00000000E+00 -0.00000000E+00 -0.00000000E+00 -0.00000000E+00 -0.00000000E+00
-0.00000000E+00 -0.00000000E+00 -0.00000000E+00 -0.00000000E+00 -0.00000000E+00
-0.00000000E+00 -0.00000000E+00 -0.00000000E+00 -0.00000000E+00 -0.00000000E+00
-0.00000000E+00 -0.00000000E+00 -0.00000000E+00 -0.00000000E+00 -0.00000000E+00
-0.00000000E+00 -0.00000000E+00 -0.00000000E+00 -0.00000000E+00 -0.00000000E+00
-0.00000000E+00 -0.00000000E+00 -1.24797386E+00  3.24306115E+00 -1.99508729E+00
 1.24240874E+00 -1.00961725E+00  1.34906186E+00  1.10163565E+00 -2.86277775E+00
 1.76114210E+00 -1.09672310E+00  8.91228889E-01 -1.19087001E+00 
 0.00000000E+00  0.00000000E+00  0.00000000E+00  0.00000000E+00  0.00000000E+00
 0.00000000E+00  0.00000000E+00  0.00000000E+00  0.00000000E+00  0.00000000E+00
 0.00000000E+00  0.00000000E+00  0.00000000E+00  0.00000000E+00  0.00000000E+00
 0.00000000E+00  0.00000000E+00  0.00000000E+00  0.00000000E+00  0.00000000E+00
 0.00000000E+00  0.00000000E+00  0.00000000E+00  0.00000000E+00  0.00000000E+00
 0.00000000E+00  0.00000000E+00  0.00000000E+00  0.00000000E+00  0.00000000E+00
 0.00000000E+00  0.00000000E+00  0.00000000E+00  0.00000000E+00  0.00000000E+00
 0.00000000E+00  0.00000000E+00  0.00000000E+00  0.00000000E+00  0.00000000E+00
 0.00000000E+00  0.00000000E+00  0.00000000E+00  0.00000000E+00  0.00000000E+00
 0.00000000E+00  0.00000000E+00  6.85464154E-01 -1.78061612E+00  1.09515197E+00
 3.26668846E+00 -7.71494757E-01  7.70311624E-01 -6.05086194E-01  1.57181995E+00
-9.66733756E-01 -2.88363451E+00  6.81028794E-01 -6.79984396E-01 
 0.00000000E+00  0.00000000E+00  0.00000000E+00  0.00000000E+00  0.00000000E+00
 0.00000000E+00  0.00000000E+00  0.00000000E+00  0.00000000E+00  0.00000000E+00
 0.00000000E+00  0.00000000E+00  1.95825422E-11 -5.83538205E-11  6.14444641E-11
-1.70506278E-11  1.61140855E-11 -1.40073341E-11  0.00000000E+00  0.00000000E+00
 9.54051561E-02 -2.30816919E-01 -1.74369334E-01 -2.44129574E-01  5.90630930E-01
 4.46188790E-01  5.42814380E-01 -1.31324918E+00 -9.92086651E-01 -9.61802564E-01
 2.32692145E+00  1.75785963E+00  2.47947421E+00 -5.99867577E+00 -4.53166563E+00
-3.82938100E+00  9.26455091E+00  6.99885250E+00  3.56273048E+00 -8.61943427E+00
-6.51150279E+00 -2.32913235E+00  5.63494863E+00  4.25689002E+00  8.10904703E-01
-1.96184916E+00 -1.48206783E+00  2.00656830E-11  2.01587983E-11  2.01087467E-11
 0.00000000E+00  0.00000000E+00  0.00000000E+00 -2.50632666E-11 -2.50653751E-11
-2.50665753E-11  0.00000000E+00  0.00000000E+00  0.00000000E+00 
-0.00000000E+00 -0.00000000E+00 -0.00000000E+00 -0.00000000E+00 -0.00000000E+00
-0.00000000E+00 -0.00000000E+00 -0.00000000E+00 -0.00000000E+00 -0.00000000E+00
-0.00000000E+00 -1.00131965E-11  1.97299262E-11 -5.78007049E-11  9.71947716E-11
-2.77158235E-11  1.24626415E-11 -0.00000000E+00 -0.00000000E+00 -0.00000000E+00
-2.80738991E-01 -1.18156780E-01  2.80230896E-03  7.18375117E-01  3.02348066E-01
-7.17074968E-03 -1.59728433E+00 -6.72261353E-01  1.59439349E-02  2.83019799E+00
 1.19116722E+00 -2.82507577E-02 -7.29609505E+00 -3.07076369E+00  7.28289024E-02
 1.12683276E+01  4.74258780E+00 -1.12479337E-01 -1.04836824E+01 -4.41234813E+00
 1.04647086E-01  6.85369944E+00  2.88456925E+00 -6.84129530E-02 -2.38616629E+00
-1.00428418E+00  2.38184770E-02 -0.00000000E+00 -0.00000000E+00 -0.00000000E+00
-0.00000000E+00 -0.00000000E+00 -0.00000000E+00 -2.05508989E-11 -2.05543332E-11
-2.05543541E-11 -0.00000000E+00 -0.00000000E+00 -0.00000000E+00 
-0.00000000E+00 -0.00000000E+00 -0.00000000E+00 -0.00000000E+00 -0.00000000E+00
-0.00000000E+00 -0.00000000E+00 -0.00000000E+00 -0.00000000E+00 -0.00000000E+00
-0.00000000E+00 -0.00000000E+00 -0.00000000E+00 -3.14179173E-11  8.01279450E-11
-1.84647845E-11 -0.00000000E+00 -0.00000000E+00 -0.00000000E+00 -0.00000000E+00
-6.97619799E-02  1.59830484E-01 -2.49741348E-01  1.78511971E-01 -4.08985737E-01
 6.39056120E-01 -3.96915716E-01  9.09366839E-01 -1.42092105E+00  7.03287473E-01
-1.61128995E+00  2.51770322E+00 -1.81303650E+00  4.15381705E+00 -6.49050070E+00
 2.80011282E+00 -6.41529080E+00  1.00241414E+01 -2.60513312E+00  5.96857613E+00
-9.32613235E+00  1.70310380E+00 -3.90195213E+00  6.09695196E+00 -5.92948221E-01
 1.35849357E+00 -2.12269904E+00 -0.00000000E+00 -0.00000000E+00 -0.00000000E+00
-0.00000000E+00 -0.00000000E+00 -0.00000000E+00 -1.49856580E-11 -1.49852013E-11
-1.49872895E-11 -0.00000000E+00 -0.00000000E+00 -0.00000000E+00 
 3.62317690E-05 -6.85813171E-05  2.36586169E-04 -2.97076006E-04  1.56241727E-03
-1.48031653E-03  1.15489448E-02 -7.74101529E-03  8.43787365E-02 -6.51591228E-02
 5.88280412E-01 -1.21374025E+00  8.91118596E+00 -4.40762574E+01  5.97574555E+01
-8.47209826E+00  3.09578799E+00 -1.51780147E+00  7.74846561E-01 -2.60328329E-01
 0.00000000E+00  0.00000000E+00  0.00000000E+00  0.00000000E+00  0.00000000E+00
 0.00000000E+00  0.00000000E+00  0.00000000E+00  0.00000000E+00  0.00000000E+00
-1.10780724E-11  0.00000000E+00 -2.57377310E-11  1.94905218E-11  0.00000000E+00
 3.62518652E-11 -1.78915650E-11  1.34938119E-11 -2.89426808E-11  0.00000000E+00
-1.44018338E-11  1.43991701E-11  0.00000000E+00  0.00000000E+00  0.00000000E+00
 0.00000000E+00  0.00000000E+00  1.46208343E+01  1.46208343E+01  1.46208343E+01
 0.00000000E+00  0.00000000E+00  0.00000000E+00 -2.47830395E+01 -2.47830395E+01
-2.47830395E+01  0.00000000E+00  0.00000000E+00  0.00000000E+00 
 0.00000000E+00  0.00000000E+00  0.00000000E+00  0.00000000E+00  0.00000000E+00
 0.00000000E+00  0.00000000E+00  0.00000000E+00  0.00000000E+00  0.00000000E+00
 0.00000000E+00  0.00000000E+00 -4.06705642E-11  1.38065348E-10 -1.59026075E-10
 1.54569250E-11  0.00000000E+00  0.00000000E+00  0.00000000E+00  0.00000000E+00
-9.20024544E-02  2.03895960E-01  2.08665699E-01  4.15214314E-01 -9.20198509E-01
-9.41724714E-01 -9.24523370E-01  2.04892991E+00  2.09686053E+00  2.39122135E+00
-5.29942790E+00 -5.42339742E+00 -3.75695804E+00  8.32617533E+00  8.52094957E+00
 3.67519233E+00 -8.14496606E+00 -8.33550126E+00 -2.64587975E+00  5.86380217E+00
 6.00097410E+00  1.56594899E+00 -3.47045820E+00 -3.55164264E+00 -5.31361985E-01
 1.17760513E+00  1.20515285E+00 -4.84225531E-11 -4.85222018E-11 -4.84644598E-11
 0.00000000E+00  0.00000000E+00  0.00000000E+00  7.09129584E-11  7.09133820E-11
 7.09124447E-11  0.00000000E+00  0.00000000E+00  0.00000000E+00 
-0.00000000E+00 -0.00000000E+00 -0.00000000E+00 -0.00000000E+00 -0.00000000E+00
-0.00000000E+00 -0.00000000E+00 -0.00000000E+00 -0.00000000E+00 -0.00000000E+00
-0.00000000E+00  4.18218055E-11 -1.76510382E-10  4.97355477E-10 -5.57721105E-10
 9.81229915E-11 -4.64012068E-11  2.69265435E-11 -1.52819244E-11 -0.00000000E+00
-1.35067685E-03  2.18495417E-01 -2.14096513E-01  6.09571088E-03 -9.86087004E-01
 9.66234404E-01 -1.35728152E-02  2.19563837E+00 -2.15143423E+00  3.51052300E-02
-5.67888008E+00  5.56454885E+00 -5.51554443E-02  8.92235014E+00 -8.74271907E+00
 5.39550518E-02 -8.72816583E+00  8.55244422E+00 -3.88438389E-02  6.28366494E+00
-6.15715776E+00  2.29895067E-02 -3.71895162E+00  3.64407905E+00 -7.80086072E-03
 1.26192458E+00 -1.23651862E+00 -1.50229638E-10 -1.50294074E-10 -1.50257328E-10
-0.00000000E+00 -0.00000000E+00 -0.00000000E+00  2.26398188E-10  2.26394771E-10
 2.26396852E-10 -0.00000000E+00 -0.00000000E+00 -0.00000000E+00 
 0.00000000E+00  0.00000000E+00  0.00000000E+00  0.00000000E+00  0.00000000E+00
 0.00000000E+00  0.00000000E+00  0.00000000E+00  0.00000000E+00  0.00000000E+00
 0.00000000E+00 -2.11712106E-11  8.86794463E-11 -2.98026733E-10  3.83848885E-10
-7.31713139E-11  3.25637025E-11 -1.79700408E-11  0.00000000E+00  0.00000000E+00
 2.91741516E-01  6.53113954E-02  6.48127887E-02 -1.31665241E+00 -2.94755465E-01
-2.92505214E-01  2.93168102E+00  6.56307614E-01  6.51297166E-01 -7.58260794E+00
-1.69749822E+00 -1.68453902E+00  1.19133847E+01  2.66701767E+00  2.64665686E+00
-1.16541041E+01 -2.60897321E+00 -2.58905553E+00  8.39013451E+00  1.87827704E+00
 1.86393772E+00 -4.96565374E+00 -1.11164766E+00 -1.10316101E+00  1.68495887E+00
 3.77207249E-01  3.74327536E-01  8.43418487E-11  8.42966747E-11  8.43232312E-11
 0.00000000E+00  0.00000000E+00  0.00000000E+00 -1.42284267E-10 -1.42283869E-10
-1.42284847E-10  0.00000000E+00  0.00000000E+00  0.00000000E+00 
-9.89316155E-06  1.37067112E-04 -2.64799514E-04  1.13166158E-03 -1.64352239E-03
 8.21935631E-03 -9.87742072E-03  6.07496187E-02 -6.37033500E-02  4.46061994E-01
-6.99538011E-01  4.45653521E+00 -2.13735373E+01  5.08238500E+01 -4.66456338E+01
 6.00912618E+00 -2.17229803E+00  1.07093102E+00 -5.49587095E-01  1.85146933E-01
-0.00000000E+00 -0.00000000E+00 -0.00000000E+00 -2.38628434E-11 -0.00000000E+00
-1.07001953E-11  4.87174112E-11 -2.08923771E-11  3.03763040E-11 -8.35376061E-11
 5.01956226E-11 -6.64466676E-11  9.80149456E-11 -7.86005178E-11  8.29355166E-11
-8.29671885E-11  8.16465541E-11 -6.64419200E-11  5.34250476E-11 -6.38240246E-11
 3.92055505E-11 -3.34404659E-11  4.13459063E-11 -1.86290286E-11  1.28350334E-11
-1.32357536E-11 -0.00000000E+00 -1.72234131E+01 -1.72234131E+01 -1.72234131E+01
-0.00000000E+00 -0.00000000E+00 -0.00000000E+00  2.21460109E+01  2.21460109E+01
 2.21460109E+01 -0.00000000E+00 -0.00000000E+00 -0.00000000E+00 
 0.00000000E+00  0.00000000E+00  0.00000000E+00  0.00000000E+00  0.00000000E+00
 0.00000000E+00  0.00000000E+00  0.00000000E+00  0.00000000E+00  0.00000000E+00
 0.00000000E+00  0.00000000E+00  0.00000000E+00  0.00000000E+00  6.06726898E-11
-2.69388548E-11  1.46289617E-11  0.00000000E+00  0.00000000E+00  0.00000000E+00
-9.96650831E-01  6.44981420E-01  6.14886864E-01  2.80314562E+00 -1.81405241E+00
-1.72940950E+00 -6.81557633E+00  4.41069225E+00  4.20489125E+00  9.80936821E+00
-6.34812117E+00 -6.05192056E+00 -9.35125716E+00  6.05165514E+00  5.76928751E+00
 7.09585622E+00 -4.59207505E+00 -4.37781081E+00 -4.59168844E+00  2.97150581E+00
 2.83285662E+00  2.64192035E+00 -1.70971567E+00 -1.62994107E+00 -8.94696233E-01
 5.79001621E-01  5.51985655E-01 -1.13592215E-11 -1.14312892E-11 -1.13902033E-11
 0.00000000E+00  0.00000000E+00  0.00000000E+00  0.00000000E+00  0.00000000E+00
 0.00000000E+00  0.00000000E+00  0.00000000E+00  0.00000000E+00 
-0.00000000E+00 -0.00000000E+00 -0.00000000E+00 -0.00000000E+00 -0.00000000E+00
-0.00000000E+00 -0.00000000E+00 -0.00000000E+00 -0.00000000E+00 -0.00000000E+00
-0.00000000E+00  1.71672367E-11 -4.57394949E-11  1.14958105E-10 -1.31560394E-10
 2.40724592E-11 -0.00000000E+00 -0.00000000E+00 -0.00000000E+00 -0.00000000E+00
-5.45197297E-01 -1.17105096E+00  3.44672789E-01  1.53340304E+00  3.29365738E+00
-9.69414753E-01 -3.72832056E+00 -8.00820802E+00  2.35703782E+00  5.36601271E+00
 1.15258721E+01 -3.39238397E+00 -5.11541250E+00 -1.09875980E+01  3.23395495E+00
 3.88164190E+00  8.33753302E+00 -2.45396730E+00 -2.51178853E+00 -5.39517048E+00
 1.58794837E+00  1.44520808E+00  3.10421991E+00 -9.13658052E-01 -4.89425135E-01
-1.05125571E+00  3.09413725E-01 -3.37219003E-11 -3.36061575E-11 -3.36707179E-11
-0.00000000E+00 -0.00000000E+00 -0.00000000E+00  5.16331131E-11  5.16377908E-11
 5.16336237E-11 -0.00000000E+00 -0.00000000E+00 -0.00000000E+00 
-0.00000000E+00 -0.00000000E+00 -0.00000000E+00 -0.00000000E+00 -0.00000000E+00
-0.00000000E+00 -0.00000000E+00 -0.00000000E+00 -0.00000000E+00 -0.00000000E+00
-0.00000000E+00 -0.00000000E+00 -5.97010058E-11  1.20347192E-10 -3.52979652E-11
-3.20949547E-11  2.94098825E-11 -2.26224205E-11  1.49917436E-11 -0.00000000E+00
-7.04873603E-01 -6.19607923E-03 -1.13600818E+00  1.98250309E+00  1.74268779E-02
 3.19509727E+00 -4.82026372E+00 -4.23717611E-02 -7.76856869E+00  6.93759991E+00
 6.09838679E-02  1.11809695E+01 -6.61360440E+00 -5.81358369E-02 -1.06588027E+01
 5.01848951E+00  4.41142333E-02  8.08803890E+00 -3.24743619E+00 -2.85460710E-02
-5.23372425E+00  1.86847777E+00  1.64245564E-02  3.01132857E+00 -6.32767001E-01
-5.56223762E-03 -1.01979771E+00 -6.37764765E-11 -6.37370152E-11 -6.37601527E-11
-0.00000000E+00 -0.00000000E+00 -0.00000000E+00  5.58698059E-11  5.58672431E-11
 5.58692011E-11 -0.00000000E+00 -0.00000000E+00 -0.00000000E+00 
-1.61485370E-04  4.30824279E-04 -1.26650130E-03  2.43645253E-03 -8.26636238E-03
 1.49136080E-02 -5.92425450E-02  9.80527912E-02 -4.44815493E-01  7.98855401E-01
-4.26979686E+00  1.09277015E+01 -2.27129936E+01  3.85949963E+01 -2.97482445E+01
 3.82432369E+00 -1.40411770E+00  7.00042235E-01 -3.61438898E-01  1.22082718E-01
-1.81297322E-11 -0.00000000E+00 -0.00000000E+00  5.86873606E-11 -1.09174486E-11
 2.28244550E-11 -9.48534433E-11  2.61561229E-11 -4.36852094E-11  9.53095020E-11
-3.68774548E-11  4.85866773E-11 -8.15066702E-11  3.81084300E-11 -3.97381637E-11
 7.13219068E-11 -3.53666210E-11  2.95878188E-11 -6.12708653E-11  2.94854683E-11
-2.00843100E-11  4.08359626E-11 -2.07097750E-11  1.23914950E-11 -1.54621622E-11
-0.00000000E+00 -0.00000000E+00 -1.24337728E+01 -1.24337728E+01 -1.24337728E+01
-0.00000000E+00 -0.00000000E+00 -0.00000000E+00  1.46132903E+01  1.46132903E+01
 1.46132903E+01 -0.00000000E+00 -0.00000000E+00 -0.00000000E+00 
 0.00000000E+00  0.00000000E+00  0.00000000E+00  0.00000000E+00  0.00000000E+00
 0.00000000E+00  0.00000000E+00  0.00000000E+00  0.00000000E+00  0.00000000E+00
-2.77119643E-11  6.29091313E-11 -1.30570835E-10  1.93903239E-10 -1.02913689E-10
 0.00000000E+00  0.00000000E+00  0.00000000E+00  0.00000000E+00  0.00000000E+00
 1.82849024E+00 -5.99964357E-01 -4.44425899E-01 -7.95599518E+00  2.61052174E+00
 1.93375399E+00  1.23988406E+01 -4.06830853E+00 -3.01361515E+00 -1.15663600E+01
 3.79515493E+00  2.81127557E+00  8.61302806E+00 -2.82610741E+00 -2.09344991E+00
-5.95952517E+00  1.95543985E+00  1.44849957E+00  3.77084963E+00 -1.23729146E+00
-9.16528398E-01 -2.17701555E+00  7.14322507E-01  5.29137137E-01  7.42075531E-01
-2.43489879E-01 -1.80366062E-01 -6.79828742E-11 -6.79481679E-11 -6.79679799E-11
 0.00000000E+00  0.00000000E+00  0.00000000E+00  6.96500203E-11  6.96499777E-11
 6.96500034E-11  0.00000000E+00  0.00000000E+00  0.00000000E+00 
 0.00000000E+00  0.00000000E+00  0.00000000E+00  0.00000000E+00  0.00000000E+00
 0.00000000E+00  0.00000000E+00  0.00000000E+00  0.00000000E+00  1.16952635E-11
-2.87601373E-11  6.34495439E-11 -1.45911455E-10  2.39351157E-10 -1.43065372E-10
 0.00000000E+00  1.29419296E-11 -1.23775206E-11  0.00000000E+00  0.00000000E+00
 5.80336431E-01  4.02352449E-01  1.84449731E+00 -2.52511812E+00 -1.75068703E+00
-8.02564396E+00  3.93521319E+00  2.72831858E+00  1.25073832E+01 -3.67099585E+00
-2.54513433E+00 -1.16676149E+01  2.73365088E+00  1.89526466E+00  8.68842867E+00
-1.89146733E+00 -1.31137126E+00 -6.01169635E+00  1.19681328E+00  8.29761377E-01
 3.80386059E+00 -6.90953336E-01 -4.79044141E-01 -2.19607369E+00  2.35524070E-01
 1.63290949E-01  7.48571847E-01 -8.99623762E-11 -9.00233184E-11 -8.99884551E-11
 0.00000000E+00  0.00000000E+00  0.00000000E+00  9.38500177E-11  9.38499186E-11
 9.38499476E-11  0.00000000E+00  0.00000000E+00  0.00000000E+00 
 0.00000000E+00  0.00000000E+00  0.00000000E+00  0.00000000E+00  0.00000000E+00
 0.00000000E+00  0.00000000E+00  0.00000000E+00  0.00000000E+00  0.00000000E+00
 0.00000000E+00  0.00000000E+00  0.00000000E+00  0.00000000E+00  0.00000000E+00
 0.00000000E+00  0.00000000E+00  0.00000000E+00  0.00000000E+00  0.00000000E+00
 4.69767215E-01  1.83820659E+00 -5.48783643E-01 -2.04401730E+00 -7.99827224E+00
 2.38782790E+00  3.18545251E+00  1.24647264E+01 -3.72125635E+00 -2.97157546E+00
-1.16278221E+01  3.47140446E+00  2.21281913E+00  8.65879649E+00 -2.58502277E+00
-1.53109351E+00 -5.99119326E+00  1.78862859E+00  9.68789159E-01  3.79088740E+00
-1.13174276E+00 -5.59308717E-01 -2.18858391E+00  6.53386327E-01  1.90650596E-01
 7.46018818E-01 -2.22718669E-01  0.00000000E+00  0.00000000E+00  0.00000000E+00
 0.00000000E+00  0.00000000E+00  0.00000000E+00  0.00000000E+00  0.00000000E+00
 0.00000000E+00  0.00000000E+00  0.00000000E+00  0.00000000E+00 
-2.69347285E-04  1.28881752E-03 -3.07852484E-03  9.14077884E-03 -1.97230378E-02
 6.32192667E-02 -1.33645339E-01  4.73644259E-01 -1.01236532E+00  4.51896286E+00
-8.45382836E+00  1.00970306E+01 -1.46544552E+01  2.28095919E+01 -1.72329167E+01
 2.25822349E+00 -8.41163629E-01  4.22690670E-01 -2.19083479E-01  7.41176324E-02
 1.28913358E-10 -2.06730629E-11  8.88856706E-11 -2.39320910E-10  4.51086545E-11
-1.63373520E-10  1.97377487E-10 -4.47938793E-11  1.38448655E-10 -1.33498254E-10
 3.81050932E-11 -9.73072307E-11  9.07659515E-11 -3.38427436E-11  7.17852870E-11
-6.87147526E-11  3.08376916E-11 -5.94126295E-11  5.34683382E-11 -2.61587453E-11
 4.86105920E-11 -4.08067916E-11  1.91423026E-11 -3.51643414E-11  1.54168422E-11
 0.00000000E+00  1.30570066E-11 -7.20501656E+00 -7.20501656E+00 -7.20501656E+00
 0.00000000E+00  0.00000000E+00  0.00000000E+00  8.41926628E+00  8.41926628E+00
 8.41926628E+00  0.00000000E+00  0.00000000E+00  0.00000000E+00 
 0.00000000E+00  0.00000000E+00  0.00000000E+00  0.00000000E+00  0.00000000E+00
 0.00000000E+00  0.00000000E+00  0.00000000E+00 -1.63250149E-11  7.33393462E-11
-1.26840342E-10  1.41341650E-10 -2.01751584E-10  3.23302061E-10 -2.57248023E-10
 3.24306480E-11 -1.11713505E-11  0.00000000E+00  0.00000000E+00  0.00000000E+00
-8.16495465E+00 -4.83467536E-01  7.98970008E-01  1.57640895E+01  9.33431455E-01
-1.54257252E+00 -1.40890436E+01 -8.34247770E-01  1.37866330E+00  9.96232241E+00
 5.89894209E-01 -9.74848870E-01 -6.58559721E+00 -3.89949803E-01  6.44424235E-01
 4.40440102E+00  2.60795681E-01 -4.30986389E-01 -2.77500403E+00 -1.64314980E-01
 2.71544067E-01  1.60863233E+00  9.52511733E-02 -1.57410426E-01 -5.50452420E-01
-3.25936746E-02  5.38637376E-02 -1.04207351E-10 -1.04189388E-10 -1.04199662E-10
 0.00000000E+00  0.00000000E+00  0.00000000E+00  1.22526008E-10  1.22526057E-10
 1.22526003E-10  0.00000000E+00  0.00000000E+00  0.00000000E+00 
 0.00000000E+00  0.00000000E+00  0.00000000E+00  0.00000000E+00  0.00000000E+00
 0.00000000E+00  0.00000000E+00  0.00000000E+00  0.00000000E+00 -1.86742790E-11
 3.35585687E-11 -4.36343082E-11  6.39883028E-11 -9.05215686E-11  5.54403904E-11
 0.00000000E+00  0.00000000E+00  0.00000000E+00  0.00000000E+00  0.00000000E+00
 5.15805866E-01 -8.19605967E+00  3.11654667E-01 -9.95867115E-01  1.58241440E+01
-6.01712107E-01  8.90049200E-01 -1.41427169E+01  5.37775946E-01 -6.29351240E-01
 1.00002746E+01 -3.80259831E-01  4.16032889E-01 -6.61068554E+00  2.51370913E-01
-2.78239865E-01  4.42117992E+00 -1.68115096E-01  1.75305733E-01 -2.78557562E+00
 1.05921343E-01 -1.01622364E-01  1.61476054E+00 -6.14011708E-02  3.47738107E-02
-5.52549411E-01  2.10106575E-02  3.06953887E-11  3.08214817E-11  3.07495792E-11
 0.00000000E+00  0.00000000E+00  0.00000000E+00 -3.09216250E-11 -3.09216724E-11
-3.09216918E-11  0.00000000E+00  0.00000000E+00  0.00000000E+00 
 0.00000000E+00  0.00000000E+00  0.00000000E+00  0.00000000E+00  0.00000000E+00
 0.00000000E+00  0.00000000E+00  0.00000000E+00 -1.66958970E-11  6.40858578E-11
-1.17759365E-10  1.36224191E-10 -1.97392560E-10  3.09077462E-10 -2.34126734E-10
 3.03421691E-11  0.00000000E+00  0.00000000E+00  0.00000000E+00  0.00000000E+00
-7.78484579E-01 -3.59782524E-01 -8.17331614E+00  1.50302128E+00  6.94632628E-01
 1.57802330E+01 -1.34331465E+00 -6.20823005E-01 -1.41034718E+01  9.49853943E-01
 4.38982169E-01  9.97252453E+00 -6.27901329E-01 -2.90189338E-01 -6.59234132E+00
 4.19935985E-01  1.94076585E-01  4.40891144E+00 -2.64581732E-01 -1.22278445E-01
-2.77784583E+00  1.53374455E-01  7.08831618E-02  1.61027969E+00 -5.24826823E-02
-2.42552677E-02 -5.51016122E-01 -9.76928541E-11 -9.76556248E-11 -9.76768801E-11
 0.00000000E+00  0.00000000E+00  0.00000000E+00  1.14964154E-10  1.14964127E-10
 1.14964153E-10  0.00000000E+00  0.00000000E+00  0.00000000E+00 
-1.15944435E-03  3.82395396E-03 -1.03464803E-02  2.40878473E-02 -6.77216036E-02
 1.59785039E-01 -5.00212486E-01  1.21775740E+00 -4.73282529E+00  7.49423935E+00
-7.15771284E+00  6.31038562E+00 -8.37689620E+00  1.30078333E+01 -9.95711217E+00
 1.32113309E+00 -4.95742189E-01  2.50041991E-01 -1.29826852E-01  4.39528234E-02
-0.00000000E+00 -0.00000000E+00  1.00146979E-11 -0.00000000E+00 -0.00000000E+00
-1.61924837E-11 -0.00000000E+00 -0.00000000E+00  1.52094026E-11 -0.00000000E+00
-0.00000000E+00 -0.00000000E+00 -0.00000000E+00 -0.00000000E+00 -0.00000000E+00
-0.00000000E+00 -0.00000000E+00 -0.00000000E+00 -0.00000000E+00 -0.00000000E+00
-0.00000000E+00 -0.00000000E+00 -0.00000000E+00 -0.00000000E+00 -0.00000000E+00
-0.00000000E+00 -0.00000000E+00 -4.09402350E+00 -4.09402350E+00 -4.09402350E+00
-0.00000000E+00 -0.00000000E+00 -0.00000000E+00  4.82598824E+00  4.82598824E+00
 4.82598824E+00 -0.00000000E+00 -0.00000000E+00 -0.00000000E+00 
-2.63358106E-03  1.06481340E-02 -2.68958269E-02  7.27991702E-02 -1.77669825E-01
 5.22101068E-01 -1.37078103E+00  4.91684478E+00 -7.08759756E+00  6.09129393E+00
-4.47530715E+00  3.66864554E+00 -4.85059693E+00  7.60670382E+00 -5.88565020E+00
 7.85665563E-01 -2.95777133E-01  1.49420554E-01 -7.76392320E-02  2.62924751E-02
-0.00000000E+00 -0.00000000E+00 -0.00000000E+00 -0.00000000E+00 -0.00000000E+00
-0.00000000E+00 -1.26279604E-11 -0.00000000E+00 -0.00000000E+00 -0.00000000E+00
-0.00000000E+00 -0.00000000E+00 -0.00000000E+00 -0.00000000E+00 -0.00000000E+00
-0.00000000E+00 -0.00000000E+00 -0.00000000E+00 -0.00000000E+00 -0.00000000E+00
-0.00000000E+00 -0.00000000E+00 -0.00000000E+00 -0.00000000E+00 -0.00000000E+00
-0.00000000E+00 -0.00000000E+00 -2.39367249E+00 -2.39367249E+00 -2.39367249E+00
-0.00000000E+00 -0.00000000E+00 -0.00000000E+00  2.83959128E+00  2.83959128E+00
 2.83959128E+00 -0.00000000E+00 -0.00000000E+00 -0.00000000E+00 
-8.29750588E-03  2.94260828E-02 -7.82549267E-02  1.95520023E-01 -5.41568139E-01
 1.47685425E+00 -5.03339302E+00  6.91751626E+00 -5.65302019E+00  3.83016952E+00
-2.64557758E+00  2.16422944E+00 -2.88743429E+00  4.56012056E+00 -3.54912453E+00
 4.75076614E-01 -1.79103809E-01  9.05401796E-02 -4.70592447E-02  1.59385147E-02
 1.11074340E-11  0.00000000E+00  0.00000000E+00 -1.98825125E-11  0.00000000E+00
-1.07957880E-11  1.85289599E-11  0.00000000E+00  1.06462705E-11 -1.32863229E-11
 0.00000000E+00  0.00000000E+00  0.00000000E+00  0.00000000E+00  0.00000000E+00
 1.51182150E-11  0.00000000E+00  0.00000000E+00 -1.91397051E-11  0.00000000E+00
-1.00979913E-11  1.70973137E-11  0.00000000E+00  0.00000000E+00  0.00000000E+00
 0.00000000E+00  0.00000000E+00 -1.43534538E+00 -1.43534538E+00 -1.43534538E+00
 0.00000000E+00  0.00000000E+00  0.00000000E+00  1.70846622E+00  1.70846622E+00
 1.70846622E+00  0.00000000E+00  0.00000000E+00  0.00000000E+00 
 2.04852399E-02 -7.96358779E-02  2.07963652E-01 -5.68651154E-01  1.54902425E+00
-5.10153611E+00  6.82270439E+00 -5.45269206E+00  3.57415969E+00 -2.29133535E+00
 1.58195830E+00 -1.30546844E+00  1.75378680E+00 -2.78035667E+00  2.17018062E+00
-2.90854241E-01  1.09719229E-01 -5.54808231E-02  2.88404624E-02 -9.76848094E-03
 1.16533780E-11 -0.00000000E+00 -0.00000000E+00 -3.02338638E-11 -0.00000000E+00
-1.49051879E-11  3.14737485E-11 -0.00000000E+00  1.50444357E-11 -1.65734326E-11
-0.00000000E+00 -0.00000000E+00 -0.00000000E+00 -0.00000000E+00 -0.00000000E+00
 1.44321488E-11 -0.00000000E+00 -0.00000000E+00 -2.82905430E-11 -0.00000000E+00
-1.46589549E-11  2.81328905E-11 -0.00000000E+00  1.41228582E-11 -1.04591902E-11
-0.00000000E+00 -0.00000000E+00  8.75323090E-01  8.75323090E-01  8.75323090E-01
-0.00000000E+00 -0.00000000E+00 -0.00000000E+00 -1.04357932E+00 -1.04357932E+00
-1.04357932E+00 -0.00000000E+00 -0.00000000E+00 -0.00000000E+00 
-5.88921826E-02  2.17725022E-01 -5.97109366E-01  1.64585502E+00 -5.16110098E+00
 6.74157318E+00 -5.33914332E+00  3.45896823E+00 -2.15522194E+00  1.38252553E+00
-9.62898966E-01  7.99899851E-01 -1.07878179E+00  1.71348085E+00 -1.33925680E+00
 1.79590121E-01 -6.77650045E-02  3.42703520E-02 -1.78156435E-02  6.03442030E-03
 1.67380301E-11 -0.00000000E+00  1.45807185E-11 -3.17218634E-11  1.14742565E-11
-2.39400055E-11  3.10728163E-11 -1.17071485E-11  2.39570545E-11 -2.09920842E-11
-0.00000000E+00 -1.41224168E-11 -0.00000000E+00 -0.00000000E+00 -0.00000000E+00
 2.40986848E-11 -0.00000000E+00  1.54488649E-11 -3.24682080E-11  1.03006919E-11
-2.40001452E-11  3.03461966E-11 -1.00018376E-11  2.28564075E-11 -1.53537198E-11
-0.00000000E+00 -1.34237332E-11 -5.39507302E-01 -5.39507302E-01 -5.39507302E-01
-0.00000000E+00 -0.00000000E+00 -0.00000000E+00  6.43702407E-01  6.43702407E-01
 6.43702407E-01 -0.00000000E+00 -0.00000000E+00 -0.00000000E+00 
 1.52388473E-01 -6.02445519E-01  1.71043512E+00 -5.28973745E+00  6.76696724E+00
-5.25901918E+00  3.40021529E+00 -2.09950196E+00  1.30975619E+00 -8.47600961E-01
 5.94202836E-01 -4.95471402E-01  6.69530016E-01 -1.06440109E+00  8.32455450E-01
-1.11656838E-01  4.21365148E-02 -2.13105392E-02  1.10786654E-02 -3.75254057E-03
-0.00000000E+00 -0.00000000E+00  1.06887961E-11 -1.14768958E-11 -0.00000000E+00
-3.11780519E-11  1.20736952E-11 -0.00000000E+00  3.13170382E-11 -0.00000000E+00
-0.00000000E+00 -1.86200591E-11 -0.00000000E+00 -0.00000000E+00 -0.00000000E+00
-0.00000000E+00 -0.00000000E+00  1.99487808E-11 -1.08339086E-11 -0.00000000E+00
-3.13452856E-11  1.08796319E-11 -0.00000000E+00  3.00457694E-11 -0.00000000E+00
-0.00000000E+00 -0.00000000E+00  3.35157657E-01  3.35157657E-01  3.35157657E-01
-0.00000000E+00 -0.00000000E+00 -0.00000000E+00 -4.00026116E-01 -4.00026116E-01
-4.00026116E-01 -0.00000000E+00 -0.00000000E+00 -0.00000000E+00 
-4.38065046E-01  1.74933444E+00 -5.40997266E+00  6.89415265E+00 -5.30602506E+00
 3.36670370E+00 -2.07724858E+00  1.28441696E+00 -8.08258698E-01  5.26459417E-01
-3.70432831E-01  3.09472500E-01 -4.18585372E-01  6.65732038E-01 -5.20808427E-01
 6.98632655E-02 -2.63659838E-02  1.33348945E-02 -6.93245231E-03  2.34815359E-03
 0.00000000E+00  0.00000000E+00  1.82860991E-11  1.04490638E-11  0.00000000E+00
-3.26718231E-11 -1.08802953E-11  0.00000000E+00  3.27422367E-11  0.00000000E+00
 0.00000000E+00 -1.93000244E-11  0.00000000E+00  0.00000000E+00  0.00000000E+00
 0.00000000E+00  0.00000000E+00  2.12655092E-11  1.00379254E-11  0.00000000E+00
-3.30455208E-11  0.00000000E+00  0.00000000E+00  3.14958825E-11  0.00000000E+00
 0.00000000E+00 -1.69733785E-11 -2.09631158E-01 -2.09631158E-01 -2.09631158E-01
 0.00000000E+00  0.00000000E+00  0.00000000E+00  2.50243840E-01  2.50243840E-01
 2.50243840E-01  0.00000000E+00  0.00000000E+00  0.00000000E+00 
 1.27001825E+00 -5.47684015E+00  7.09240764E+00 -5.42753182E+00  3.41639638E+00
-2.06661425E+00  1.27681288E+00 -7.96331885E-01  5.04342051E-01 -3.29717354E-01
 2.32439068E-01 -1.94368185E-01  2.63014872E-01 -4.18387020E-01  3.27349876E-01
-4.39140603E-02  1.65732701E-02 -8.38220040E-03  4.35769865E-03 -1.47603792E-03
-0.00000000E+00 -0.00000000E+00 -0.00000000E+00 -0.00000000E+00 -0.00000000E+00
-1.72330368E-11 -0.00000000E+00 -0.00000000E+00  1.73143261E-11 -0.00000000E+00
-0.00000000E+00 -1.03065567E-11 -0.00000000E+00 -0.00000000E+00 -0.00000000E+00
-0.00000000E+00 -0.00000000E+00  1.10335329E-11 -0.00000000E+00 -0.00000000E+00
-1.73668718E-11 -0.00000000E+00 -0.00000000E+00  1.66661108E-11 -0.00000000E+00
-0.00000000E+00 -0.00000000E+00  1.31746940E-01  1.31746940E-01  1.31746940E-01
-0.00000000E+00 -0.00000000E+00 -0.00000000E+00 -1.57281939E-01 -1.57281939E-01
-1.57281939E-01 -0.00000000E+00 -0.00000000E+00 -0.00000000E+00 
-4.51498947E+00  7.50646231E+00 -5.67821478E+00  3.51153049E+00 -2.09994709E+00
 1.27021366E+00 -7.91242609E-01  4.96601379E-01 -3.15658073E-01  2.06754947E-01
-1.45889676E-01  1.22048196E-01 -1.65186983E-01  2.62791404E-01 -2.05622213E-01
 2.75848424E-02 -1.04106845E-02  5.26539497E-03 -2.73735365E-03  9.27195970E-04
-0.00000000E+00 -0.00000000E+00 -0.00000000E+00 -0.00000000E+00 -0.00000000E+00
-0.00000000E+00 -0.00000000E+00 -0.00000000E+00 -0.00000000E+00 -0.00000000E+00
-0.00000000E+00 -0.00000000E+00 -0.00000000E+00 -0.00000000E+00 -0.00000000E+00
-0.00000000E+00 -0.00000000E+00 -0.00000000E+00 -0.00000000E+00 -0.00000000E+00
-0.00000000E+00 -0.00000000E+00 -0.00000000E+00 -0.00000000E+00 -0.00000000E+00
-0.00000000E+00 -0.00000000E+00 -8.27515740E-02 -8.27515740E-02 -8.27515740E-02
-0.00000000E+00 -0.00000000E+00 -0.00000000E+00  9.87934986E-02  9.87934986E-02
 9.87934986E-02 -0.00000000E+00 -0.00000000E+00 -0.00000000E+00
