
 16984.6824992211004428  
 
 8695.7793652668005961  
 
 3757.4115634019999561  
 
 1563.5943988443000308  
 
 648.4223949163999805  
 
 265.4416500617999759  
 
 109.5443576068000056  
 
 45.1460757780999984  
 
 18.6221555782999992  
 
 7.6487983506999999  
 
 3.1544414836999999  
 
 1.3002429057000000  
 
 0.5331914676000000  
 
 0.2194657310000000  
 
 0.0909461442000000  
 
 0.0371307831000000  
 
 0.0153058393000000  
 
 0.0063948744000000  
 
 0.0027391014000000  
 
 0.0014016920000000  
 
 3.5377175784000001  
 
 3.5377175784000001  
 
 3.5377175784000001  
 
 2.3214559444999998  
 
 2.3214559444999998  
 
 2.3214559444999998  
 
 1.2810930115000001  
 
 1.2810930115000001  
 
 1.2810930115000001  
 
 0.6871368637000000  
 
 0.6871368637000000  
 
 0.6871368637000000  
 
 0.3549619265000000  
 
 0.3549619265000000  
 
 0.3549619265000000  
 
 0.1893491471000000  
 
 0.1893491471000000  
 
 0.1893491471000000  
 
 0.1000004776000000  
 
 0.1000004776000000  
 
 0.1000004776000000  
 
 0.0553549599000000  
 
 0.0553549599000000  
 
 0.0553549599000000  
 
 0.0356393006000000  
 
 0.0356393006000000  
 
 0.0356393006000000  
 
 0.2091535225000000  
 
 0.2091535225000000  
 
 0.2091535225000000  
 
 0.2091535225000000  
 
 0.2091535225000000  
 
 0.2091535225000000  
 
 0.1607613062000000  
 
 0.1607613062000000  
 
 0.1607613062000000  
 
 0.1607613062000000  
 
 0.1607613062000000  
 
 0.1607613062000000  
 