 -0.7136300E-01 -0.1133550E+00 -0.2818000E-02  0.1307000E-02 -0.1081000E-02
 -0.3050000E-03  0.0000000E+00  0.0000000E+00  0.1300000E-04  0.0000000E+00
  0.0000000E+00  0.1100000E-04  0.5240000E-03  0.0000000E+00  0.0000000E+00
  0.2430000E-03  0.0000000E+00  0.0000000E+00 -0.3300000E-04  0.0000000E+00
  0.0000000E+00  0.2700000E-04  0.0000000E+00  0.0000000E+00 -0.1400000E-03
  0.3780000E-03  0.3780000E-03  0.3800000E-03 -0.0000000E+00  0.0000000E+00
  0.0000000E+00  0.4054200E+00  0.6440010E+00  0.1588200E-01 -0.7012000E-02
  0.5669000E-02  0.7330000E-03  0.0000000E+00  0.0000000E+00 -0.3200000E-04
  0.0000000E+00  0.0000000E+00 -0.2100000E-04 -0.6180000E-03  0.0000000E+00
  0.0000000E+00  0.2610000E-03  0.0000000E+00  0.0000000E+00  0.9000000E-05
  0.0000000E+00  0.0000000E+00  0.1000000E-04  0.0000000E+00  0.0000000E+00
 -0.1340000E-03 -0.1846000E-02 -0.1849000E-02 -0.1837000E-02  0.0000000E+00
  0.0000000E+00  0.0000000E+00
  0.4054190E+00  0.6440020E+00  0.1587400E-01 -0.6986000E-02  0.5639000E-02
  0.6690000E-03 -0.0000000E+00 -0.0000000E+00  0.3900000E-04 -0.0000000E+00
 -0.0000000E+00  0.2700000E-04 -0.4670000E-03 -0.0000000E+00 -0.0000000E+00
 -0.1900000E-03 -0.0000000E+00 -0.0000000E+00 -0.2200000E-04 -0.0000000E+00
 -0.0000000E+00 -0.1000000E-05 -0.0000000E+00 -0.0000000E+00  0.9200000E-04
 -0.1826000E-02 -0.1830000E-02 -0.1817000E-02  0.0000000E+00 -0.0000000E+00
 -0.0000000E+00  0.7136200E-01  0.1133610E+00  0.2771000E-02 -0.1157000E-02
  0.9090000E-03 -0.5800000E-04 -0.0000000E+00 -0.0000000E+00 -0.2600000E-04
 -0.0000000E+00 -0.0000000E+00 -0.2000000E-04  0.3330000E-03 -0.0000000E+00
 -0.0000000E+00 -0.1640000E-03 -0.0000000E+00 -0.0000000E+00  0.3800000E-04
 -0.0000000E+00 -0.0000000E+00 -0.2500000E-04 -0.0000000E+00 -0.0000000E+00
  0.1000000E-03 -0.2690000E-03 -0.2690000E-03 -0.2630000E-03  0.0000000E+00
 -0.0000000E+00 -0.0000000E+00
 -0.8582100E-01 -0.2307430E+00  0.3539170E+00  0.4190780E+00  0.5730400E-01
 -0.5261000E-02  0.0000000E+00  0.0000000E+00  0.1540000E-02  0.0000000E+00
  0.0000000E+00  0.3960000E-03  0.9840000E-03  0.0000000E+00  0.0000000E+00
  0.2040000E-03  0.0000000E+00  0.0000000E+00  0.5330000E-03  0.0000000E+00
  0.0000000E+00 -0.7100000E-04  0.0000000E+00  0.0000000E+00  0.2700000E-04
 -0.8266000E-02 -0.8336000E-02 -0.8218000E-02  0.6000000E-05  0.0000000E+00
  0.0000000E+00 -0.8636600E-01 -0.2322090E+00  0.3561650E+00  0.4217440E+00
  0.5766500E-01 -0.5310000E-02  0.0000000E+00  0.0000000E+00 -0.1551000E-02
  0.0000000E+00  0.0000000E+00 -0.3990000E-03  0.1035000E-02  0.0000000E+00
  0.0000000E+00 -0.2260000E-03  0.0000000E+00  0.0000000E+00 -0.5330000E-03
  0.0000000E+00  0.0000000E+00  0.6900000E-04  0.0000000E+00  0.0000000E+00
 -0.1700000E-04 -0.8315000E-02 -0.8386000E-02 -0.8267000E-02  0.6000000E-05
  0.0000000E+00  0.0000000E+00
 -0.8636900E-01 -0.2321980E+00  0.3559920E+00  0.4224580E+00  0.5693200E-01
 -0.7943000E-02  0.0000000E+00  0.0000000E+00  0.1732000E-02  0.0000000E+00
  0.0000000E+00  0.5220000E-03  0.7864000E-02  0.0000000E+00  0.0000000E+00
  0.3407000E-02  0.0000000E+00  0.0000000E+00  0.1130000E-03  0.0000000E+00
  0.0000000E+00  0.2030000E-03  0.0000000E+00  0.0000000E+00 -0.1750000E-02
 -0.7734000E-02 -0.7791000E-02 -0.7626000E-02  0.5000000E-05  0.0000000E+00
  0.0000000E+00  0.8582400E-01  0.2307320E+00 -0.3537430E+00 -0.4197970E+00
 -0.5656600E-01  0.7910000E-02  0.0000000E+00  0.0000000E+00  0.1722000E-02
  0.0000000E+00  0.0000000E+00  0.5190000E-03 -0.7858000E-02  0.0000000E+00
  0.0000000E+00  0.3405000E-02  0.0000000E+00  0.0000000E+00  0.1100000E-03
  0.0000000E+00  0.0000000E+00  0.2030000E-03  0.0000000E+00  0.0000000E+00
 -0.1750000E-02  0.7680000E-02  0.7737000E-02  0.7573000E-02 -0.4000000E-05
  0.0000000E+00  0.0000000E+00
 -0.2070000E-03 -0.5710000E-03  0.1084000E-02  0.8380000E-03 -0.3300000E-03
  0.8600000E-04  0.0000000E+00  0.0000000E+00 -0.8716900E+00  0.0000000E+00
  0.0000000E+00 -0.2356690E+00 -0.2400000E-04  0.0000000E+00  0.0000000E+00
  0.2200000E-04  0.0000000E+00  0.0000000E+00 -0.3765900E-01  0.0000000E+00
  0.0000000E+00  0.9020000E-03  0.0000000E+00  0.0000000E+00 -0.1570000E-03
  0.1390000E-03  0.1560000E-03 -0.3500000E-03 -0.1000000E-05  0.0000000E+00
  0.0000000E+00 -0.2080000E-03 -0.5720000E-03  0.1085000E-02  0.8390000E-03
 -0.3300000E-03  0.8600000E-04  0.0000000E+00  0.0000000E+00  0.8726030E+00
  0.0000000E+00  0.0000000E+00  0.2359160E+00 -0.2600000E-04  0.0000000E+00
  0.0000000E+00 -0.2100000E-04  0.0000000E+00  0.0000000E+00  0.3769800E-01
  0.0000000E+00  0.0000000E+00 -0.9030000E-03  0.0000000E+00  0.0000000E+00
  0.1570000E-03  0.1390000E-03  0.1560000E-03 -0.3500000E-03 -0.1000000E-05
  0.0000000E+00  0.0000000E+00
  0.1990000E-03  0.5560000E-03 -0.1109000E-02 -0.6040000E-03 -0.8100000E-04
  0.1750000E-03  0.0000000E+00  0.0000000E+00  0.8728540E+00  0.0000000E+00
  0.0000000E+00  0.2360580E+00 -0.1100000E-03  0.0000000E+00  0.0000000E+00
 -0.5500000E-04  0.0000000E+00  0.0000000E+00  0.3733200E-01  0.0000000E+00
  0.0000000E+00 -0.6610000E-03  0.0000000E+00  0.0000000E+00  0.1250000E-03
 -0.1150000E-03 -0.1260000E-03  0.4200000E-03  0.1000000E-05  0.0000000E+00
  0.0000000E+00 -0.1990000E-03 -0.5550000E-03  0.1108000E-02  0.6030000E-03
  0.8200000E-04 -0.1750000E-03  0.0000000E+00  0.0000000E+00  0.8719410E+00
  0.0000000E+00  0.0000000E+00  0.2358110E+00  0.1100000E-03  0.0000000E+00
  0.0000000E+00 -0.5500000E-04  0.0000000E+00  0.0000000E+00  0.3729300E-01
  0.0000000E+00  0.0000000E+00 -0.6600000E-03  0.0000000E+00  0.0000000E+00
  0.1250000E-03  0.1150000E-03  0.1260000E-03 -0.4200000E-03 -0.1000000E-05
  0.0000000E+00  0.0000000E+00
 -0.0000000E+00 -0.0000000E+00 -0.0000000E+00 -0.0000000E+00 -0.0000000E+00
 -0.0000000E+00  0.8649280E+00  0.5864200E-01 -0.0000000E+00  0.2338740E+00
  0.1585700E-01 -0.0000000E+00 -0.0000000E+00 -0.2500000E-04 -0.2000000E-05
 -0.0000000E+00  0.3710800E-01  0.2516000E-02 -0.0000000E+00 -0.9190000E-03
 -0.6200000E-04 -0.0000000E+00  0.1360000E-03  0.9000000E-05 -0.0000000E+00
 -0.0000000E+00 -0.0000000E+00 -0.0000000E+00 -0.0000000E+00  0.1560000E-03
  0.1100000E-04 -0.0000000E+00 -0.0000000E+00 -0.0000000E+00 -0.0000000E+00
 -0.0000000E+00 -0.0000000E+00  0.8757470E+00  0.5937600E-01 -0.0000000E+00
  0.2368000E+00  0.1605500E-01 -0.0000000E+00 -0.0000000E+00 -0.2500000E-04
 -0.2000000E-05 -0.0000000E+00  0.3757100E-01  0.2547000E-02 -0.0000000E+00
 -0.9310000E-03 -0.6300000E-04 -0.0000000E+00  0.1380000E-03  0.9000000E-05
 -0.0000000E+00 -0.0000000E+00 -0.0000000E+00 -0.0000000E+00 -0.0000000E+00
 -0.1570000E-03 -0.1100000E-04
 -0.0000000E+00 -0.0000000E+00 -0.0000000E+00 -0.0000000E+00 -0.0000000E+00
 -0.0000000E+00  0.8757570E+00  0.5937600E-01 -0.0000000E+00  0.2368060E+00
  0.1605500E-01 -0.0000000E+00 -0.0000000E+00 -0.4900000E-04 -0.3000000E-05
 -0.0000000E+00  0.3757400E-01  0.2547000E-02 -0.0000000E+00 -0.9660000E-03
 -0.6500000E-04 -0.0000000E+00  0.1860000E-03  0.1300000E-04 -0.0000000E+00
 -0.0000000E+00 -0.0000000E+00 -0.0000000E+00 -0.0000000E+00  0.1260000E-03
  0.9000000E-05 -0.0000000E+00 -0.0000000E+00 -0.0000000E+00 -0.0000000E+00
 -0.0000000E+00 -0.0000000E+00 -0.8649390E+00 -0.5864300E-01 -0.0000000E+00
 -0.2338800E+00 -0.1585700E-01 -0.0000000E+00 -0.0000000E+00  0.4900000E-04
  0.3000000E-05 -0.0000000E+00 -0.3711000E-01 -0.2516000E-02 -0.0000000E+00
  0.9540000E-03  0.6500000E-04 -0.0000000E+00 -0.1850000E-03 -0.1200000E-04
 -0.0000000E+00 -0.0000000E+00 -0.0000000E+00 -0.0000000E+00 -0.0000000E+00
  0.1240000E-03  0.8000000E-05
 -0.0000000E+00 -0.0000000E+00 -0.0000000E+00 -0.0000000E+00 -0.0000000E+00
 -0.0000000E+00 -0.5854000E-01  0.8634220E+00 -0.0000000E+00 -0.1582500E-01
  0.2334040E+00 -0.0000000E+00 -0.0000000E+00 -0.4000000E-05  0.6000000E-04
 -0.0000000E+00 -0.2463000E-02  0.3632000E-01 -0.0000000E+00  0.3400000E-04
 -0.5060000E-03 -0.0000000E+00  0.4000000E-05 -0.6200000E-04 -0.0000000E+00
 -0.0000000E+00 -0.0000000E+00 -0.0000000E+00 -0.0000000E+00 -0.1000000E-04
  0.1480000E-03 -0.0000000E+00 -0.0000000E+00 -0.0000000E+00 -0.0000000E+00
 -0.0000000E+00 -0.0000000E+00 -0.5951700E-01  0.8778250E+00 -0.0000000E+00
 -0.1608900E-01  0.2372980E+00 -0.0000000E+00 -0.0000000E+00 -0.4000000E-05
  0.6200000E-04 -0.0000000E+00 -0.2504000E-02  0.3692500E-01 -0.0000000E+00
  0.3500000E-04 -0.5140000E-03 -0.0000000E+00  0.4000000E-05 -0.6400000E-04
 -0.0000000E+00 -0.0000000E+00 -0.0000000E+00 -0.0000000E+00 -0.0000000E+00
  0.1000000E-04 -0.1500000E-03
 -0.0000000E+00 -0.0000000E+00 -0.0000000E+00 -0.0000000E+00 -0.0000000E+00
 -0.0000000E+00 -0.5951800E-01  0.8778480E+00 -0.0000000E+00 -0.1609000E-01
  0.2373110E+00 -0.0000000E+00 -0.0000000E+00 -0.8000000E-05  0.1160000E-03
 -0.0000000E+00 -0.2502000E-02  0.3690400E-01 -0.0000000E+00  0.3600000E-04
 -0.5290000E-03 -0.0000000E+00  0.6000000E-05 -0.8600000E-04 -0.0000000E+00
 -0.0000000E+00 -0.0000000E+00 -0.0000000E+00 -0.0000000E+00 -0.8000000E-05
  0.1220000E-03 -0.0000000E+00 -0.0000000E+00 -0.0000000E+00 -0.0000000E+00
 -0.0000000E+00 -0.0000000E+00  0.5854200E-01 -0.8634460E+00 -0.0000000E+00
  0.1582600E-01 -0.2334170E+00 -0.0000000E+00 -0.0000000E+00  0.8000000E-05
 -0.1150000E-03 -0.0000000E+00  0.2461000E-02 -0.3629800E-01 -0.0000000E+00
 -0.3500000E-04  0.5210000E-03 -0.0000000E+00 -0.6000000E-05  0.8500000E-04
 -0.0000000E+00 -0.0000000E+00 -0.0000000E+00 -0.0000000E+00 -0.0000000E+00
 -0.8000000E-05  0.1200000E-03
  0.2543200E-01  0.7320300E-01 -0.1521740E+00 -0.2529860E+00  0.3869120E+00
  0.3278260E+00 -0.0000000E+00 -0.0000000E+00 -0.6199700E-01 -0.0000000E+00
 -0.0000000E+00 -0.1534000E-01 -0.7768000E-02 -0.0000000E+00 -0.0000000E+00
 -0.2416000E-02 -0.0000000E+00 -0.0000000E+00  0.3533800E-01 -0.0000000E+00
 -0.0000000E+00  0.1044630E+00 -0.0000000E+00 -0.0000000E+00  0.6278000E-02
  0.1323000E-02  0.3769000E-02  0.4855200E-01 -0.1920000E-03 -0.0000000E+00
 -0.0000000E+00  0.2543300E-01  0.7320300E-01 -0.1521750E+00 -0.2529890E+00
  0.3869180E+00  0.3278200E+00 -0.0000000E+00 -0.0000000E+00  0.6199700E-01
 -0.0000000E+00 -0.0000000E+00  0.1534000E-01 -0.7643000E-02 -0.0000000E+00
 -0.0000000E+00  0.2362000E-02 -0.0000000E+00 -0.0000000E+00 -0.3533800E-01
 -0.0000000E+00 -0.0000000E+00 -0.1044620E+00 -0.0000000E+00 -0.0000000E+00
 -0.6282000E-02  0.1323000E-02  0.3769000E-02  0.4855100E-01 -0.1920000E-03
 -0.0000000E+00 -0.0000000E+00
 -0.2807900E-01 -0.8074200E-01  0.1669640E+00  0.2946340E+00 -0.4606370E+00
 -0.4435010E+00  0.0000000E+00  0.0000000E+00 -0.3853800E-01  0.0000000E+00
  0.0000000E+00 -0.9669000E-02  0.3451500E-01  0.0000000E+00  0.0000000E+00
  0.2407600E-01  0.0000000E+00  0.0000000E+00  0.2877300E-01  0.0000000E+00
  0.0000000E+00  0.4491200E-01  0.0000000E+00  0.0000000E+00 -0.1057500E-01
 -0.9484000E-02 -0.1438400E-01  0.4691000E-02  0.3850000E-03  0.0000000E+00
  0.0000000E+00  0.2807900E-01  0.8074100E-01 -0.1669620E+00 -0.2946360E+00
  0.4606390E+00  0.4435040E+00  0.0000000E+00  0.0000000E+00 -0.3853800E-01
  0.0000000E+00  0.0000000E+00 -0.9669000E-02 -0.3451800E-01  0.0000000E+00
  0.0000000E+00  0.2407700E-01  0.0000000E+00  0.0000000E+00  0.2877300E-01
  0.0000000E+00  0.0000000E+00  0.4491300E-01  0.0000000E+00  0.0000000E+00
 -0.1057500E-01  0.9481000E-02  0.1438100E-01 -0.4694000E-02 -0.3850000E-03
  0.0000000E+00  0.0000000E+00
 -0.8142000E-02 -0.2332200E-01  0.4726300E-01  0.9673700E-01 -0.1587120E+00
 -0.1616770E+00  0.0000000E+00  0.0000000E+00 -0.2437880E+00  0.0000000E+00
  0.0000000E+00 -0.5974500E-01 -0.2905000E-01  0.0000000E+00  0.0000000E+00
 -0.3004800E-01  0.0000000E+00  0.0000000E+00  0.1745770E+00  0.0000000E+00
  0.0000000E+00  0.4049570E+00  0.0000000E+00  0.0000000E+00  0.1587430E+00
 -0.1426400E-01 -0.1732200E-01  0.5950000E-01  0.2400000E-03  0.0000000E+00
  0.0000000E+00 -0.8142000E-02 -0.2332200E-01  0.4726200E-01  0.9674400E-01
 -0.1587120E+00 -0.1617300E+00  0.0000000E+00  0.0000000E+00  0.2437890E+00
  0.0000000E+00  0.0000000E+00  0.5974600E-01 -0.2865800E-01  0.0000000E+00
  0.0000000E+00  0.2987200E-01  0.0000000E+00  0.0000000E+00 -0.1745780E+00
  0.0000000E+00  0.0000000E+00 -0.4049560E+00  0.0000000E+00  0.0000000E+00
 -0.1587370E+00 -0.1425600E-01 -0.1731400E-01  0.5950700E-01  0.2400000E-03
  0.0000000E+00  0.0000000E+00
  0.0000000E+00  0.0000000E+00  0.0000000E+00  0.0000000E+00  0.0000000E+00
  0.0000000E+00  0.1618900E-01 -0.2389590E+00  0.0000000E+00  0.3949000E-02
 -0.5828800E-01  0.0000000E+00  0.0000000E+00  0.1669000E-02 -0.2463800E-01
  0.0000000E+00 -0.1191600E-01  0.1758790E+00  0.0000000E+00 -0.2646500E-01
  0.3906210E+00  0.0000000E+00 -0.1527500E-01  0.2254610E+00  0.0000000E+00
  0.0000000E+00  0.0000000E+00  0.0000000E+00  0.0000000E+00 -0.2173000E-02
  0.3207600E-01  0.0000000E+00  0.0000000E+00  0.0000000E+00  0.0000000E+00
  0.0000000E+00  0.0000000E+00  0.1619000E-01 -0.2389590E+00  0.0000000E+00
  0.3949000E-02 -0.5828800E-01  0.0000000E+00  0.0000000E+00  0.1669000E-02
 -0.2463500E-01  0.0000000E+00 -0.1191600E-01  0.1758790E+00  0.0000000E+00
 -0.2646500E-01  0.3906220E+00  0.0000000E+00 -0.1527500E-01  0.2254610E+00
  0.0000000E+00  0.0000000E+00  0.0000000E+00  0.0000000E+00  0.0000000E+00
  0.2173000E-02 -0.3207600E-01
 -0.0000000E+00 -0.0000000E+00 -0.0000000E+00 -0.0000000E+00 -0.0000000E+00
 -0.0000000E+00 -0.2339250E+00 -0.1584800E-01 -0.0000000E+00 -0.5680200E-01
 -0.3848000E-02 -0.0000000E+00 -0.0000000E+00 -0.2533600E-01 -0.1716000E-02
 -0.0000000E+00  0.1693640E+00  0.1147400E-01 -0.0000000E+00  0.3831790E+00
  0.2596000E-01 -0.0000000E+00  0.2374550E+00  0.1608800E-01 -0.0000000E+00
 -0.0000000E+00 -0.0000000E+00 -0.0000000E+00 -0.0000000E+00  0.3755700E-01
  0.2545000E-02 -0.0000000E+00 -0.0000000E+00 -0.0000000E+00 -0.0000000E+00
 -0.0000000E+00 -0.0000000E+00 -0.2339250E+00 -0.1584800E-01 -0.0000000E+00
 -0.5680300E-01 -0.3848000E-02 -0.0000000E+00 -0.0000000E+00 -0.2533400E-01
 -0.1716000E-02 -0.0000000E+00  0.1693650E+00  0.1147400E-01 -0.0000000E+00
  0.3831800E+00  0.2596000E-01 -0.0000000E+00  0.2374550E+00  0.1608800E-01
 -0.0000000E+00 -0.0000000E+00 -0.0000000E+00 -0.0000000E+00 -0.0000000E+00
 -0.3755700E-01 -0.2545000E-02
  0.0000000E+00  0.0000000E+00  0.0000000E+00  0.0000000E+00  0.0000000E+00
  0.0000000E+00  0.1767300E-01 -0.2608480E+00  0.0000000E+00  0.4325000E-02
 -0.6382900E-01  0.0000000E+00  0.0000000E+00  0.2191000E-02 -0.3232900E-01
  0.0000000E+00 -0.1359100E-01  0.2005930E+00  0.0000000E+00 -0.2895600E-01
  0.4273800E+00  0.0000000E+00 -0.2165400E-01  0.3195920E+00  0.0000000E+00
  0.0000000E+00  0.0000000E+00  0.0000000E+00  0.0000000E+00  0.1155000E-02
 -0.1704200E-01  0.0000000E+00  0.0000000E+00  0.0000000E+00  0.0000000E+00
  0.0000000E+00  0.0000000E+00 -0.1767300E-01  0.2608480E+00  0.0000000E+00
 -0.4325000E-02  0.6382900E-01  0.0000000E+00  0.0000000E+00 -0.2191000E-02
  0.3232900E-01  0.0000000E+00  0.1359100E-01 -0.2005930E+00  0.0000000E+00
  0.2895600E-01 -0.4273800E+00  0.0000000E+00  0.2165300E-01 -0.3195910E+00
  0.0000000E+00  0.0000000E+00  0.0000000E+00  0.0000000E+00  0.0000000E+00
  0.1155000E-02 -0.1704200E-01
  0.0000000E+00  0.0000000E+00  0.0000000E+00  0.0000000E+00  0.0000000E+00
  0.0000000E+00 -0.2555800E+00 -0.1731600E-01  0.0000000E+00 -0.6230100E-01
 -0.4221000E-02  0.0000000E+00  0.0000000E+00 -0.2057800E-01 -0.1394000E-02
  0.0000000E+00  0.1939110E+00  0.1313800E-01  0.0000000E+00  0.4187910E+00
  0.2837400E-01  0.0000000E+00  0.3371760E+00  0.2284500E-01  0.0000000E+00
  0.0000000E+00  0.0000000E+00  0.0000000E+00  0.0000000E+00 -0.1745400E-01
 -0.1183000E-02  0.0000000E+00  0.0000000E+00  0.0000000E+00  0.0000000E+00
  0.0000000E+00  0.0000000E+00  0.2555800E+00  0.1731600E-01  0.0000000E+00
  0.6230100E-01  0.4221000E-02  0.0000000E+00  0.0000000E+00  0.2057800E-01
  0.1394000E-02  0.0000000E+00 -0.1939110E+00 -0.1313800E-01  0.0000000E+00
 -0.4187900E+00 -0.2837400E-01  0.0000000E+00 -0.3371750E+00 -0.2284500E-01
  0.0000000E+00  0.0000000E+00  0.0000000E+00  0.0000000E+00  0.0000000E+00
 -0.1745400E-01 -0.1183000E-02
 -0.9042000E-02 -0.2601200E-01  0.5377200E-01  0.1065570E+00 -0.1571910E+00
 -0.4077000E+00  0.0000000E+00  0.0000000E+00  0.2454690E+00  0.0000000E+00
  0.0000000E+00  0.5896600E-01 -0.7277460E+00  0.0000000E+00  0.0000000E+00
 -0.3498540E+00  0.0000000E+00  0.0000000E+00 -0.1858960E+00  0.0000000E+00
  0.0000000E+00 -0.4531000E+00  0.0000000E+00  0.0000000E+00 -0.5364770E+00
 -0.1962500E-01 -0.2041200E-01  0.6336200E-01  0.6200000E-04  0.0000000E+00
  0.0000000E+00  0.9041000E-02  0.2601200E-01 -0.5377500E-01 -0.1065370E+00
  0.1571610E+00  0.4076760E+00  0.0000000E+00  0.0000000E+00  0.2454680E+00
  0.0000000E+00  0.0000000E+00  0.5896500E-01  0.7277530E+00  0.0000000E+00
  0.0000000E+00 -0.3498880E+00  0.0000000E+00  0.0000000E+00 -0.1858940E+00
  0.0000000E+00  0.0000000E+00 -0.4531040E+00  0.0000000E+00  0.0000000E+00
 -0.5364560E+00  0.1963900E-01  0.2042600E-01 -0.6334300E-01 -0.6200000E-04
  0.0000000E+00  0.0000000E+00
 -0.8343000E-02 -0.2379600E-01  0.4708400E-01  0.1126110E+00 -0.1563720E+00
 -0.6588960E+00  0.0000000E+00  0.0000000E+00 -0.2716700E-01  0.0000000E+00
  0.0000000E+00 -0.7344000E-02  0.8737640E+00  0.0000000E+00  0.0000000E+00
 -0.1697310E+00  0.0000000E+00  0.0000000E+00  0.3041600E-01  0.0000000E+00
  0.0000000E+00  0.4330000E-03  0.0000000E+00  0.0000000E+00  0.1451180E+00
  0.4149200E-01  0.4070900E-01 -0.1095000E-01  0.6200000E-04  0.0000000E+00
  0.0000000E+00 -0.8343000E-02 -0.2379700E-01  0.4708300E-01  0.1126320E+00
 -0.1563790E+00 -0.6590670E+00  0.0000000E+00  0.0000000E+00  0.2716000E-01
  0.0000000E+00  0.0000000E+00  0.7342000E-02  0.8751940E+00  0.0000000E+00
  0.0000000E+00  0.1690750E+00  0.0000000E+00  0.0000000E+00 -0.3041100E-01
  0.0000000E+00  0.0000000E+00 -0.4160000E-03  0.0000000E+00  0.0000000E+00
 -0.1450830E+00  0.4151200E-01  0.4073000E-01 -0.1093100E-01  0.6200000E-04
  0.0000000E+00  0.0000000E+00
  0.2233000E-02  0.6568000E-02 -0.1504800E-01 -0.1911900E-01  0.6680000E-01
 -0.5461300E-01 -0.0000000E+00 -0.0000000E+00  0.1118610E+00 -0.0000000E+00
 -0.0000000E+00  0.2838800E-01  0.1051446E+01 -0.0000000E+00 -0.0000000E+00
  0.1531277E+01 -0.0000000E+00 -0.0000000E+00 -0.1015130E+00 -0.0000000E+00
 -0.0000000E+00 -0.1571400E+00 -0.0000000E+00 -0.0000000E+00 -0.7623000E+00
 -0.1073000E-02 -0.1286000E-02  0.3331800E-01  0.1700000E-04 -0.0000000E+00
 -0.0000000E+00 -0.2234000E-02 -0.6570000E-02  0.1505400E-01  0.1910500E-01
 -0.6678400E-01  0.5463200E-01 -0.0000000E+00 -0.0000000E+00  0.1118660E+00
 -0.0000000E+00 -0.0000000E+00  0.2838900E-01 -0.1051398E+01 -0.0000000E+00
 -0.0000000E+00  0.1531431E+01 -0.0000000E+00 -0.0000000E+00 -0.1015210E+00
 -0.0000000E+00 -0.0000000E+00 -0.1571340E+00 -0.0000000E+00 -0.0000000E+00
 -0.7623680E+00  0.1057000E-02  0.1270000E-02 -0.3333400E-01 -0.1700000E-04
 -0.0000000E+00 -0.0000000E+00
  0.0000000E+00  0.0000000E+00  0.0000000E+00  0.0000000E+00  0.0000000E+00
  0.0000000E+00  0.7988600E-01  0.5351000E-02  0.0000000E+00  0.2085100E-01
  0.1396000E-02  0.0000000E+00  0.0000000E+00  0.8193550E+00  0.5486800E-01
  0.0000000E+00 -0.7757300E-01 -0.5194000E-02  0.0000000E+00 -0.9179200E-01
 -0.6153000E-02  0.0000000E+00 -0.4354320E+00 -0.2915500E-01  0.0000000E+00
  0.0000000E+00  0.0000000E+00  0.0000000E+00  0.0000000E+00 -0.1847400E-01
 -0.1238000E-02  0.0000000E+00  0.0000000E+00  0.0000000E+00  0.0000000E+00
  0.0000000E+00  0.0000000E+00  0.7988600E-01  0.5350000E-02  0.0000000E+00
  0.2085000E-01  0.1396000E-02  0.0000000E+00  0.0000000E+00  0.8193560E+00
  0.5484100E-01  0.0000000E+00 -0.7757300E-01 -0.5193000E-02  0.0000000E+00
 -0.9179100E-01 -0.6152000E-02  0.0000000E+00 -0.4354330E+00 -0.2914500E-01
  0.0000000E+00  0.0000000E+00  0.0000000E+00  0.0000000E+00  0.0000000E+00
  0.1847400E-01  0.1238000E-02
  0.0000000E+00  0.0000000E+00  0.0000000E+00  0.0000000E+00  0.0000000E+00
  0.0000000E+00 -0.5255000E-02  0.7851300E-01  0.0000000E+00 -0.1381000E-02
  0.2063100E-01  0.0000000E+00  0.0000000E+00 -0.5476900E-01  0.8181540E+00
  0.0000000E+00  0.5204000E-02 -0.7773900E-01  0.0000000E+00  0.5858000E-02
 -0.8759800E-01  0.0000000E+00  0.2888800E-01 -0.4314940E+00  0.0000000E+00
  0.0000000E+00  0.0000000E+00  0.0000000E+00  0.0000000E+00  0.1116000E-02
 -0.1669800E-01  0.0000000E+00  0.0000000E+00  0.0000000E+00  0.0000000E+00
  0.0000000E+00  0.0000000E+00 -0.5255000E-02  0.7851300E-01  0.0000000E+00
 -0.1381000E-02  0.2063100E-01  0.0000000E+00  0.0000000E+00 -0.5478900E-01
  0.8181640E+00  0.0000000E+00  0.5205000E-02 -0.7774000E-01  0.0000000E+00
  0.5858000E-02 -0.8759800E-01  0.0000000E+00  0.2889500E-01 -0.4314990E+00
  0.0000000E+00  0.0000000E+00  0.0000000E+00  0.0000000E+00  0.0000000E+00
 -0.1116000E-02  0.1669800E-01
  0.8250000E-03  0.2328000E-02 -0.4350000E-02 -0.1255000E-01 -0.1190000E-03
  0.2324310E+00  0.0000000E+00  0.0000000E+00 -0.4566000E-01  0.0000000E+00
  0.0000000E+00 -0.1212400E-01  0.1608930E+00  0.0000000E+00  0.0000000E+00
 -0.1243986E+01  0.0000000E+00  0.0000000E+00  0.4321600E-01  0.0000000E+00
  0.0000000E+00  0.6974200E-01  0.0000000E+00  0.0000000E+00  0.2930370E+00
 -0.4207200E-01 -0.4261400E-01  0.6932800E-01  0.4300000E-04  0.0000000E+00
  0.0000000E+00  0.8260000E-03  0.2330000E-02 -0.4352000E-02 -0.1257500E-01
 -0.9200000E-04  0.2325650E+00  0.0000000E+00  0.0000000E+00  0.4565300E-01
  0.0000000E+00  0.0000000E+00  0.1212200E-01  0.1598260E+00  0.0000000E+00
  0.0000000E+00  0.1244345E+01  0.0000000E+00  0.0000000E+00 -0.4321100E-01
  0.0000000E+00  0.0000000E+00 -0.6973300E-01  0.0000000E+00  0.0000000E+00
 -0.2929840E+00 -0.4208900E-01 -0.4263100E-01  0.6931400E-01  0.4300000E-04
  0.0000000E+00  0.0000000E+00
 -0.0000000E+00 -0.0000000E+00 -0.0000000E+00 -0.0000000E+00 -0.0000000E+00
 -0.0000000E+00 -0.7800400E-01 -0.3616000E-02 -0.0000000E+00 -0.2055200E-01
 -0.9500000E-03 -0.0000000E+00 -0.0000000E+00 -0.1768289E+01 -0.8013500E-01
 -0.0000000E+00  0.7818500E-01  0.3587000E-02 -0.0000000E+00  0.8147600E-01
  0.3833000E-02 -0.0000000E+00  0.5224670E+00  0.2392100E-01 -0.0000000E+00
 -0.0000000E+00 -0.0000000E+00 -0.0000000E+00 -0.0000000E+00  0.1479300E-01
  0.6530000E-03 -0.0000000E+00 -0.0000000E+00 -0.0000000E+00 -0.0000000E+00
 -0.0000000E+00 -0.0000000E+00  0.7800400E-01  0.3617000E-02 -0.0000000E+00
  0.2055200E-01  0.9500000E-03 -0.0000000E+00 -0.0000000E+00  0.1768289E+01
  0.8014400E-01 -0.0000000E+00 -0.7818600E-01 -0.3588000E-02 -0.0000000E+00
 -0.8147500E-01 -0.3834000E-02 -0.0000000E+00 -0.5224680E+00 -0.2392500E-01
 -0.0000000E+00 -0.0000000E+00 -0.0000000E+00 -0.0000000E+00 -0.0000000E+00
  0.1479200E-01  0.6530000E-03
 -0.0000000E+00 -0.0000000E+00 -0.0000000E+00 -0.0000000E+00 -0.0000000E+00
 -0.0000000E+00 -0.3272000E-02  0.7421400E-01 -0.0000000E+00 -0.8710000E-03
  0.1968200E-01 -0.0000000E+00 -0.0000000E+00 -0.7960900E-01  0.1761974E+01
 -0.0000000E+00  0.3388000E-02 -0.7596200E-01 -0.0000000E+00  0.3266000E-02
 -0.7539000E-01 -0.0000000E+00  0.2275100E-01 -0.5089610E+00 -0.0000000E+00
 -0.0000000E+00 -0.0000000E+00 -0.0000000E+00 -0.0000000E+00  0.7210000E-03
 -0.1555200E-01 -0.0000000E+00 -0.0000000E+00 -0.0000000E+00 -0.0000000E+00
 -0.0000000E+00 -0.0000000E+00  0.3271000E-02 -0.7421400E-01 -0.0000000E+00
  0.8710000E-03 -0.1968200E-01 -0.0000000E+00 -0.0000000E+00  0.7959800E-01
 -0.1761972E+01 -0.0000000E+00 -0.3387000E-02  0.7596200E-01 -0.0000000E+00
 -0.3264000E-02  0.7538800E-01 -0.0000000E+00 -0.2274600E-01  0.5089620E+00
 -0.0000000E+00 -0.0000000E+00 -0.0000000E+00 -0.0000000E+00 -0.0000000E+00
  0.7200000E-03 -0.1555200E-01
 -0.6258000E-02 -0.1771900E-01  0.3366000E-01  0.9466200E-01 -0.1064920E+00
 -0.7571110E+00  0.0000000E+00  0.0000000E+00  0.1780400E-01  0.0000000E+00
  0.0000000E+00  0.3782000E-02  0.1035420E+02  0.0000000E+00  0.0000000E+00
  0.4394987E+01  0.0000000E+00  0.0000000E+00 -0.1012100E-01  0.0000000E+00
  0.0000000E+00 -0.5702200E-01  0.0000000E+00  0.0000000E+00  0.2250490E+00
  0.4703400E-01  0.4771300E-01  0.1629000E-02 -0.5200000E-04  0.0000000E+00
  0.0000000E+00  0.6257000E-02  0.1771300E-01 -0.3361500E-01 -0.9480700E-01
  0.1066730E+00  0.7572380E+00  0.0000000E+00  0.0000000E+00  0.1780000E-01
  0.0000000E+00  0.0000000E+00  0.3781000E-02  0.1035415E+02  0.0000000E+00
  0.0000000E+00  0.4395075E+01  0.0000000E+00  0.0000000E+00 -0.1013000E-01
  0.0000000E+00  0.0000000E+00 -0.5692000E-01  0.0000000E+00  0.0000000E+00
  0.2248300E+00 -0.4714500E-01 -0.4782500E-01 -0.1851000E-02  0.5300000E-04
  0.0000000E+00  0.0000000E+00
 -0.3600000E-02 -0.1000300E-01  0.1692000E-01  0.6874300E-01 -0.1258700E+00
  0.1784700E+00 -0.0000000E+00 -0.0000000E+00 -0.7377900E-01 -0.0000000E+00
 -0.0000000E+00 -0.9820000E-02 -0.1910620E+00 -0.0000000E+00 -0.0000000E+00
  0.1211775E+01 -0.0000000E+00 -0.0000000E+00 -0.1749400E-01 -0.0000000E+00
 -0.0000000E+00  0.7098620E+00 -0.0000000E+00 -0.0000000E+00 -0.1530205E+01
 -0.8895100E-01 -0.9091200E-01  0.2860710E+00  0.1540000E-03 -0.0000000E+00
 -0.0000000E+00 -0.3599000E-02 -0.1000100E-01  0.1691400E-01  0.6873700E-01
 -0.1258280E+00  0.1783690E+00 -0.0000000E+00 -0.0000000E+00  0.7380900E-01
 -0.0000000E+00 -0.0000000E+00  0.9827000E-02 -0.1925840E+00 -0.0000000E+00
 -0.0000000E+00 -0.1211270E+01 -0.0000000E+00 -0.0000000E+00  0.1747500E-01
 -0.0000000E+00 -0.0000000E+00 -0.7099730E+00 -0.0000000E+00 -0.0000000E+00
  0.1530636E+01 -0.8894800E-01 -0.9090900E-01  0.2860920E+00  0.1540000E-03
 -0.0000000E+00 -0.0000000E+00
  0.3228000E-02  0.8946000E-02 -0.1491900E-01 -0.6273800E-01  0.3009700E-01
  0.8625850E+00  0.0000000E+00  0.0000000E+00  0.1709650E+00  0.0000000E+00
  0.0000000E+00  0.3431300E-01 -0.1508470E+00  0.0000000E+00  0.0000000E+00
 -0.1118613E+01  0.0000000E+00  0.0000000E+00 -0.9838800E-01  0.0000000E+00
  0.0000000E+00 -0.6858320E+00  0.0000000E+00  0.0000000E+00  0.2449962E+01
 -0.2842500E-01 -0.2688600E-01 -0.5150800E-01 -0.1210000E-03  0.0000000E+00
  0.0000000E+00 -0.3227000E-02 -0.8944000E-02  0.1492000E-01  0.6270400E-01
 -0.3003700E-01 -0.8625920E+00  0.0000000E+00  0.0000000E+00  0.1709540E+00
  0.0000000E+00  0.0000000E+00  0.3431100E-01  0.1508690E+00  0.0000000E+00
  0.0000000E+00 -0.1118419E+01  0.0000000E+00  0.0000000E+00 -0.9838900E-01
  0.0000000E+00  0.0000000E+00 -0.6857320E+00  0.0000000E+00  0.0000000E+00
  0.2449735E+01  0.2842700E-01  0.2688800E-01  0.5143600E-01  0.1210000E-03
  0.0000000E+00  0.0000000E+00
  0.0000000E+00  0.0000000E+00  0.0000000E+00  0.0000000E+00  0.0000000E+00
  0.0000000E+00  0.1672430E+00  0.1120200E-01  0.0000000E+00  0.3179400E-01
  0.2130000E-02  0.0000000E+00  0.0000000E+00 -0.7413410E+00 -0.4965800E-01
  0.0000000E+00 -0.8111500E-01 -0.5432000E-02  0.0000000E+00 -0.7755160E+00
 -0.5194600E-01  0.0000000E+00  0.1373798E+01  0.9201300E-01  0.0000000E+00
  0.0000000E+00  0.0000000E+00  0.0000000E+00  0.0000000E+00  0.4817000E-01
  0.3220000E-02  0.0000000E+00  0.0000000E+00  0.0000000E+00  0.0000000E+00
  0.0000000E+00  0.0000000E+00  0.1672450E+00  0.1120000E-01  0.0000000E+00
  0.3179500E-01  0.2129000E-02  0.0000000E+00  0.0000000E+00 -0.7413570E+00
 -0.4964000E-01  0.0000000E+00 -0.8111600E-01 -0.5431000E-02  0.0000000E+00
 -0.7755250E+00 -0.5193700E-01  0.0000000E+00  0.1373821E+01  0.9198800E-01
  0.0000000E+00  0.0000000E+00  0.0000000E+00  0.0000000E+00  0.0000000E+00
 -0.4816900E-01 -0.3221000E-02
  0.0000000E+00  0.0000000E+00  0.0000000E+00  0.0000000E+00  0.0000000E+00
  0.0000000E+00 -0.1104500E-01  0.1649630E+00  0.0000000E+00 -0.2108000E-02
  0.3148600E-01  0.0000000E+00  0.0000000E+00  0.4962600E-01 -0.7411860E+00
  0.0000000E+00  0.5499000E-02 -0.8210900E-01  0.0000000E+00  0.5123000E-01
 -0.7651630E+00  0.0000000E+00 -0.9198600E-01  0.1373744E+01  0.0000000E+00
  0.0000000E+00  0.0000000E+00  0.0000000E+00  0.0000000E+00 -0.3755000E-02
  0.5597600E-01  0.0000000E+00  0.0000000E+00  0.0000000E+00  0.0000000E+00
  0.0000000E+00  0.0000000E+00 -0.1104600E-01  0.1649660E+00  0.0000000E+00
 -0.2108000E-02  0.3148600E-01  0.0000000E+00  0.0000000E+00  0.4963900E-01
 -0.7412090E+00  0.0000000E+00  0.5500000E-02 -0.8211000E-01  0.0000000E+00
  0.5123700E-01 -0.7651760E+00  0.0000000E+00 -0.9200300E-01  0.1373776E+01
  0.0000000E+00  0.0000000E+00  0.0000000E+00  0.0000000E+00  0.0000000E+00
  0.3754000E-02 -0.5597500E-01
 -0.0000000E+00 -0.0000000E+00 -0.0000000E+00 -0.0000000E+00 -0.0000000E+00
 -0.0000000E+00 -0.2511800E-01  0.1480500E+00 -0.0000000E+00 -0.4722000E-02
  0.2781900E-01 -0.0000000E+00 -0.0000000E+00  0.2481140E+00 -0.1486092E+01
 -0.0000000E+00  0.1187100E-01 -0.7045000E-01 -0.0000000E+00  0.1232370E+00
 -0.7304510E+00 -0.0000000E+00 -0.3221860E+00  0.1927432E+01 -0.0000000E+00
 -0.0000000E+00 -0.0000000E+00 -0.0000000E+00 -0.0000000E+00  0.1439500E-01
 -0.8690600E-01 -0.0000000E+00 -0.0000000E+00 -0.0000000E+00 -0.0000000E+00
 -0.0000000E+00 -0.0000000E+00  0.2511500E-01 -0.1480470E+00 -0.0000000E+00
  0.4722000E-02 -0.2781800E-01 -0.0000000E+00 -0.0000000E+00 -0.2481010E+00
  0.1486078E+01 -0.0000000E+00 -0.1186900E-01  0.7044900E-01 -0.0000000E+00
 -0.1232250E+00  0.7304380E+00 -0.0000000E+00  0.3221630E+00 -0.1927408E+01
 -0.0000000E+00 -0.0000000E+00 -0.0000000E+00 -0.0000000E+00 -0.0000000E+00
  0.1439500E-01 -0.8690600E-01
 -0.0000000E+00 -0.0000000E+00 -0.0000000E+00 -0.0000000E+00 -0.0000000E+00
 -0.0000000E+00  0.1514300E+00  0.2501200E-01 -0.0000000E+00  0.2847900E-01
  0.4702000E-02 -0.0000000E+00 -0.0000000E+00 -0.1479767E+01 -0.2483360E+00
 -0.0000000E+00 -0.7123500E-01 -0.1184600E-01 -0.0000000E+00 -0.7401630E+00
 -0.1229280E+00 -0.0000000E+00  0.1922915E+01  0.3223180E+00 -0.0000000E+00
 -0.0000000E+00 -0.0000000E+00 -0.0000000E+00 -0.0000000E+00 -0.8537700E-01
 -0.1444300E-01 -0.0000000E+00 -0.0000000E+00 -0.0000000E+00 -0.0000000E+00
 -0.0000000E+00 -0.0000000E+00 -0.1514290E+00 -0.2501300E-01 -0.0000000E+00
 -0.2847900E-01 -0.4702000E-02 -0.0000000E+00 -0.0000000E+00  0.1479759E+01
  0.2483400E+00 -0.0000000E+00  0.7123400E-01  0.1184600E-01 -0.0000000E+00
  0.7401550E+00  0.1229320E+00 -0.0000000E+00 -0.1922901E+01 -0.3223250E+00
 -0.0000000E+00 -0.0000000E+00 -0.0000000E+00 -0.0000000E+00 -0.0000000E+00
 -0.8537700E-01 -0.1444300E-01
 -0.1864900E-01 -0.5822900E-01  0.1678740E+00 -0.1489800E-01 -0.7901500E+00
  0.2003134E+01 -0.0000000E+00 -0.0000000E+00 -0.4937400E-01 -0.0000000E+00
 -0.0000000E+00 -0.1108000E-01 -0.6157790E+00 -0.0000000E+00 -0.0000000E+00
 -0.4520900E-01 -0.0000000E+00 -0.0000000E+00  0.6496500E-01 -0.0000000E+00
 -0.0000000E+00  0.1862800E-01 -0.0000000E+00 -0.0000000E+00 -0.1815390E+00
 -0.2179600E+00 -0.2263870E+00 -0.6425050E+00  0.6630000E-03 -0.0000000E+00
 -0.0000000E+00 -0.1865700E-01 -0.5825200E-01  0.1679400E+00 -0.1489500E-01
 -0.7905420E+00  0.2004193E+01 -0.0000000E+00 -0.0000000E+00  0.4935200E-01
 -0.0000000E+00 -0.0000000E+00  0.1107200E-01 -0.6166390E+00 -0.0000000E+00
 -0.0000000E+00  0.4555300E-01 -0.0000000E+00 -0.0000000E+00 -0.6491900E-01
 -0.0000000E+00 -0.0000000E+00 -0.1868000E-01 -0.0000000E+00 -0.0000000E+00
  0.1812560E+00 -0.2180610E+00 -0.2264870E+00 -0.6427260E+00  0.6620000E-03
 -0.0000000E+00 -0.0000000E+00
  0.0000000E+00  0.0000000E+00  0.0000000E+00  0.0000000E+00  0.0000000E+00
  0.0000000E+00  0.1554000E-02 -0.2294100E-01  0.0000000E+00  0.6150000E-03
 -0.9081000E-02  0.0000000E+00  0.0000000E+00  0.1029700E-01 -0.1520250E+00
  0.0000000E+00 -0.3822000E-02  0.5641800E-01  0.0000000E+00  0.7660000E-02
 -0.1130810E+00  0.0000000E+00 -0.1766900E-01  0.2608640E+00  0.0000000E+00
  0.0000000E+00  0.0000000E+00  0.0000000E+00  0.0000000E+00  0.4655300E-01
 -0.6872480E+00  0.0000000E+00  0.0000000E+00  0.0000000E+00  0.0000000E+00
  0.0000000E+00  0.0000000E+00  0.1554000E-02 -0.2294100E-01  0.0000000E+00
  0.6150000E-03 -0.9081000E-02  0.0000000E+00  0.0000000E+00  0.1029700E-01
 -0.1520240E+00  0.0000000E+00 -0.3822000E-02  0.5641900E-01  0.0000000E+00
  0.7660000E-02 -0.1130810E+00  0.0000000E+00 -0.1767000E-01  0.2608630E+00
  0.0000000E+00  0.0000000E+00  0.0000000E+00  0.0000000E+00  0.0000000E+00
 -0.4655300E-01  0.6872490E+00
  0.0000000E+00  0.0000000E+00  0.0000000E+00  0.0000000E+00  0.0000000E+00
  0.0000000E+00 -0.2677100E-01 -0.1813000E-02  0.0000000E+00 -0.9918000E-02
 -0.6720000E-03  0.0000000E+00  0.0000000E+00 -0.1460200E+00 -0.9892000E-02
  0.0000000E+00  0.5916700E-01  0.4008000E-02  0.0000000E+00 -0.1023830E+00
 -0.6936000E-02  0.0000000E+00  0.2490130E+00  0.1686900E-01  0.0000000E+00
  0.0000000E+00  0.0000000E+00  0.0000000E+00  0.0000000E+00 -0.6875020E+00
 -0.4657000E-01  0.0000000E+00  0.0000000E+00  0.0000000E+00  0.0000000E+00
  0.0000000E+00  0.0000000E+00 -0.2677100E-01 -0.1813000E-02  0.0000000E+00
 -0.9918000E-02 -0.6720000E-03  0.0000000E+00  0.0000000E+00 -0.1460190E+00
 -0.9892000E-02  0.0000000E+00  0.5916700E-01  0.4008000E-02  0.0000000E+00
 -0.1023840E+00 -0.6935000E-02  0.0000000E+00  0.2490130E+00  0.1686800E-01
  0.0000000E+00  0.0000000E+00  0.0000000E+00  0.0000000E+00  0.0000000E+00
  0.6875030E+00  0.4657000E-01
  0.1158900E-01  0.3477500E-01 -0.8659800E-01 -0.7827500E-01  0.5001440E+00
 -0.5621910E+00 -0.0000000E+00 -0.0000000E+00 -0.1139520E+00 -0.0000000E+00
 -0.0000000E+00 -0.2301700E-01  0.6808800E-01 -0.0000000E+00 -0.0000000E+00
  0.4119520E+00 -0.0000000E+00 -0.0000000E+00  0.9130400E-01 -0.0000000E+00
 -0.0000000E+00  0.4432020E+00 -0.0000000E+00 -0.0000000E+00 -0.6873480E+00
  0.3185840E+00  0.4374160E+00 -0.4420120E+00 -0.9341000E-02 -0.0000000E+00
 -0.0000000E+00  0.1162000E-01  0.3487000E-01 -0.8686300E-01 -0.7832000E-01
  0.5018650E+00 -0.5667980E+00 -0.0000000E+00 -0.0000000E+00  0.1140390E+00
 -0.0000000E+00 -0.0000000E+00  0.2304800E-01  0.7595500E-01 -0.0000000E+00
 -0.0000000E+00 -0.4151660E+00 -0.0000000E+00 -0.0000000E+00 -0.9149800E-01
 -0.0000000E+00 -0.0000000E+00 -0.4429410E+00 -0.0000000E+00 -0.0000000E+00
  0.6882620E+00  0.3189280E+00  0.4377450E+00 -0.4410440E+00 -0.9340000E-02
 -0.0000000E+00 -0.0000000E+00
  0.1888200E-01  0.5834000E-01 -0.1624040E+00 -0.2347800E-01  0.1044964E+01
 -0.2821711E+01 -0.0000000E+00 -0.0000000E+00 -0.5613000E-01 -0.0000000E+00
 -0.0000000E+00 -0.2044900E-01  0.4823974E+01 -0.0000000E+00 -0.0000000E+00
  0.1979951E+01 -0.0000000E+00 -0.0000000E+00  0.1237840E+00 -0.0000000E+00
 -0.0000000E+00 -0.1559110E+00 -0.0000000E+00 -0.0000000E+00 -0.5763320E+00
  0.2100130E+00  0.1995740E+00  0.6012050E+00  0.8320000E-03 -0.0000000E+00
 -0.0000000E+00 -0.1885600E-01 -0.5826200E-01  0.1622100E+00  0.2330300E-01
 -0.1043757E+01  0.2820067E+01 -0.0000000E+00 -0.0000000E+00 -0.5596000E-01
 -0.0000000E+00 -0.0000000E+00 -0.2041600E-01 -0.4823625E+01 -0.0000000E+00
 -0.0000000E+00  0.1979221E+01 -0.0000000E+00 -0.0000000E+00  0.1236610E+00
 -0.0000000E+00 -0.0000000E+00 -0.1566480E+00 -0.0000000E+00 -0.0000000E+00
 -0.5752410E+00 -0.2094850E+00 -0.1988030E+00 -0.6017220E+00 -0.8330000E-03
 -0.0000000E+00 -0.0000000E+00
 -0.0000000E+00 -0.1000000E-05  0.2000000E-05  0.0000000E+00 -0.1300000E-04
  0.3700000E-04 -0.0000000E+00 -0.0000000E+00  0.1000000E-05 -0.0000000E+00
 -0.0000000E+00  0.0000000E+00 -0.7600000E-04 -0.0000000E+00 -0.0000000E+00
 -0.3100000E-04 -0.0000000E+00 -0.0000000E+00 -0.2000000E-05 -0.0000000E+00
 -0.0000000E+00  0.2000000E-05 -0.0000000E+00 -0.0000000E+00  0.6000000E-05
 -0.8240200E-01  0.8239800E-01 -0.8000000E-05  0.6988850E+00 -0.0000000E+00
 -0.0000000E+00  0.0000000E+00  0.1000000E-05 -0.2000000E-05 -0.0000000E+00
  0.1500000E-04 -0.3900000E-04 -0.0000000E+00 -0.0000000E+00  0.1000000E-05
 -0.0000000E+00 -0.0000000E+00  0.0000000E+00  0.7600000E-04 -0.0000000E+00
 -0.0000000E+00 -0.3200000E-04 -0.0000000E+00 -0.0000000E+00 -0.2000000E-05
 -0.0000000E+00 -0.0000000E+00  0.2000000E-05 -0.0000000E+00 -0.0000000E+00
  0.7000000E-05 -0.8239700E-01  0.8240400E-01  0.8000000E-05  0.6988900E+00
 -0.0000000E+00 -0.0000000E+00
  0.1376000E-02  0.4167000E-02 -0.1073100E-01 -0.7637000E-02  0.5540900E-01
 -0.6871400E-01  0.0000000E+00  0.0000000E+00 -0.1005400E-01  0.0000000E+00
  0.0000000E+00 -0.1988000E-02  0.1121900E-01  0.0000000E+00  0.0000000E+00
  0.4009000E-01  0.0000000E+00  0.0000000E+00  0.7664000E-02  0.0000000E+00
  0.0000000E+00  0.4209600E-01  0.0000000E+00  0.0000000E+00 -0.6503300E-01
  0.6417330E+00 -0.5628870E+00 -0.3929900E-01  0.9468500E-01  0.0000000E+00
  0.0000000E+00  0.1376000E-02  0.4165000E-02 -0.1072500E-01 -0.7637000E-02
  0.5537500E-01 -0.6861800E-01  0.0000000E+00  0.0000000E+00  0.1005200E-01
  0.0000000E+00  0.0000000E+00  0.1987000E-02  0.1105400E-01  0.0000000E+00
  0.0000000E+00 -0.4002100E-01  0.0000000E+00  0.0000000E+00 -0.7659000E-02
  0.0000000E+00  0.0000000E+00 -0.4210000E-01  0.0000000E+00  0.0000000E+00
  0.6501100E-01  0.6417320E+00 -0.5628980E+00 -0.3932100E-01  0.9468600E-01
  0.0000000E+00  0.0000000E+00
 -0.0000000E+00 -0.0000000E+00  0.1000000E-05  0.0000000E+00 -0.4000000E-05
  0.1200000E-04  0.0000000E+00  0.0000000E+00  0.0000000E+00  0.0000000E+00
  0.0000000E+00  0.0000000E+00 -0.3200000E-04  0.0000000E+00  0.0000000E+00
 -0.1300000E-04  0.0000000E+00  0.0000000E+00 -0.0000000E+00  0.0000000E+00
  0.0000000E+00  0.1000000E-05  0.0000000E+00  0.0000000E+00  0.2000000E-05
 -0.8277700E-01  0.8277500E-01 -0.2000000E-05  0.7024220E+00  0.0000000E+00
  0.0000000E+00  0.0000000E+00  0.0000000E+00 -0.1000000E-05 -0.0000000E+00
  0.5000000E-05 -0.1300000E-04  0.0000000E+00  0.0000000E+00  0.0000000E+00
  0.0000000E+00  0.0000000E+00  0.0000000E+00  0.3200000E-04  0.0000000E+00
  0.0000000E+00 -0.1300000E-04  0.0000000E+00  0.0000000E+00 -0.0000000E+00
  0.0000000E+00  0.0000000E+00  0.1000000E-05  0.0000000E+00  0.0000000E+00
  0.2000000E-05  0.8277600E-01 -0.8277400E-01  0.2000000E-05 -0.7024170E+00
  0.0000000E+00  0.0000000E+00
  0.5400000E-04  0.1660000E-03 -0.4590000E-03  0.2980000E-03  0.1055800E-01
 -0.3522400E-01 -0.0000000E+00 -0.0000000E+00 -0.3230000E-03 -0.0000000E+00
 -0.0000000E+00 -0.1060000E-03  0.4316700E-01 -0.0000000E+00 -0.0000000E+00
  0.2023900E-01 -0.0000000E+00 -0.0000000E+00  0.7280000E-03 -0.0000000E+00
 -0.0000000E+00 -0.8000000E-03 -0.0000000E+00 -0.0000000E+00 -0.1291700E-01
 -0.6046090E+00  0.6119550E+00  0.3053000E-02 -0.9557600E-01 -0.0000000E+00
 -0.0000000E+00 -0.5400000E-04 -0.1660000E-03  0.4590000E-03 -0.2990000E-03
 -0.1055500E-01  0.3521800E-01 -0.0000000E+00 -0.0000000E+00 -0.3230000E-03
 -0.0000000E+00 -0.0000000E+00 -0.1060000E-03 -0.4316500E-01 -0.0000000E+00
 -0.0000000E+00  0.2023800E-01 -0.0000000E+00 -0.0000000E+00  0.7280000E-03
 -0.0000000E+00 -0.0000000E+00 -0.8010000E-03 -0.0000000E+00 -0.0000000E+00
 -0.1291600E-01  0.6046050E+00 -0.6119500E+00 -0.3052000E-02  0.9557600E-01
 -0.0000000E+00 -0.0000000E+00
 -0.0000000E+00 -0.0000000E+00 -0.0000000E+00 -0.0000000E+00 -0.0000000E+00
 -0.0000000E+00 -0.6200000E-04  0.9200000E-03 -0.0000000E+00  0.2000000E-03
 -0.2945000E-02 -0.0000000E+00 -0.0000000E+00  0.1833500E-01 -0.2705350E+00
 -0.0000000E+00 -0.1737000E-02  0.2562900E-01 -0.0000000E+00  0.1022600E-01
 -0.1508620E+00 -0.0000000E+00 -0.3090700E-01  0.4559940E+00 -0.0000000E+00
 -0.0000000E+00 -0.0000000E+00 -0.0000000E+00 -0.0000000E+00 -0.4896600E-01
  0.7223910E+00 -0.0000000E+00 -0.0000000E+00 -0.0000000E+00 -0.0000000E+00
 -0.0000000E+00 -0.0000000E+00  0.6200000E-04 -0.9200000E-03 -0.0000000E+00
 -0.2000000E-03  0.2945000E-02 -0.0000000E+00 -0.0000000E+00 -0.1833500E-01
  0.2705350E+00 -0.0000000E+00  0.1737000E-02 -0.2563000E-01 -0.0000000E+00
 -0.1022600E-01  0.1508630E+00 -0.0000000E+00  0.3090700E-01 -0.4559950E+00
 -0.0000000E+00 -0.0000000E+00 -0.0000000E+00 -0.0000000E+00 -0.0000000E+00
 -0.4896600E-01  0.7223910E+00
  0.0000000E+00  0.0000000E+00  0.0000000E+00  0.0000000E+00  0.0000000E+00
  0.0000000E+00  0.1037000E-02  0.7000000E-04  0.0000000E+00 -0.2922000E-02
 -0.1980000E-03  0.0000000E+00  0.0000000E+00 -0.2678240E+00 -0.1815700E-01
  0.0000000E+00  0.2538600E-01  0.1721000E-02  0.0000000E+00 -0.1500140E+00
 -0.1016900E-01  0.0000000E+00  0.4517890E+00  0.3062600E-01  0.0000000E+00
  0.0000000E+00  0.0000000E+00  0.0000000E+00  0.0000000E+00  0.7225870E+00
  0.4897900E-01  0.0000000E+00  0.0000000E+00  0.0000000E+00  0.0000000E+00
  0.0000000E+00  0.0000000E+00 -0.1037000E-02 -0.7000000E-04  0.0000000E+00
  0.2922000E-02  0.1980000E-03  0.0000000E+00  0.0000000E+00  0.2678240E+00
  0.1815700E-01  0.0000000E+00 -0.2538700E-01 -0.1721000E-02  0.0000000E+00
  0.1500150E+00  0.1016900E-01  0.0000000E+00 -0.4517890E+00 -0.3062600E-01
  0.0000000E+00  0.0000000E+00  0.0000000E+00  0.0000000E+00  0.0000000E+00
  0.7225860E+00  0.4897900E-01
 -0.7536000E-02 -0.2431300E-01  0.7808500E-01 -0.4694500E-01 -0.6042650E+00
  0.2133969E+01 -0.0000000E+00 -0.0000000E+00 -0.1496130E+00 -0.0000000E+00
 -0.0000000E+00 -0.4581600E-01 -0.1835216E+01 -0.0000000E+00 -0.0000000E+00
 -0.1073781E+01 -0.0000000E+00 -0.0000000E+00  0.2790460E+00 -0.0000000E+00
 -0.0000000E+00 -0.1437480E+00 -0.0000000E+00 -0.0000000E+00  0.1210810E+01
 -0.5950280E+00 -0.5904240E+00  0.4760990E+00 -0.3620000E-03 -0.0000000E+00
 -0.0000000E+00  0.7535000E-02  0.2431100E-01 -0.7808000E-01  0.4695600E-01
  0.6042150E+00 -0.2133909E+01 -0.0000000E+00 -0.0000000E+00 -0.1496140E+00
 -0.0000000E+00 -0.0000000E+00 -0.4581600E-01  0.1835196E+01 -0.0000000E+00
 -0.0000000E+00 -0.1073769E+01 -0.0000000E+00 -0.0000000E+00  0.2790470E+00
 -0.0000000E+00 -0.0000000E+00 -0.1437410E+00 -0.0000000E+00 -0.0000000E+00
  0.1210801E+01  0.5950270E+00  0.5904230E+00 -0.4761020E+00  0.3620000E-03
 -0.0000000E+00 -0.0000000E+00
 -0.0000000E+00 -0.0000000E+00 -0.0000000E+00 -0.0000000E+00 -0.0000000E+00
 -0.0000000E+00  0.5491600E+00  0.3718200E-01 -0.0000000E+00  0.1804080E+00
  0.1221500E-01 -0.0000000E+00 -0.0000000E+00  0.3187200E+00  0.2158000E-01
 -0.0000000E+00 -0.1378288E+01 -0.9331900E-01 -0.0000000E+00  0.1455257E+01
  0.9853000E-01 -0.0000000E+00 -0.7772880E+00 -0.5262800E-01 -0.0000000E+00
 -0.0000000E+00 -0.0000000E+00 -0.0000000E+00 -0.0000000E+00 -0.3909100E-01
 -0.2647000E-02 -0.0000000E+00 -0.0000000E+00 -0.0000000E+00 -0.0000000E+00
 -0.0000000E+00 -0.0000000E+00  0.5491610E+00  0.3718100E-01 -0.0000000E+00
  0.1804090E+00  0.1221400E-01 -0.0000000E+00 -0.0000000E+00  0.3187210E+00
  0.2157900E-01 -0.0000000E+00 -0.1378291E+01 -0.9331600E-01 -0.0000000E+00
  0.1455260E+01  0.9852700E-01 -0.0000000E+00 -0.7772900E+00 -0.5262600E-01
 -0.0000000E+00 -0.0000000E+00 -0.0000000E+00 -0.0000000E+00 -0.0000000E+00
  0.3909100E-01  0.2647000E-02
 -0.0000000E+00 -0.0000000E+00 -0.0000000E+00 -0.0000000E+00 -0.0000000E+00
 -0.0000000E+00 -0.3709400E-01  0.5478880E+00 -0.0000000E+00 -0.1220900E-01
  0.1803220E+00 -0.0000000E+00 -0.0000000E+00 -0.2162500E-01  0.3194060E+00
 -0.0000000E+00  0.9328200E-01 -0.1377775E+01 -0.0000000E+00 -0.9873100E-01
  0.1458264E+01 -0.0000000E+00  0.5276000E-01 -0.7792770E+00 -0.0000000E+00
 -0.0000000E+00 -0.0000000E+00 -0.0000000E+00 -0.0000000E+00  0.2630000E-02
 -0.3884300E-01 -0.0000000E+00 -0.0000000E+00 -0.0000000E+00 -0.0000000E+00
 -0.0000000E+00 -0.0000000E+00 -0.3709600E-01  0.5478900E+00 -0.0000000E+00
 -0.1220900E-01  0.1803230E+00 -0.0000000E+00 -0.0000000E+00 -0.2162600E-01
  0.3194080E+00 -0.0000000E+00  0.9328400E-01 -0.1377779E+01 -0.0000000E+00
 -0.9873400E-01  0.1458268E+01 -0.0000000E+00  0.5276200E-01 -0.7792800E+00
 -0.0000000E+00 -0.0000000E+00 -0.0000000E+00 -0.0000000E+00 -0.0000000E+00
 -0.2630000E-02  0.3884300E-01
  0.3559000E-02  0.9758000E-02 -0.1445300E-01 -0.9988000E-01  0.1958750E+00
 -0.5156000E-01 -0.0000000E+00 -0.0000000E+00 -0.5499340E+00 -0.0000000E+00
 -0.0000000E+00 -0.1740480E+00  0.7411100E-01 -0.0000000E+00 -0.0000000E+00
 -0.4470290E+00 -0.0000000E+00 -0.0000000E+00  0.1365295E+01 -0.0000000E+00
 -0.0000000E+00 -0.1380209E+01 -0.0000000E+00 -0.0000000E+00  0.8381380E+00
 -0.1513280E+00 -0.1517900E+00  0.7420800E-01  0.3600000E-04 -0.0000000E+00
 -0.0000000E+00  0.3559000E-02  0.9757000E-02 -0.1445400E-01 -0.9987200E-01
  0.1958640E+00 -0.5158100E-01 -0.0000000E+00 -0.0000000E+00  0.5499400E+00
 -0.0000000E+00 -0.0000000E+00  0.1740500E+00  0.7416000E-01 -0.0000000E+00
 -0.0000000E+00  0.4470080E+00 -0.0000000E+00 -0.0000000E+00 -0.1365313E+01
 -0.0000000E+00 -0.0000000E+00  0.1380230E+01 -0.0000000E+00 -0.0000000E+00
 -0.8381390E+00 -0.1513180E+00 -0.1517800E+00  0.7421100E-01  0.3600000E-04
 -0.0000000E+00 -0.0000000E+00
  0.0000000E+00  0.0000000E+00  0.0000000E+00  0.0000000E+00  0.0000000E+00
  0.0000000E+00  0.5481260E+00  0.3705100E-01  0.0000000E+00  0.1796730E+00
  0.1214500E-01  0.0000000E+00  0.0000000E+00  0.6033710E+00  0.4078700E-01
  0.0000000E+00 -0.1407635E+01 -0.9515000E-01  0.0000000E+00  0.1531019E+01
  0.1034900E+00  0.0000000E+00 -0.1044835E+01 -0.7062700E-01  0.0000000E+00
  0.0000000E+00  0.0000000E+00  0.0000000E+00  0.0000000E+00  0.2166400E-01
  0.1464000E-02  0.0000000E+00  0.0000000E+00  0.0000000E+00  0.0000000E+00
  0.0000000E+00  0.0000000E+00 -0.5481250E+00 -0.3705200E-01  0.0000000E+00
 -0.1796730E+00 -0.1214500E-01  0.0000000E+00  0.0000000E+00 -0.6033700E+00
 -0.4078800E-01  0.0000000E+00  0.1407632E+01  0.9515200E-01  0.0000000E+00
 -0.1531016E+01 -0.1034920E+00  0.0000000E+00  0.1044833E+01  0.7062900E-01
  0.0000000E+00  0.0000000E+00  0.0000000E+00  0.0000000E+00  0.0000000E+00
  0.2166400E-01  0.1464000E-02
  0.0000000E+00  0.0000000E+00  0.0000000E+00  0.0000000E+00  0.0000000E+00
  0.0000000E+00 -0.3697100E-01  0.5469390E+00  0.0000000E+00 -0.1214200E-01
  0.1796160E+00  0.0000000E+00  0.0000000E+00 -0.4085700E-01  0.6044560E+00
  0.0000000E+00  0.9511800E-01 -0.1407129E+01  0.0000000E+00 -0.1036700E+00
  0.1533643E+01  0.0000000E+00  0.7076200E-01 -0.1046846E+01  0.0000000E+00
  0.0000000E+00  0.0000000E+00  0.0000000E+00  0.0000000E+00 -0.1476000E-02
  0.2182900E-01  0.0000000E+00  0.0000000E+00  0.0000000E+00  0.0000000E+00
  0.0000000E+00  0.0000000E+00  0.3697000E-01 -0.5469380E+00  0.0000000E+00
  0.1214100E-01 -0.1796150E+00  0.0000000E+00  0.0000000E+00  0.4085700E-01
 -0.6044550E+00  0.0000000E+00 -0.9511500E-01  0.1407126E+01  0.0000000E+00
  0.1036670E+00 -0.1533639E+01  0.0000000E+00 -0.7076100E-01  0.1046844E+01
  0.0000000E+00  0.0000000E+00  0.0000000E+00  0.0000000E+00  0.0000000E+00
 -0.1476000E-02  0.2182900E-01
  0.4247000E-02  0.1107300E-01 -0.9706000E-02 -0.1617480E+00  0.1650770E+00
  0.4376520E+00  0.0000000E+00  0.0000000E+00  0.5280260E+00  0.0000000E+00
  0.0000000E+00  0.1789910E+00 -0.8408060E+00  0.0000000E+00  0.0000000E+00
 -0.1219000E-01  0.0000000E+00  0.0000000E+00 -0.1465506E+01  0.0000000E+00
  0.0000000E+00  0.1808749E+01  0.0000000E+00  0.0000000E+00 -0.8543900E+00
 -0.3328340E+00 -0.3323400E+00  0.1705190E+00 -0.3900000E-04  0.0000000E+00
  0.0000000E+00 -0.4248000E-02 -0.1107500E-01  0.9704000E-02  0.1617930E+00
 -0.1651670E+00 -0.4376690E+00  0.0000000E+00  0.0000000E+00  0.5280210E+00
  0.0000000E+00  0.0000000E+00  0.1789900E+00  0.8408070E+00  0.0000000E+00
  0.0000000E+00 -0.1219800E-01  0.0000000E+00  0.0000000E+00 -0.1465492E+01
  0.0000000E+00  0.0000000E+00  0.1808733E+01  0.0000000E+00  0.0000000E+00
 -0.8543780E+00  0.3328740E+00  0.3323810E+00 -0.1704860E+00  0.3900000E-04
  0.0000000E+00  0.0000000E+00
  0.4098100E-01  0.1054980E+00 -0.7188400E-01 -0.1815244E+01  0.3814252E+01
  0.1275693E+01 -0.0000000E+00 -0.0000000E+00  0.4243700E-01 -0.0000000E+00
 -0.0000000E+00  0.1494100E-01 -0.2654820E+00 -0.0000000E+00 -0.0000000E+00
 -0.3143500E-01 -0.0000000E+00 -0.0000000E+00 -0.1214070E+00 -0.0000000E+00
 -0.0000000E+00  0.8832900E-01 -0.0000000E+00 -0.0000000E+00 -0.4335300E-01
 -0.1798814E+01 -0.1798810E+01 -0.1746236E+01 -0.0000000E+00 -0.0000000E+00
 -0.0000000E+00  0.4098800E-01  0.1055160E+00 -0.7189000E-01 -0.1815589E+01
  0.3814972E+01  0.1275942E+01 -0.0000000E+00 -0.0000000E+00 -0.4241800E-01
 -0.0000000E+00 -0.0000000E+00 -0.1493500E-01 -0.2651680E+00 -0.0000000E+00
 -0.0000000E+00  0.3132000E-01 -0.0000000E+00 -0.0000000E+00  0.1213450E+00
 -0.0000000E+00 -0.0000000E+00 -0.8824600E-01 -0.0000000E+00 -0.0000000E+00
  0.4322200E-01 -0.1799139E+01 -0.1799135E+01 -0.1746574E+01 -0.0000000E+00
 -0.0000000E+00 -0.0000000E+00
  0.4137500E-01  0.1075450E+00 -0.8399700E-01 -0.1837501E+01  0.3767454E+01
  0.1998098E+01 -0.0000000E+00 -0.0000000E+00 -0.5417700E-01 -0.0000000E+00
 -0.0000000E+00 -0.1636300E-01 -0.2027618E+01 -0.0000000E+00 -0.0000000E+00
 -0.9149110E+00 -0.0000000E+00 -0.0000000E+00  0.1788110E+00 -0.0000000E+00
 -0.0000000E+00 -0.2110730E+00 -0.0000000E+00 -0.0000000E+00  0.5742810E+00
 -0.1858996E+01 -0.1859037E+01 -0.1878311E+01  0.3000000E-05 -0.0000000E+00
 -0.0000000E+00 -0.4136700E-01 -0.1075250E+00  0.8397100E-01  0.1837199E+01
 -0.3766799E+01 -0.1997858E+01 -0.0000000E+00 -0.0000000E+00 -0.5418500E-01
 -0.0000000E+00 -0.0000000E+00 -0.1636500E-01  0.2027565E+01 -0.0000000E+00
 -0.0000000E+00 -0.9149030E+00 -0.0000000E+00 -0.0000000E+00  0.1788350E+00
 -0.0000000E+00 -0.0000000E+00 -0.2110930E+00 -0.0000000E+00 -0.0000000E+00
  0.5742940E+00  0.1858681E+01  0.1858722E+01  0.1878002E+01 -0.3000000E-05
 -0.0000000E+00 -0.0000000E+00
 -0.8544200E-01 -0.3617870E+00  0.2458171E+01 -0.4523849E+01  0.4887830E+01
  0.5063820E+00 -0.0000000E+00 -0.0000000E+00  0.4530000E-03 -0.0000000E+00
 -0.0000000E+00 -0.2630000E-02 -0.1061420E+00 -0.0000000E+00 -0.0000000E+00
 -0.2320600E-01 -0.0000000E+00 -0.0000000E+00 -0.1662400E-01 -0.0000000E+00
 -0.0000000E+00  0.5834000E-02 -0.0000000E+00 -0.0000000E+00  0.2780000E-03
 -0.1621475E+01 -0.1621717E+01 -0.1602853E+01  0.1900000E-04 -0.0000000E+00
 -0.0000000E+00 -0.8546800E-01 -0.3618980E+00  0.2458925E+01 -0.4525251E+01
  0.4889351E+01  0.5066150E+00 -0.0000000E+00 -0.0000000E+00 -0.4560000E-03
 -0.0000000E+00 -0.0000000E+00  0.2625000E-02 -0.1062630E+00 -0.0000000E+00
 -0.0000000E+00  0.2326200E-01 -0.0000000E+00 -0.0000000E+00  0.1661500E-01
 -0.0000000E+00 -0.0000000E+00 -0.5818000E-02 -0.0000000E+00 -0.0000000E+00
 -0.3480000E-03 -0.1621989E+01 -0.1622231E+01 -0.1603368E+01  0.1900000E-04
 -0.0000000E+00 -0.0000000E+00
 -0.8533900E-01 -0.3621740E+00  0.2485942E+01 -0.4663022E+01  0.5075332E+01
  0.8683570E+00 -0.0000000E+00 -0.0000000E+00  0.7041000E-02 -0.0000000E+00
 -0.0000000E+00  0.1306000E-01 -0.9125540E+00 -0.0000000E+00 -0.0000000E+00
 -0.4028640E+00 -0.0000000E+00 -0.0000000E+00  0.2720400E-01 -0.0000000E+00
 -0.0000000E+00 -0.4190300E-01 -0.0000000E+00 -0.0000000E+00  0.2250500E+00
 -0.1737486E+01 -0.1737740E+01 -0.1738787E+01  0.2000000E-04 -0.0000000E+00
 -0.0000000E+00  0.8531300E-01  0.3620650E+00 -0.2485197E+01  0.4661642E+01
 -0.5073833E+01 -0.8681960E+00 -0.0000000E+00 -0.0000000E+00  0.7041000E-02
 -0.0000000E+00 -0.0000000E+00  0.1306100E-01  0.9125200E+00 -0.0000000E+00
 -0.0000000E+00 -0.4028570E+00 -0.0000000E+00 -0.0000000E+00  0.2721000E-01
 -0.0000000E+00 -0.0000000E+00 -0.4190600E-01 -0.0000000E+00 -0.0000000E+00
  0.2250510E+00  0.1736986E+01  0.1737241E+01  0.1738293E+01 -0.2000000E-04
 -0.0000000E+00 -0.0000000E+00
  0.0000000E+00  0.0000000E+00  0.0000000E+00  0.0000000E+00  0.0000000E+00
  0.0000000E+00  0.2392235E+01  0.1621930E+00  0.0000000E+00  0.2418852E+01
  0.1639970E+00  0.0000000E+00  0.0000000E+00  0.1497390E+00  0.1015200E-01
  0.0000000E+00 -0.1682541E+01 -0.1140760E+00  0.0000000E+00  0.8527920E+00
  0.5781900E-01  0.0000000E+00 -0.3657680E+00 -0.2479900E-01  0.0000000E+00
  0.0000000E+00  0.0000000E+00  0.0000000E+00  0.0000000E+00 -0.9902000E-02
 -0.6710000E-03  0.0000000E+00  0.0000000E+00  0.0000000E+00  0.0000000E+00
  0.0000000E+00  0.0000000E+00  0.2392236E+01  0.1621920E+00  0.0000000E+00
  0.2418852E+01  0.1639970E+00  0.0000000E+00  0.0000000E+00  0.1497390E+00
  0.1015200E-01  0.0000000E+00 -0.1682542E+01 -0.1140750E+00  0.0000000E+00
  0.8527930E+00  0.5781900E-01  0.0000000E+00 -0.3657680E+00 -0.2479900E-01
  0.0000000E+00  0.0000000E+00  0.0000000E+00  0.0000000E+00  0.0000000E+00
  0.9902000E-02  0.6710000E-03
  0.0000000E+00  0.0000000E+00  0.0000000E+00  0.0000000E+00  0.0000000E+00
  0.0000000E+00 -0.1621870E+00  0.2392164E+01  0.0000000E+00 -0.1639950E+00
  0.2418830E+01  0.0000000E+00  0.0000000E+00 -0.1015000E-01  0.1497100E+00
  0.0000000E+00  0.1140620E+00 -0.1682347E+01  0.0000000E+00 -0.5781400E-01
  0.8527190E+00  0.0000000E+00  0.2479500E-01 -0.3657130E+00  0.0000000E+00
  0.0000000E+00  0.0000000E+00  0.0000000E+00  0.0000000E+00  0.6710000E-03
 -0.9903000E-02  0.0000000E+00  0.0000000E+00  0.0000000E+00  0.0000000E+00
  0.0000000E+00  0.0000000E+00 -0.1621880E+00  0.2392165E+01  0.0000000E+00
 -0.1639960E+00  0.2418831E+01  0.0000000E+00  0.0000000E+00 -0.1015000E-01
  0.1497100E+00  0.0000000E+00  0.1140630E+00 -0.1682347E+01  0.0000000E+00
 -0.5781400E-01  0.8527200E+00  0.0000000E+00  0.2479500E-01 -0.3657130E+00
  0.0000000E+00  0.0000000E+00  0.0000000E+00  0.0000000E+00  0.0000000E+00
 -0.6710000E-03  0.9903000E-02
  0.0000000E+00  0.0000000E+00  0.0000000E+00  0.0000000E+00  0.0000000E+00
  0.0000000E+00  0.2411826E+01  0.1635150E+00  0.0000000E+00  0.2433400E+01
  0.1649780E+00  0.0000000E+00  0.0000000E+00  0.2901160E+00  0.1966900E-01
  0.0000000E+00 -0.1723497E+01 -0.1168480E+00  0.0000000E+00  0.9123720E+00
  0.6185600E-01  0.0000000E+00 -0.5009920E+00 -0.3396600E-01  0.0000000E+00
  0.0000000E+00  0.0000000E+00  0.0000000E+00  0.0000000E+00  0.7609000E-02
  0.5160000E-03  0.0000000E+00  0.0000000E+00  0.0000000E+00  0.0000000E+00
  0.0000000E+00  0.0000000E+00 -0.2411825E+01 -0.1635160E+00  0.0000000E+00
 -0.2433399E+01 -0.1649780E+00  0.0000000E+00  0.0000000E+00 -0.2901160E+00
 -0.1966900E-01  0.0000000E+00  0.1723497E+01  0.1168490E+00  0.0000000E+00
 -0.9123720E+00 -0.6185600E-01  0.0000000E+00  0.5009920E+00  0.3396600E-01
  0.0000000E+00  0.0000000E+00  0.0000000E+00  0.0000000E+00  0.0000000E+00
  0.7609000E-02  0.5160000E-03
 -0.0000000E+00 -0.0000000E+00 -0.0000000E+00 -0.0000000E+00 -0.0000000E+00
 -0.0000000E+00 -0.1635100E+00  0.2411750E+01 -0.0000000E+00 -0.1649770E+00
  0.2433377E+01 -0.0000000E+00 -0.0000000E+00 -0.1966500E-01  0.2900610E+00
 -0.0000000E+00  0.1168350E+00 -0.1723290E+01 -0.0000000E+00 -0.6185000E-01
  0.9122740E+00 -0.0000000E+00  0.3396000E-01 -0.5009080E+00 -0.0000000E+00
 -0.0000000E+00 -0.0000000E+00 -0.0000000E+00 -0.0000000E+00 -0.5150000E-03
  0.7599000E-02 -0.0000000E+00 -0.0000000E+00 -0.0000000E+00 -0.0000000E+00
 -0.0000000E+00 -0.0000000E+00  0.1635100E+00 -0.2411749E+01 -0.0000000E+00
  0.1649760E+00 -0.2433376E+01 -0.0000000E+00 -0.0000000E+00  0.1966500E-01
 -0.2900610E+00 -0.0000000E+00 -0.1168340E+00  0.1723289E+01 -0.0000000E+00
  0.6185000E-01 -0.9122730E+00 -0.0000000E+00 -0.3396000E-01  0.5009080E+00
 -0.0000000E+00 -0.0000000E+00 -0.0000000E+00 -0.0000000E+00 -0.0000000E+00
 -0.5150000E-03  0.7599000E-02
  0.1117000E-02  0.4449000E-02 -0.4192300E-01  0.1199970E+00 -0.2157260E+00
 -0.3514400E-01  0.0000000E+00  0.0000000E+00  0.2433618E+01  0.0000000E+00
  0.0000000E+00  0.2450046E+01 -0.2166220E+00  0.0000000E+00  0.0000000E+00
  0.9949200E-01  0.0000000E+00  0.0000000E+00 -0.1793541E+01  0.0000000E+00
  0.0000000E+00  0.1067295E+01  0.0000000E+00  0.0000000E+00 -0.5262850E+00
  0.3503800E-01  0.3503400E-01  0.1686220E+00  0.0000000E+00  0.0000000E+00
  0.0000000E+00 -0.1117000E-02 -0.4449000E-02  0.4192400E-01 -0.1200000E+00
  0.2157290E+00  0.3514500E-01  0.0000000E+00  0.0000000E+00  0.2433628E+01
  0.0000000E+00  0.0000000E+00  0.2450056E+01  0.2166220E+00  0.0000000E+00
  0.0000000E+00  0.9949300E-01  0.0000000E+00  0.0000000E+00 -0.1793548E+01
  0.0000000E+00  0.0000000E+00  0.1067299E+01  0.0000000E+00  0.0000000E+00
 -0.5262870E+00 -0.3503900E-01 -0.3503500E-01 -0.1686230E+00 -0.0000000E+00
  0.0000000E+00  0.0000000E+00
 -0.4210000E-03 -0.1751000E-02  0.1779000E-01 -0.5979200E-01  0.1003950E+00
  0.8833700E-01  0.0000000E+00  0.0000000E+00  0.2441049E+01  0.0000000E+00
  0.0000000E+00  0.2458059E+01 -0.4986700E-01  0.0000000E+00  0.0000000E+00
  0.2203200E+00  0.0000000E+00  0.0000000E+00 -0.1736730E+01  0.0000000E+00
  0.0000000E+00  0.8619840E+00  0.0000000E+00  0.0000000E+00 -0.4149670E+00
 -0.3032400E-01 -0.3032600E-01 -0.1011230E+00  0.0000000E+00  0.0000000E+00
  0.0000000E+00 -0.4210000E-03 -0.1751000E-02  0.1778900E-01 -0.5979000E-01
  0.1003940E+00  0.8833400E-01  0.0000000E+00  0.0000000E+00 -0.2441039E+01
  0.0000000E+00  0.0000000E+00 -0.2458049E+01 -0.4985300E-01  0.0000000E+00
  0.0000000E+00 -0.2203250E+00  0.0000000E+00  0.0000000E+00  0.1736722E+01
  0.0000000E+00  0.0000000E+00 -0.8619800E+00  0.0000000E+00  0.0000000E+00
  0.4149650E+00 -0.3032200E-01 -0.3032400E-01 -0.1011220E+00  0.0000000E+00
  0.0000000E+00  0.0000000E+00
 -0.1101746E+01  0.1408504E+01 -0.1331251E+01  0.1479386E+01 -0.1344812E+01
 -0.1348390E+00 -0.0000000E+00 -0.0000000E+00 -0.4019000E-02 -0.0000000E+00
 -0.0000000E+00 -0.3276000E-02  0.2925900E-01 -0.0000000E+00 -0.0000000E+00
  0.6513000E-02 -0.0000000E+00 -0.0000000E+00  0.6882000E-02 -0.0000000E+00
 -0.0000000E+00 -0.2140000E-02 -0.0000000E+00 -0.0000000E+00  0.2900000E-04
  0.4375960E+00  0.4375990E+00  0.4336050E+00 -0.0000000E+00 -0.0000000E+00
 -0.0000000E+00 -0.1101781E+01  0.1408549E+01 -0.1331293E+01  0.1479434E+01
 -0.1344855E+01 -0.1348460E+00 -0.0000000E+00 -0.0000000E+00  0.4018000E-02
 -0.0000000E+00 -0.0000000E+00  0.3275000E-02  0.2926400E-01 -0.0000000E+00
 -0.0000000E+00 -0.6515000E-02 -0.0000000E+00 -0.0000000E+00 -0.6882000E-02
 -0.0000000E+00 -0.0000000E+00  0.2139000E-02 -0.0000000E+00 -0.0000000E+00
 -0.2700000E-04  0.4376110E+00  0.4376140E+00  0.4336190E+00 -0.0000000E+00
 -0.0000000E+00 -0.0000000E+00
 -0.1102259E+01  0.1410829E+01 -0.1346094E+01  0.1524117E+01 -0.1397129E+01
 -0.2303980E+00  0.0000000E+00  0.0000000E+00  0.8320000E-02  0.0000000E+00
  0.0000000E+00  0.6942000E-02  0.2499250E+00  0.0000000E+00  0.0000000E+00
  0.1114580E+00  0.0000000E+00  0.0000000E+00 -0.1377500E-01  0.0000000E+00
  0.0000000E+00  0.1392200E-01  0.0000000E+00  0.0000000E+00 -0.6324900E-01
  0.4683550E+00  0.4683580E+00  0.4678480E+00 -0.0000000E+00  0.0000000E+00
  0.0000000E+00  0.1102225E+01 -0.1410785E+01  0.1346052E+01 -0.1524070E+01
  0.1397086E+01  0.2303930E+00  0.0000000E+00  0.0000000E+00  0.8320000E-02
  0.0000000E+00  0.0000000E+00  0.6943000E-02 -0.2499240E+00  0.0000000E+00
  0.0000000E+00  0.1114580E+00  0.0000000E+00  0.0000000E+00 -0.1377500E-01
  0.0000000E+00  0.0000000E+00  0.1392300E-01  0.0000000E+00  0.0000000E+00
 -0.6324900E-01 -0.4683410E+00 -0.4683440E+00 -0.4678340E+00  0.0000000E+00
  0.0000000E+00  0.0000000E+00
