 -0.2368700E+00 -0.3762870E+00 -0.9347000E-02  0.4199000E-02 -0.3411000E-02
 -0.5670000E-03 -0.0000000E+00 -0.0000000E+00 -0.4000000E-05 -0.0000000E+00
 -0.0000000E+00  0.5000000E-05  0.6810000E-03 -0.0000000E+00 -0.0000000E+00
  0.3050000E-03 -0.0000000E+00 -0.0000000E+00 -0.2300000E-04 -0.0000000E+00
 -0.0000000E+00  0.2700000E-04 -0.0000000E+00 -0.0000000E+00 -0.1680000E-03
  0.1132000E-02  0.1132000E-02  0.1130000E-02 -0.0000000E+00 -0.0000000E+00
 -0.0000000E+00  0.3366400E+00  0.5347820E+00  0.1327000E-01 -0.5921000E-02
  0.4796000E-02  0.6960000E-03 -0.0000000E+00 -0.0000000E+00 -0.1700000E-04
 -0.0000000E+00 -0.0000000E+00 -0.3000000E-05 -0.7090000E-03 -0.0000000E+00
 -0.0000000E+00  0.3100000E-03 -0.0000000E+00 -0.0000000E+00 -0.1200000E-04
 -0.0000000E+00 -0.0000000E+00  0.2200000E-04 -0.0000000E+00 -0.0000000E+00
 -0.1670000E-03 -0.1576000E-02 -0.1576000E-02 -0.1571000E-02  0.0000000E+00
 -0.0000000E+00 -0.0000000E+00
  0.3366390E+00  0.5347860E+00  0.1324200E-01 -0.5832000E-02  0.4693000E-02
  0.4820000E-03 -0.0000000E+00 -0.0000000E+00  0.4000000E-04 -0.0000000E+00
 -0.0000000E+00  0.2100000E-04 -0.2030000E-03 -0.0000000E+00 -0.0000000E+00
 -0.6900000E-04 -0.0000000E+00 -0.0000000E+00 -0.3100000E-04 -0.0000000E+00
 -0.0000000E+00  0.1000000E-04 -0.0000000E+00 -0.0000000E+00  0.2500000E-04
 -0.1511000E-02 -0.1511000E-02 -0.1501000E-02  0.0000000E+00 -0.0000000E+00
 -0.0000000E+00  0.2368690E+00  0.3762930E+00  0.9307000E-02 -0.4071000E-02
  0.3265000E-02  0.2620000E-03 -0.0000000E+00 -0.0000000E+00 -0.3700000E-04
 -0.0000000E+00 -0.0000000E+00 -0.2100000E-04  0.3900000E-04 -0.0000000E+00
 -0.0000000E+00 -0.3800000E-04 -0.0000000E+00 -0.0000000E+00  0.3700000E-04
 -0.0000000E+00 -0.0000000E+00 -0.1900000E-04 -0.0000000E+00 -0.0000000E+00
  0.3300000E-04 -0.1040000E-02 -0.1040000E-02 -0.1031000E-02  0.0000000E+00
 -0.0000000E+00 -0.0000000E+00
 -0.8543900E-01 -0.2297430E+00  0.3529850E+00  0.4154360E+00  0.5898900E-01
 -0.5159000E-02  0.0000000E+00  0.0000000E+00  0.3105000E-02  0.0000000E+00
  0.0000000E+00  0.7870000E-03  0.9420000E-03  0.0000000E+00  0.0000000E+00
  0.1810000E-03  0.0000000E+00  0.0000000E+00  0.5800000E-03  0.0000000E+00
  0.0000000E+00 -0.1210000E-03  0.0000000E+00  0.0000000E+00  0.3800000E-04
 -0.8530000E-02 -0.8982000E-02 -0.8557000E-02  0.3600000E-04  0.0000000E+00
  0.0000000E+00 -0.8678900E-01 -0.2333720E+00  0.3585590E+00  0.4220100E+00
  0.5991000E-01 -0.5279000E-02  0.0000000E+00  0.0000000E+00 -0.3157000E-02
  0.0000000E+00  0.0000000E+00 -0.8020000E-03  0.1064000E-02  0.0000000E+00
  0.0000000E+00 -0.2340000E-03  0.0000000E+00  0.0000000E+00 -0.5820000E-03
  0.0000000E+00  0.0000000E+00  0.1150000E-03  0.0000000E+00  0.0000000E+00
 -0.1000000E-04 -0.8656000E-02 -0.9116000E-02 -0.8682000E-02  0.3600000E-04
  0.0000000E+00  0.0000000E+00
 -0.8679000E-01 -0.2333560E+00  0.3583690E+00  0.4227380E+00  0.5910800E-01
 -0.7769000E-02 -0.0000000E+00 -0.0000000E+00  0.3340000E-02 -0.0000000E+00
 -0.0000000E+00  0.9350000E-03  0.7660000E-02 -0.0000000E+00 -0.0000000E+00
  0.3331000E-02 -0.0000000E+00 -0.0000000E+00  0.1200000E-03 -0.0000000E+00
 -0.0000000E+00  0.3270000E-03 -0.0000000E+00 -0.0000000E+00 -0.1754000E-02
 -0.8066000E-02 -0.8529000E-02 -0.7971000E-02  0.3600000E-04 -0.0000000E+00
 -0.0000000E+00  0.8544000E-01  0.2297270E+00 -0.3527910E+00 -0.4161770E+00
 -0.5817300E-01  0.7688000E-02 -0.0000000E+00 -0.0000000E+00  0.3291000E-02
 -0.0000000E+00 -0.0000000E+00  0.9230000E-03 -0.7644000E-02 -0.0000000E+00
 -0.0000000E+00  0.3328000E-02 -0.0000000E+00 -0.0000000E+00  0.1110000E-03
 -0.0000000E+00 -0.0000000E+00  0.3280000E-03 -0.0000000E+00 -0.0000000E+00
 -0.1754000E-02  0.7930000E-02  0.8386000E-02  0.7835000E-02 -0.3600000E-04
 -0.0000000E+00 -0.0000000E+00
 -0.3390000E-03 -0.9080000E-03  0.1267000E-02  0.2238000E-02 -0.7330000E-03
  0.6000000E-05  0.0000000E+00  0.0000000E+00 -0.8719600E+00  0.0000000E+00
  0.0000000E+00 -0.2356950E+00  0.1100000E-04  0.0000000E+00  0.0000000E+00
 -0.9200000E-04  0.0000000E+00  0.0000000E+00 -0.3749800E-01  0.0000000E+00
  0.0000000E+00  0.5410000E-03  0.0000000E+00  0.0000000E+00  0.4500000E-04
  0.3220000E-03  0.3000000E-03 -0.1630000E-03  0.2000000E-05  0.0000000E+00
  0.0000000E+00 -0.3390000E-03 -0.9080000E-03  0.1268000E-02  0.2239000E-02
 -0.7340000E-03  0.6000000E-05 -0.0000000E+00  0.0000000E+00  0.8722760E+00
  0.0000000E+00  0.0000000E+00  0.2357800E+00  0.8000000E-05  0.0000000E+00
  0.0000000E+00  0.9300000E-04  0.0000000E+00  0.0000000E+00  0.3751100E-01
  0.0000000E+00  0.0000000E+00 -0.5410000E-03  0.0000000E+00  0.0000000E+00
 -0.4500000E-04  0.3230000E-03  0.3000000E-03 -0.1630000E-03  0.2000000E-05
  0.0000000E+00  0.0000000E+00
  0.3320000E-03  0.8970000E-03 -0.1317000E-02 -0.1939000E-02  0.1560000E-03
  0.2870000E-03  0.0000000E+00  0.0000000E+00  0.8725360E+00  0.0000000E+00
  0.0000000E+00  0.2359330E+00 -0.3510000E-03  0.0000000E+00  0.0000000E+00
 -0.5200000E-04  0.0000000E+00  0.0000000E+00  0.3707600E-01  0.0000000E+00
  0.0000000E+00 -0.1060000E-03  0.0000000E+00  0.0000000E+00 -0.1250000E-03
 -0.2820000E-03 -0.2590000E-03  0.3890000E-03 -0.2000000E-05  0.0000000E+00
  0.0000000E+00 -0.3320000E-03 -0.8970000E-03  0.1317000E-02  0.1938000E-02
 -0.1560000E-03 -0.2870000E-03  0.0000000E+00  0.0000000E+00  0.8722200E+00
  0.0000000E+00  0.0000000E+00  0.2358470E+00  0.3510000E-03  0.0000000E+00
  0.0000000E+00 -0.5200000E-04  0.0000000E+00  0.0000000E+00  0.3706300E-01
  0.0000000E+00  0.0000000E+00 -0.1060000E-03  0.0000000E+00  0.0000000E+00
 -0.1250000E-03  0.2820000E-03  0.2590000E-03 -0.3890000E-03  0.2000000E-05
  0.0000000E+00  0.0000000E+00
 -0.0000000E+00 -0.0000000E+00 -0.0000000E+00 -0.0000000E+00 -0.0000000E+00
 -0.0000000E+00  0.5816150E+00  0.3940500E-01 -0.0000000E+00  0.1572230E+00
  0.1065200E-01 -0.0000000E+00 -0.0000000E+00  0.3300000E-04  0.2000000E-05
 -0.0000000E+00  0.2489800E-01  0.1687000E-02 -0.0000000E+00 -0.3260000E-03
 -0.2200000E-04 -0.0000000E+00 -0.5200000E-04 -0.4000000E-05 -0.0000000E+00
 -0.0000000E+00 -0.0000000E+00 -0.0000000E+00 -0.0000000E+00  0.1860000E-03
  0.1300000E-04 -0.0000000E+00 -0.0000000E+00 -0.0000000E+00 -0.0000000E+00
 -0.0000000E+00 -0.0000000E+00  0.1084633E+01  0.7348500E-01 -0.0000000E+00
  0.2932080E+00  0.1986500E-01 -0.0000000E+00 -0.0000000E+00  0.1040000E-03
  0.7000000E-05 -0.0000000E+00  0.4640200E-01  0.3144000E-02 -0.0000000E+00
 -0.5990000E-03 -0.4100000E-04 -0.0000000E+00 -0.1090000E-03 -0.7000000E-05
 -0.0000000E+00 -0.0000000E+00 -0.0000000E+00 -0.0000000E+00 -0.0000000E+00
 -0.3430000E-03 -0.2300000E-04
 -0.0000000E+00 -0.0000000E+00 -0.0000000E+00 -0.0000000E+00 -0.0000000E+00
 -0.0000000E+00  0.1084651E+01  0.7348600E-01 -0.0000000E+00  0.2932190E+00
  0.1986600E-01 -0.0000000E+00 -0.0000000E+00  0.1390000E-03  0.9000000E-05
 -0.0000000E+00  0.4637900E-01  0.3142000E-02 -0.0000000E+00 -0.5920000E-03
 -0.4000000E-04 -0.0000000E+00 -0.1190000E-03 -0.8000000E-05 -0.0000000E+00
 -0.0000000E+00 -0.0000000E+00 -0.0000000E+00 -0.0000000E+00  0.3390000E-03
  0.2300000E-04 -0.0000000E+00 -0.0000000E+00 -0.0000000E+00 -0.0000000E+00
 -0.0000000E+00 -0.0000000E+00 -0.5816480E+00 -0.3940700E-01 -0.0000000E+00
 -0.1572440E+00 -0.1065300E-01 -0.0000000E+00 -0.0000000E+00 -0.9700000E-04
 -0.7000000E-05 -0.0000000E+00 -0.2485500E-01 -0.1684000E-02 -0.0000000E+00
  0.3130000E-03  0.2100000E-04 -0.0000000E+00  0.7000000E-04  0.5000000E-05
 -0.0000000E+00 -0.0000000E+00 -0.0000000E+00 -0.0000000E+00 -0.0000000E+00
  0.1790000E-03  0.1200000E-04
  0.0000000E+00  0.0000000E+00  0.0000000E+00  0.0000000E+00  0.0000000E+00
  0.0000000E+00 -0.5397200E-01  0.7966300E+00  0.0000000E+00 -0.1458700E-01
  0.2153000E+00  0.0000000E+00  0.0000000E+00 -0.5000000E-05  0.8000000E-04
  0.0000000E+00 -0.2277000E-02  0.3360600E-01  0.0000000E+00  0.2300000E-04
 -0.3410000E-03  0.0000000E+00  0.8000000E-05 -0.1240000E-03  0.0000000E+00
  0.0000000E+00  0.0000000E+00  0.0000000E+00  0.0000000E+00 -0.1800000E-04
  0.2720000E-03  0.0000000E+00  0.0000000E+00  0.0000000E+00  0.0000000E+00
  0.0000000E+00  0.0000000E+00 -0.6359100E-01  0.9386020E+00  0.0000000E+00
 -0.1718600E-01  0.2536710E+00  0.0000000E+00  0.0000000E+00 -0.7000000E-05
  0.1070000E-03  0.0000000E+00 -0.2682000E-02  0.3958800E-01  0.0000000E+00
  0.2700000E-04 -0.4000000E-03  0.0000000E+00  0.1000000E-04 -0.1510000E-03
  0.0000000E+00  0.0000000E+00  0.0000000E+00  0.0000000E+00  0.0000000E+00
  0.2200000E-04 -0.3200000E-03
  0.0000000E+00  0.0000000E+00  0.0000000E+00  0.0000000E+00  0.0000000E+00
  0.0000000E+00 -0.6359200E-01  0.9386260E+00  0.0000000E+00 -0.1718700E-01
  0.2536860E+00  0.0000000E+00  0.0000000E+00 -0.1200000E-04  0.1720000E-03
  0.0000000E+00 -0.2680000E-02  0.3955700E-01  0.0000000E+00  0.2600000E-04
 -0.3900000E-03  0.0000000E+00  0.1200000E-04 -0.1770000E-03  0.0000000E+00
  0.0000000E+00  0.0000000E+00  0.0000000E+00  0.0000000E+00 -0.2100000E-04
  0.3150000E-03  0.0000000E+00  0.0000000E+00  0.0000000E+00  0.0000000E+00
  0.0000000E+00  0.0000000E+00  0.5397400E-01 -0.7966590E+00  0.0000000E+00
  0.1458800E-01 -0.2153170E+00  0.0000000E+00  0.0000000E+00  0.1100000E-04
 -0.1570000E-03  0.0000000E+00  0.2274000E-02 -0.3356900E-01  0.0000000E+00
 -0.2200000E-04  0.3300000E-03  0.0000000E+00 -0.1000000E-04  0.1550000E-03
  0.0000000E+00  0.0000000E+00  0.0000000E+00  0.0000000E+00  0.0000000E+00
 -0.1800000E-04  0.2670000E-03
  0.2574500E-01  0.7398800E-01 -0.1528660E+00 -0.2585200E+00  0.4015570E+00
  0.3169040E+00 -0.0000000E+00 -0.0000000E+00 -0.6465900E-01 -0.0000000E+00
 -0.0000000E+00 -0.1648700E-01 -0.8946000E-02 -0.0000000E+00 -0.0000000E+00
 -0.2239000E-02 -0.0000000E+00 -0.0000000E+00  0.4245900E-01 -0.0000000E+00
 -0.0000000E+00  0.9854900E-01 -0.0000000E+00 -0.0000000E+00  0.4280000E-02
  0.1168000E-01 -0.2384000E-02  0.4939500E-01  0.1105000E-02 -0.0000000E+00
 -0.0000000E+00  0.2574500E-01  0.7398800E-01 -0.1528670E+00 -0.2585230E+00
  0.4015630E+00  0.3168980E+00 -0.0000000E+00 -0.0000000E+00  0.6465900E-01
 -0.0000000E+00 -0.0000000E+00  0.1648800E-01 -0.8827000E-02 -0.0000000E+00
 -0.0000000E+00  0.2187000E-02 -0.0000000E+00 -0.0000000E+00 -0.4246000E-01
 -0.0000000E+00 -0.0000000E+00 -0.9854800E-01 -0.0000000E+00 -0.0000000E+00
 -0.4284000E-02  0.1168000E-01 -0.2385000E-02  0.4939500E-01  0.1105000E-02
 -0.0000000E+00 -0.0000000E+00
 -0.2832400E-01 -0.8135800E-01  0.1675430E+00  0.2973680E+00 -0.4673790E+00
 -0.4347870E+00  0.0000000E+00  0.0000000E+00 -0.3264300E-01  0.0000000E+00
  0.0000000E+00 -0.8261000E-02  0.5915900E-01  0.0000000E+00  0.0000000E+00
  0.3180400E-01  0.0000000E+00  0.0000000E+00  0.2201600E-01  0.0000000E+00
  0.0000000E+00  0.3862700E-01  0.0000000E+00  0.0000000E+00 -0.9758000E-02
 -0.2245200E-01 -0.4892000E-02 -0.2324000E-02 -0.1380000E-02  0.0000000E+00
  0.0000000E+00  0.2832300E-01  0.8135700E-01 -0.1675410E+00 -0.2973710E+00
  0.4673830E+00  0.4347910E+00  0.0000000E+00  0.0000000E+00 -0.3264400E-01
  0.0000000E+00  0.0000000E+00 -0.8261000E-02 -0.5916200E-01  0.0000000E+00
  0.0000000E+00  0.3180500E-01  0.0000000E+00  0.0000000E+00  0.2201600E-01
  0.0000000E+00  0.0000000E+00  0.3862700E-01  0.0000000E+00  0.0000000E+00
 -0.9758000E-02  0.2244900E-01  0.4889000E-02  0.2320000E-02  0.1380000E-02
  0.0000000E+00  0.0000000E+00
 -0.7777000E-02 -0.2228600E-01  0.4527900E-01  0.8990300E-01 -0.1394160E+00
 -0.1697870E+00  0.0000000E+00  0.0000000E+00 -0.2502210E+00  0.0000000E+00
  0.0000000E+00 -0.6213500E-01 -0.2215200E-01  0.0000000E+00  0.0000000E+00
 -0.2605200E-01  0.0000000E+00  0.0000000E+00  0.1835750E+00  0.0000000E+00
  0.0000000E+00  0.4076670E+00  0.0000000E+00  0.0000000E+00  0.1505170E+00
 -0.1613800E-01 -0.8651000E-02  0.4423600E-01 -0.5880000E-03  0.0000000E+00
  0.0000000E+00 -0.7777000E-02 -0.2228600E-01  0.4527800E-01  0.8991000E-01
 -0.1394170E+00 -0.1698380E+00  0.0000000E+00  0.0000000E+00  0.2502210E+00
  0.0000000E+00  0.0000000E+00  0.6213500E-01 -0.2179300E-01  0.0000000E+00
  0.0000000E+00  0.2589100E-01  0.0000000E+00  0.0000000E+00 -0.1835750E+00
  0.0000000E+00  0.0000000E+00 -0.4076650E+00  0.0000000E+00  0.0000000E+00
 -0.1505090E+00 -0.1613000E-01 -0.8643000E-02  0.4424300E-01 -0.5880000E-03
  0.0000000E+00  0.0000000E+00
 -0.0000000E+00 -0.0000000E+00 -0.0000000E+00 -0.0000000E+00 -0.0000000E+00
 -0.0000000E+00 -0.2455350E+00 -0.1663500E-01 -0.0000000E+00 -0.6049700E-01
 -0.4099000E-02 -0.0000000E+00 -0.0000000E+00 -0.2671100E-01 -0.1810000E-02
 -0.0000000E+00  0.1809460E+00  0.1225900E-01 -0.0000000E+00  0.4050070E+00
  0.2744000E-01 -0.0000000E+00  0.2079270E+00  0.1408700E-01 -0.0000000E+00
 -0.0000000E+00 -0.0000000E+00 -0.0000000E+00 -0.0000000E+00  0.3535300E-01
  0.2395000E-02 -0.0000000E+00 -0.0000000E+00 -0.0000000E+00 -0.0000000E+00
 -0.0000000E+00 -0.0000000E+00 -0.2455340E+00 -0.1663500E-01 -0.0000000E+00
 -0.6049700E-01 -0.4099000E-02 -0.0000000E+00 -0.0000000E+00 -0.2670900E-01
 -0.1809000E-02 -0.0000000E+00  0.1809460E+00  0.1225900E-01 -0.0000000E+00
  0.4050070E+00  0.2744000E-01 -0.0000000E+00  0.2079260E+00  0.1408700E-01
 -0.0000000E+00 -0.0000000E+00 -0.0000000E+00 -0.0000000E+00 -0.0000000E+00
 -0.3535300E-01 -0.2395000E-02
 -0.0000000E+00 -0.0000000E+00 -0.0000000E+00 -0.0000000E+00 -0.0000000E+00
 -0.0000000E+00  0.1642900E-01 -0.2424880E+00 -0.0000000E+00  0.4033000E-02
 -0.5952100E-01 -0.0000000E+00 -0.0000000E+00  0.1730000E-02 -0.2553500E-01
 -0.0000000E+00 -0.1213100E-01  0.1790560E+00 -0.0000000E+00 -0.2692600E-01
  0.3974320E+00 -0.0000000E+00 -0.1465400E-01  0.2162910E+00 -0.0000000E+00
 -0.0000000E+00 -0.0000000E+00 -0.0000000E+00 -0.0000000E+00 -0.2488000E-02
  0.3671800E-01 -0.0000000E+00 -0.0000000E+00 -0.0000000E+00 -0.0000000E+00
 -0.0000000E+00 -0.0000000E+00  0.1642900E-01 -0.2424880E+00 -0.0000000E+00
  0.4033000E-02 -0.5952100E-01 -0.0000000E+00 -0.0000000E+00  0.1730000E-02
 -0.2553200E-01 -0.0000000E+00 -0.1213100E-01  0.1790560E+00 -0.0000000E+00
 -0.2692600E-01  0.3974330E+00 -0.0000000E+00 -0.1465400E-01  0.2162900E+00
 -0.0000000E+00 -0.0000000E+00 -0.0000000E+00 -0.0000000E+00 -0.0000000E+00
  0.2488000E-02 -0.3671800E-01
 -0.0000000E+00 -0.0000000E+00 -0.0000000E+00 -0.0000000E+00 -0.0000000E+00
 -0.0000000E+00  0.2669490E+00  0.1808600E-01 -0.0000000E+00  0.6585500E-01
  0.4462000E-02 -0.0000000E+00 -0.0000000E+00  0.4156900E-01  0.2816000E-02
 -0.0000000E+00 -0.2045150E+00 -0.1385600E-01 -0.0000000E+00 -0.4430760E+00
 -0.3001900E-01 -0.0000000E+00 -0.2923780E+00 -0.1980900E-01 -0.0000000E+00
 -0.0000000E+00 -0.0000000E+00 -0.0000000E+00 -0.0000000E+00  0.1238900E-01
  0.8390000E-03 -0.0000000E+00 -0.0000000E+00 -0.0000000E+00 -0.0000000E+00
 -0.0000000E+00 -0.0000000E+00 -0.2669500E+00 -0.1808600E-01 -0.0000000E+00
 -0.6585500E-01 -0.4462000E-02 -0.0000000E+00 -0.0000000E+00 -0.4156900E-01
 -0.2816000E-02 -0.0000000E+00  0.2045150E+00  0.1385600E-01 -0.0000000E+00
  0.4430770E+00  0.3001900E-01 -0.0000000E+00  0.2923780E+00  0.1980900E-01
 -0.0000000E+00 -0.0000000E+00 -0.0000000E+00 -0.0000000E+00 -0.0000000E+00
  0.1238800E-01  0.8390000E-03
  0.0000000E+00  0.0000000E+00  0.0000000E+00  0.0000000E+00  0.0000000E+00
  0.0000000E+00 -0.1790000E-01  0.2642050E+00  0.0000000E+00 -0.4402000E-02
  0.6497900E-01  0.0000000E+00  0.0000000E+00 -0.2412000E-02  0.3558900E-01
  0.0000000E+00  0.1377100E-01 -0.2032500E+00  0.0000000E+00  0.2947000E-01
 -0.4349740E+00  0.0000000E+00  0.2070300E-01 -0.3055640E+00  0.0000000E+00
  0.0000000E+00  0.0000000E+00  0.0000000E+00  0.0000000E+00 -0.8180000E-03
  0.1207700E-01  0.0000000E+00  0.0000000E+00  0.0000000E+00  0.0000000E+00
  0.0000000E+00  0.0000000E+00  0.1790000E-01 -0.2642050E+00  0.0000000E+00
  0.4402000E-02 -0.6497900E-01  0.0000000E+00  0.0000000E+00  0.2412000E-02
 -0.3558900E-01  0.0000000E+00 -0.1377100E-01  0.2032500E+00  0.0000000E+00
 -0.2947000E-01  0.4349740E+00  0.0000000E+00 -0.2070300E-01  0.3055640E+00
  0.0000000E+00  0.0000000E+00  0.0000000E+00  0.0000000E+00  0.0000000E+00
 -0.8180000E-03  0.1207700E-01
  0.8413000E-02  0.2415500E-01 -0.4952500E-01 -0.1011960E+00  0.1560460E+00
  0.3582840E+00  0.0000000E+00  0.0000000E+00 -0.2662750E+00  0.0000000E+00
  0.0000000E+00 -0.6469800E-01  0.4693960E+00  0.0000000E+00  0.0000000E+00
  0.1636770E+00  0.0000000E+00  0.0000000E+00  0.2052530E+00  0.0000000E+00
  0.0000000E+00  0.4900760E+00  0.0000000E+00  0.0000000E+00  0.5084840E+00
  0.2550300E-01  0.1752200E-01 -0.6554800E-01  0.6270000E-03  0.0000000E+00
  0.0000000E+00 -0.8413000E-02 -0.2415500E-01  0.4952800E-01  0.1011810E+00
 -0.1560220E+00 -0.3582700E+00  0.0000000E+00  0.0000000E+00 -0.2662750E+00
  0.0000000E+00  0.0000000E+00 -0.6469800E-01 -0.4693980E+00  0.0000000E+00
  0.0000000E+00  0.1637000E+00  0.0000000E+00  0.0000000E+00  0.2052520E+00
  0.0000000E+00  0.0000000E+00  0.4900800E+00  0.0000000E+00  0.0000000E+00
  0.5084690E+00 -0.2551300E-01 -0.1753200E-01  0.6553400E-01 -0.6270000E-03
  0.0000000E+00  0.0000000E+00
 -0.8258000E-02 -0.2355300E-01  0.4664400E-01  0.1109620E+00 -0.1616320E+00
 -0.6315440E+00  0.0000000E+00  0.0000000E+00 -0.2693200E-01  0.0000000E+00
  0.0000000E+00 -0.7302000E-02  0.8683730E+00  0.0000000E+00  0.0000000E+00
 -0.1792760E+00  0.0000000E+00  0.0000000E+00  0.2963100E-01  0.0000000E+00
  0.0000000E+00  0.3269000E-02  0.0000000E+00  0.0000000E+00  0.1384220E+00
  0.3864500E-01  0.4206100E-01 -0.1809100E-01 -0.2690000E-03  0.0000000E+00
  0.0000000E+00 -0.8258000E-02 -0.2355300E-01  0.4664200E-01  0.1109810E+00
 -0.1616370E+00 -0.6317040E+00  0.0000000E+00  0.0000000E+00  0.2692600E-01
  0.0000000E+00  0.0000000E+00  0.7300000E-02  0.8697890E+00  0.0000000E+00
  0.0000000E+00  0.1786110E+00  0.0000000E+00  0.0000000E+00 -0.2962700E-01
  0.0000000E+00  0.0000000E+00 -0.3255000E-02  0.0000000E+00  0.0000000E+00
 -0.1383860E+00  0.3866500E-01  0.4208200E-01 -0.1807300E-01 -0.2690000E-03
  0.0000000E+00  0.0000000E+00
  0.3220000E-02  0.9410000E-02 -0.2095200E-01 -0.3043300E-01  0.8442000E-01
 -0.4673000E-02  0.0000000E+00  0.0000000E+00  0.8912800E-01  0.0000000E+00
  0.0000000E+00  0.2299300E-01  0.1243803E+01  0.0000000E+00  0.0000000E+00
  0.1582989E+01  0.0000000E+00  0.0000000E+00 -0.8403200E-01  0.0000000E+00
  0.0000000E+00 -0.1228970E+00  0.0000000E+00  0.0000000E+00 -0.6346400E+00
  0.1790000E-02  0.8290000E-03  0.2850700E-01  0.7600000E-04  0.0000000E+00
  0.0000000E+00 -0.3221000E-02 -0.9411000E-02  0.2095900E-01  0.3041600E-01
 -0.8440000E-01  0.4685000E-02  0.0000000E+00  0.0000000E+00  0.8913400E-01
  0.0000000E+00  0.0000000E+00  0.2299400E-01 -0.1243745E+01  0.0000000E+00
  0.0000000E+00  0.1583133E+01  0.0000000E+00  0.0000000E+00 -0.8404000E-01
  0.0000000E+00  0.0000000E+00 -0.1228900E+00  0.0000000E+00  0.0000000E+00
 -0.6347070E+00 -0.1809000E-02 -0.8470000E-03 -0.2853100E-01 -0.7600000E-04
  0.0000000E+00  0.0000000E+00
 -0.0000000E+00 -0.0000000E+00 -0.0000000E+00 -0.0000000E+00 -0.0000000E+00
 -0.0000000E+00  0.7786200E-01  0.5322000E-02 -0.0000000E+00  0.2053000E-01
  0.1403000E-02 -0.0000000E+00 -0.0000000E+00  0.8017570E+00  0.5481700E-01
 -0.0000000E+00 -0.7726300E-01 -0.5282000E-02 -0.0000000E+00 -0.9392900E-01
 -0.6413000E-02 -0.0000000E+00 -0.3983220E+00 -0.2724900E-01 -0.0000000E+00
 -0.0000000E+00 -0.0000000E+00 -0.0000000E+00 -0.0000000E+00 -0.1859300E-01
 -0.1271000E-02 -0.0000000E+00 -0.0000000E+00 -0.0000000E+00 -0.0000000E+00
 -0.0000000E+00 -0.0000000E+00  0.7786100E-01  0.5322000E-02 -0.0000000E+00
  0.2052900E-01  0.1403000E-02 -0.0000000E+00 -0.0000000E+00  0.8017400E+00
  0.5482000E-01 -0.0000000E+00 -0.7726300E-01 -0.5282000E-02 -0.0000000E+00
 -0.9392800E-01 -0.6413000E-02 -0.0000000E+00 -0.3983180E+00 -0.2725000E-01
 -0.0000000E+00 -0.0000000E+00 -0.0000000E+00 -0.0000000E+00 -0.0000000E+00
  0.1859200E-01  0.1271000E-02
 -0.0000000E+00 -0.0000000E+00 -0.0000000E+00 -0.0000000E+00 -0.0000000E+00
 -0.0000000E+00 -0.5312000E-02  0.7769100E-01 -0.0000000E+00 -0.1402000E-02
  0.2050500E-01 -0.0000000E+00 -0.0000000E+00 -0.5550300E-01  0.8120040E+00
 -0.0000000E+00  0.5288000E-02 -0.7735100E-01 -0.0000000E+00  0.6049000E-02
 -0.8836100E-01 -0.0000000E+00  0.2859900E-01 -0.4186470E+00 -0.0000000E+00
 -0.0000000E+00 -0.0000000E+00 -0.0000000E+00 -0.0000000E+00  0.1306000E-02
 -0.1911100E-01 -0.0000000E+00 -0.0000000E+00 -0.0000000E+00 -0.0000000E+00
 -0.0000000E+00 -0.0000000E+00 -0.5312000E-02  0.7769000E-01 -0.0000000E+00
 -0.1402000E-02  0.2050500E-01 -0.0000000E+00 -0.0000000E+00 -0.5549200E-01
  0.8119950E+00 -0.0000000E+00  0.5287000E-02 -0.7735100E-01 -0.0000000E+00
  0.6049000E-02 -0.8836000E-01 -0.0000000E+00  0.2859600E-01 -0.4186450E+00
 -0.0000000E+00 -0.0000000E+00 -0.0000000E+00 -0.0000000E+00 -0.0000000E+00
 -0.1306000E-02  0.1911000E-01
  0.7980000E-03  0.2231000E-02 -0.3969000E-02 -0.1319500E-01  0.1526000E-02
  0.2395480E+00  0.0000000E+00  0.0000000E+00 -0.4763700E-01  0.0000000E+00
  0.0000000E+00 -0.1267700E-01  0.1488630E+00  0.0000000E+00  0.0000000E+00
 -0.1219818E+01  0.0000000E+00  0.0000000E+00  0.4532900E-01  0.0000000E+00
  0.0000000E+00  0.7846500E-01  0.0000000E+00  0.0000000E+00  0.2660820E+00
 -0.5014700E-01 -0.4548400E-01  0.7850900E-01 -0.3660000E-03  0.0000000E+00
  0.0000000E+00  0.7990000E-03  0.2233000E-02 -0.3971000E-02 -0.1322100E-01
  0.1554000E-02  0.2396860E+00  0.0000000E+00  0.0000000E+00  0.4763200E-01
  0.0000000E+00  0.0000000E+00  0.1267600E-01  0.1477190E+00  0.0000000E+00
  0.0000000E+00  0.1220223E+01  0.0000000E+00  0.0000000E+00 -0.4532500E-01
  0.0000000E+00  0.0000000E+00 -0.7846000E-01  0.0000000E+00  0.0000000E+00
 -0.2660360E+00 -0.5016400E-01 -0.4550200E-01  0.7849500E-01 -0.3660000E-03
  0.0000000E+00  0.0000000E+00
  0.0000000E+00  0.0000000E+00  0.0000000E+00  0.0000000E+00  0.0000000E+00
  0.0000000E+00 -0.7212000E-01 -0.5019000E-02  0.0000000E+00 -0.1921500E-01
 -0.1337000E-02  0.0000000E+00  0.0000000E+00 -0.1727706E+01 -0.1202670E+00
  0.0000000E+00  0.7418100E-01  0.5164000E-02  0.0000000E+00  0.7921800E-01
  0.5497000E-02  0.0000000E+00  0.4622410E+00  0.3223700E-01  0.0000000E+00
  0.0000000E+00  0.0000000E+00  0.0000000E+00  0.0000000E+00  0.2096400E-01
  0.1455000E-02  0.0000000E+00  0.0000000E+00  0.0000000E+00  0.0000000E+00
  0.0000000E+00  0.0000000E+00  0.7212100E-01  0.5018000E-02  0.0000000E+00
  0.1921500E-01  0.1337000E-02  0.0000000E+00  0.0000000E+00  0.1727715E+01
  0.1202630E+00  0.0000000E+00 -0.7418200E-01 -0.5163000E-02  0.0000000E+00
 -0.7921900E-01 -0.5496000E-02  0.0000000E+00 -0.4622460E+00 -0.3223500E-01
  0.0000000E+00  0.0000000E+00  0.0000000E+00  0.0000000E+00  0.0000000E+00
  0.2096400E-01  0.1455000E-02
 -0.0000000E+00 -0.0000000E+00 -0.0000000E+00 -0.0000000E+00 -0.0000000E+00
 -0.0000000E+00  0.5087000E-02 -0.7312200E-01 -0.0000000E+00  0.1355000E-02
 -0.1947500E-01 -0.0000000E+00 -0.0000000E+00  0.1214530E+00 -0.1746341E+01
 -0.0000000E+00 -0.5231000E-02  0.7521500E-01 -0.0000000E+00 -0.5315000E-02
  0.7616200E-01 -0.0000000E+00 -0.3394200E-01  0.4889140E+00 -0.0000000E+00
 -0.0000000E+00 -0.0000000E+00 -0.0000000E+00 -0.0000000E+00 -0.1359000E-02
  0.1948000E-01 -0.0000000E+00 -0.0000000E+00 -0.0000000E+00 -0.0000000E+00
 -0.0000000E+00 -0.0000000E+00 -0.5088000E-02  0.7312300E-01 -0.0000000E+00
 -0.1355000E-02  0.1947500E-01 -0.0000000E+00 -0.0000000E+00 -0.1214550E+00
  0.1746346E+01 -0.0000000E+00  0.5231000E-02 -0.7521600E-01 -0.0000000E+00
  0.5316000E-02 -0.7616300E-01 -0.0000000E+00  0.3394300E-01 -0.4889170E+00
 -0.0000000E+00 -0.0000000E+00 -0.0000000E+00 -0.0000000E+00 -0.0000000E+00
 -0.1359000E-02  0.1948000E-01
 -0.6101000E-02 -0.1728300E-01  0.3295700E-01  0.9154500E-01 -0.1130180E+00
 -0.7077550E+00 -0.0000000E+00 -0.0000000E+00  0.1601100E-01 -0.0000000E+00
 -0.0000000E+00  0.3404000E-02  0.1029364E+02 -0.0000000E+00 -0.0000000E+00
  0.4345139E+01 -0.0000000E+00 -0.0000000E+00 -0.1005800E-01 -0.0000000E+00
 -0.0000000E+00 -0.5324300E-01 -0.0000000E+00 -0.0000000E+00  0.2769730E+00
  0.4655800E-01  0.4791700E-01 -0.9073000E-02 -0.1070000E-03 -0.0000000E+00
 -0.0000000E+00  0.6100000E-02  0.1727700E-01 -0.3291200E-01 -0.9169500E-01
  0.1132050E+00  0.7078930E+00 -0.0000000E+00 -0.0000000E+00  0.1600600E-01
 -0.0000000E+00 -0.0000000E+00  0.3402000E-02  0.1029360E+02 -0.0000000E+00
 -0.0000000E+00  0.4345239E+01 -0.0000000E+00 -0.0000000E+00 -0.1006600E-01
 -0.0000000E+00 -0.0000000E+00 -0.5313300E-01 -0.0000000E+00 -0.0000000E+00
  0.2767430E+00 -0.4666700E-01 -0.4802900E-01  0.8837000E-02  0.1070000E-03
 -0.0000000E+00 -0.0000000E+00
 -0.3846000E-02 -0.1077500E-01  0.1918600E-01  0.6799200E-01 -0.1313300E+00
  0.1847880E+00 -0.0000000E+00 -0.0000000E+00 -0.7324800E-01 -0.0000000E+00
 -0.0000000E+00 -0.1035100E-01 -0.1953980E+00 -0.0000000E+00 -0.0000000E+00
  0.1221444E+01 -0.0000000E+00 -0.0000000E+00 -0.1250100E-01 -0.0000000E+00
 -0.0000000E+00  0.6859260E+00 -0.0000000E+00 -0.0000000E+00 -0.1507350E+01
 -0.1158140E+00 -0.9128500E-01  0.2987040E+00 -0.1928000E-02 -0.0000000E+00
 -0.0000000E+00 -0.3845000E-02 -0.1077300E-01  0.1918000E-01  0.6799000E-01
 -0.1312860E+00  0.1846280E+00 -0.0000000E+00 -0.0000000E+00  0.7328600E-01
 -0.0000000E+00 -0.0000000E+00  0.1035900E-01 -0.1969780E+00 -0.0000000E+00
 -0.0000000E+00 -0.1220979E+01 -0.0000000E+00 -0.0000000E+00  0.1247500E-01
 -0.0000000E+00 -0.0000000E+00 -0.6860670E+00 -0.0000000E+00 -0.0000000E+00
  0.1507932E+01 -0.1158110E+00 -0.9128000E-01  0.2987340E+00 -0.1928000E-02
 -0.0000000E+00 -0.0000000E+00
  0.3525000E-02  0.9777000E-02 -0.1642300E-01 -0.6691900E-01  0.3012300E-01
  0.8980450E+00 -0.0000000E+00 -0.0000000E+00  0.1628500E+00 -0.0000000E+00
 -0.0000000E+00  0.3324300E-01 -0.3270770E+00 -0.0000000E+00 -0.0000000E+00
 -0.1218476E+01 -0.0000000E+00 -0.0000000E+00 -0.9832600E-01 -0.0000000E+00
 -0.0000000E+00 -0.6522190E+00 -0.0000000E+00 -0.0000000E+00  0.2477632E+01
 -0.2010200E-01 -0.2903300E-01 -0.6224000E-01  0.7020000E-03 -0.0000000E+00
 -0.0000000E+00 -0.3523000E-02 -0.9774000E-02  0.1642100E-01  0.6688200E-01
 -0.3005500E-01 -0.8980710E+00 -0.0000000E+00 -0.0000000E+00  0.1628350E+00
 -0.0000000E+00 -0.0000000E+00  0.3324100E-01  0.3271110E+00 -0.0000000E+00
 -0.0000000E+00 -0.1218216E+01 -0.0000000E+00 -0.0000000E+00 -0.9832700E-01
 -0.0000000E+00 -0.0000000E+00 -0.6520860E+00 -0.0000000E+00 -0.0000000E+00
  0.2477327E+01  0.2011700E-01  0.2904200E-01  0.6215300E-01 -0.7010000E-03
 -0.0000000E+00 -0.0000000E+00
  0.0000000E+00  0.0000000E+00  0.0000000E+00  0.0000000E+00  0.0000000E+00
  0.0000000E+00  0.1629250E+00  0.1105500E-01  0.0000000E+00  0.3179100E-01
  0.2157000E-02  0.0000000E+00  0.0000000E+00 -0.7548760E+00 -0.5121500E-01
  0.0000000E+00 -0.8536000E-01 -0.5792000E-02  0.0000000E+00 -0.7469620E+00
 -0.5068600E-01  0.0000000E+00  0.1379240E+01  0.9358400E-01  0.0000000E+00
  0.0000000E+00  0.0000000E+00  0.0000000E+00  0.0000000E+00  0.6395700E-01
  0.4338000E-02  0.0000000E+00  0.0000000E+00  0.0000000E+00  0.0000000E+00
  0.0000000E+00  0.0000000E+00  0.1629250E+00  0.1105600E-01  0.0000000E+00
  0.3179100E-01  0.2157000E-02  0.0000000E+00  0.0000000E+00 -0.7548760E+00
 -0.5121800E-01  0.0000000E+00 -0.8536000E-01 -0.5792000E-02  0.0000000E+00
 -0.7469630E+00 -0.5068800E-01  0.0000000E+00  0.1379241E+01  0.9358700E-01
  0.0000000E+00  0.0000000E+00  0.0000000E+00  0.0000000E+00  0.0000000E+00
 -0.6395700E-01 -0.4338000E-02
 -0.0000000E+00 -0.0000000E+00 -0.0000000E+00 -0.0000000E+00 -0.0000000E+00
 -0.0000000E+00 -0.1111000E-01  0.1637240E+00 -0.0000000E+00 -0.2140000E-02
  0.3153100E-01 -0.0000000E+00 -0.0000000E+00  0.5069300E-01 -0.7468770E+00
 -0.0000000E+00  0.5636000E-02 -0.8304500E-01 -0.0000000E+00  0.5141900E-01
 -0.7577500E+00 -0.0000000E+00 -0.9349000E-01  0.1377595E+01 -0.0000000E+00
 -0.0000000E+00 -0.0000000E+00 -0.0000000E+00 -0.0000000E+00 -0.3720000E-02
  0.5479800E-01 -0.0000000E+00 -0.0000000E+00 -0.0000000E+00 -0.0000000E+00
 -0.0000000E+00 -0.0000000E+00 -0.1110800E-01  0.1637250E+00 -0.0000000E+00
 -0.2139000E-02  0.3153100E-01 -0.0000000E+00 -0.0000000E+00  0.5067600E-01
 -0.7468880E+00 -0.0000000E+00  0.5635000E-02 -0.8304600E-01 -0.0000000E+00
  0.5141000E-01 -0.7577560E+00 -0.0000000E+00 -0.9346700E-01  0.1377609E+01
 -0.0000000E+00 -0.0000000E+00 -0.0000000E+00 -0.0000000E+00 -0.0000000E+00
  0.3721000E-02 -0.5479800E-01
  0.0000000E+00  0.0000000E+00  0.0000000E+00  0.0000000E+00  0.0000000E+00
  0.0000000E+00 -0.1464990E+00 -0.9963000E-02  0.0000000E+00 -0.2819300E-01
 -0.1917000E-02  0.0000000E+00  0.0000000E+00  0.1530621E+01  0.1040480E+00
  0.0000000E+00  0.7371500E-01  0.5012000E-02  0.0000000E+00  0.7160500E+00
  0.4869400E-01  0.0000000E+00 -0.1947943E+01 -0.1324460E+00  0.0000000E+00
  0.0000000E+00  0.0000000E+00  0.0000000E+00  0.0000000E+00  0.1072800E+00
  0.7292000E-02  0.0000000E+00  0.0000000E+00  0.0000000E+00  0.0000000E+00
  0.0000000E+00  0.0000000E+00  0.1465000E+00  0.9961000E-02  0.0000000E+00
  0.2819400E-01  0.1917000E-02  0.0000000E+00  0.0000000E+00 -0.1530621E+01
 -0.1040380E+00  0.0000000E+00 -0.7371500E-01 -0.5011000E-02  0.0000000E+00
 -0.7160490E+00 -0.4868500E-01  0.0000000E+00  0.1947943E+01  0.1324290E+00
  0.0000000E+00  0.0000000E+00  0.0000000E+00  0.0000000E+00  0.0000000E+00
  0.1072790E+00  0.7293000E-02
 -0.0000000E+00 -0.0000000E+00 -0.0000000E+00 -0.0000000E+00 -0.0000000E+00
 -0.0000000E+00 -0.1004300E-01  0.1477200E+00 -0.0000000E+00 -0.1910000E-02
  0.2809900E-01 -0.0000000E+00 -0.0000000E+00  0.1028630E+00 -0.1512532E+01
 -0.0000000E+00  0.4906000E-02 -0.7214400E-01 -0.0000000E+00  0.4937200E-01
 -0.7262330E+00 -0.0000000E+00 -0.1322510E+00  0.1945059E+01 -0.0000000E+00
 -0.0000000E+00 -0.0000000E+00 -0.0000000E+00 -0.0000000E+00  0.7063000E-02
 -0.1038620E+00 -0.0000000E+00 -0.0000000E+00 -0.0000000E+00 -0.0000000E+00
 -0.0000000E+00 -0.0000000E+00  0.1004300E-01 -0.1477190E+00 -0.0000000E+00
  0.1910000E-02 -0.2809900E-01 -0.0000000E+00 -0.0000000E+00 -0.1028640E+00
  0.1512527E+01 -0.0000000E+00 -0.4906000E-02  0.7214400E-01 -0.0000000E+00
 -0.4937300E-01  0.7262280E+00 -0.0000000E+00  0.1322530E+00 -0.1945049E+01
 -0.0000000E+00 -0.0000000E+00 -0.0000000E+00 -0.0000000E+00 -0.0000000E+00
  0.7063000E-02 -0.1038620E+00
 -0.0000000E+00 -0.0000000E+00 -0.0000000E+00 -0.0000000E+00 -0.0000000E+00
 -0.0000000E+00  0.1954300E-01  0.1324000E-02 -0.0000000E+00  0.7866000E-02
  0.5330000E-03 -0.0000000E+00 -0.0000000E+00  0.1626110E+00  0.1101600E-01
 -0.0000000E+00 -0.4902600E-01 -0.3322000E-02 -0.0000000E+00  0.1098420E+00
  0.7441000E-02 -0.0000000E+00 -0.2743370E+00 -0.1858500E-01 -0.0000000E+00
 -0.0000000E+00 -0.0000000E+00 -0.0000000E+00 -0.0000000E+00  0.6865380E+00
  0.4651500E-01 -0.0000000E+00 -0.0000000E+00 -0.0000000E+00 -0.0000000E+00
 -0.0000000E+00 -0.0000000E+00  0.1954300E-01  0.1324000E-02 -0.0000000E+00
  0.7866000E-02  0.5330000E-03 -0.0000000E+00 -0.0000000E+00  0.1626120E+00
  0.1101600E-01 -0.0000000E+00 -0.4902700E-01 -0.3322000E-02 -0.0000000E+00
  0.1098430E+00  0.7441000E-02 -0.0000000E+00 -0.2743400E+00 -0.1858500E-01
 -0.0000000E+00 -0.0000000E+00 -0.0000000E+00 -0.0000000E+00 -0.0000000E+00
 -0.6865380E+00 -0.4651500E-01
 -0.1669100E-01 -0.5220600E-01  0.1515130E+00 -0.2097400E-01 -0.7215410E+00
  0.1914643E+01  0.0000000E+00  0.0000000E+00 -0.6398400E-01  0.0000000E+00
  0.0000000E+00 -0.1422000E-01 -0.6103990E+00  0.0000000E+00  0.0000000E+00
  0.2130600E-01  0.0000000E+00  0.0000000E+00  0.7463300E-01  0.0000000E+00
  0.0000000E+00  0.8597800E-01  0.0000000E+00  0.0000000E+00 -0.2907470E+00
 -0.1457240E+00 -0.1818610E+00 -0.6890370E+00  0.2840000E-02  0.0000000E+00
  0.0000000E+00 -0.1669800E-01 -0.5223000E-01  0.1515810E+00 -0.2097000E-01
 -0.7219490E+00  0.1915742E+01  0.0000000E+00  0.0000000E+00  0.6396100E-01
  0.0000000E+00  0.0000000E+00  0.1421100E-01 -0.6113720E+00  0.0000000E+00
  0.0000000E+00 -0.2092500E-01  0.0000000E+00  0.0000000E+00 -0.7458100E-01
  0.0000000E+00  0.0000000E+00 -0.8604000E-01  0.0000000E+00  0.0000000E+00
  0.2904750E+00 -0.1458150E+00 -0.1819640E+00 -0.6892780E+00  0.2841000E-02
  0.0000000E+00  0.0000000E+00
 -0.0000000E+00 -0.0000000E+00 -0.0000000E+00 -0.0000000E+00 -0.0000000E+00
 -0.0000000E+00  0.1509000E-02 -0.2227200E-01 -0.0000000E+00  0.5730000E-03
 -0.8453000E-02 -0.0000000E+00 -0.0000000E+00  0.1034700E-01 -0.1527000E+00
 -0.0000000E+00 -0.3481000E-02  0.5137700E-01 -0.0000000E+00  0.6844000E-02
 -0.1009960E+00 -0.0000000E+00 -0.1744800E-01  0.2574900E+00 -0.0000000E+00
 -0.0000000E+00 -0.0000000E+00 -0.0000000E+00 -0.0000000E+00  0.4656200E-01
 -0.6872240E+00 -0.0000000E+00 -0.0000000E+00 -0.0000000E+00 -0.0000000E+00
 -0.0000000E+00 -0.0000000E+00  0.1509000E-02 -0.2227200E-01 -0.0000000E+00
  0.5730000E-03 -0.8453000E-02 -0.0000000E+00 -0.0000000E+00  0.1034700E-01
 -0.1527000E+00 -0.0000000E+00 -0.3481000E-02  0.5137700E-01 -0.0000000E+00
  0.6844000E-02 -0.1009970E+00 -0.0000000E+00 -0.1744800E-01  0.2574920E+00
 -0.0000000E+00 -0.0000000E+00 -0.0000000E+00 -0.0000000E+00 -0.0000000E+00
 -0.4656200E-01  0.6872240E+00
 -0.1272600E-01 -0.3847700E-01  0.9882300E-01  0.6705800E-01 -0.5564870E+00
  0.7756120E+00  0.0000000E+00  0.0000000E+00  0.9427700E-01  0.0000000E+00
  0.0000000E+00  0.1878700E-01 -0.1422080E+00  0.0000000E+00  0.0000000E+00
 -0.4150860E+00  0.0000000E+00  0.0000000E+00 -0.7020900E-01  0.0000000E+00
  0.0000000E+00 -0.4130870E+00  0.0000000E+00  0.0000000E+00  0.6490920E+00
 -0.6214620E+00 -0.1103670E+00  0.3011340E+00 -0.4016900E-01  0.0000000E+00
  0.0000000E+00 -0.1273600E-01 -0.3850600E-01  0.9890200E-01  0.6707800E-01
 -0.5570190E+00  0.7769950E+00  0.0000000E+00  0.0000000E+00 -0.9430200E-01
  0.0000000E+00  0.0000000E+00 -0.1879600E-01 -0.1445080E+00  0.0000000E+00
  0.0000000E+00  0.4160010E+00  0.0000000E+00  0.0000000E+00  0.7026800E-01
  0.0000000E+00  0.0000000E+00  0.4129970E+00  0.0000000E+00  0.0000000E+00
 -0.6493300E+00 -0.6215370E+00 -0.1104830E+00  0.3008380E+00 -0.4016600E-01
  0.0000000E+00  0.0000000E+00
  0.1822700E-01  0.5619300E-01 -0.1553090E+00 -0.2828900E-01  0.1018808E+01
 -0.2719563E+01  0.0000000E+00  0.0000000E+00 -0.5809200E-01  0.0000000E+00
  0.0000000E+00 -0.2116700E-01  0.4830566E+01  0.0000000E+00  0.0000000E+00
  0.1956985E+01  0.0000000E+00  0.0000000E+00  0.1307100E+00  0.0000000E+00
  0.0000000E+00 -0.1686180E+00  0.0000000E+00  0.0000000E+00 -0.4970460E+00
  0.1058800E+00  0.2460500E+00  0.6105580E+00 -0.1102200E-01  0.0000000E+00
  0.0000000E+00 -0.1821500E-01 -0.5615800E-01  0.1552200E+00  0.2821700E-01
 -0.1018201E+01  0.2718511E+01  0.0000000E+00  0.0000000E+00 -0.5807800E-01
  0.0000000E+00  0.0000000E+00 -0.2116500E-01 -0.4830263E+01  0.0000000E+00
  0.0000000E+00  0.1956779E+01  0.0000000E+00  0.0000000E+00  0.1307140E+00
  0.0000000E+00  0.0000000E+00 -0.1687740E+00  0.0000000E+00  0.0000000E+00
 -0.4968560E+00 -0.1054750E+00 -0.2461340E+00 -0.6104390E+00  0.1105100E-01
  0.0000000E+00  0.0000000E+00
  0.0000000E+00  0.0000000E+00 -0.1000000E-05 -0.0000000E+00  0.8000000E-05
 -0.2000000E-04 -0.0000000E+00 -0.0000000E+00 -0.1000000E-05 -0.0000000E+00
 -0.0000000E+00 -0.0000000E+00  0.3600000E-04 -0.0000000E+00 -0.0000000E+00
  0.1500000E-04 -0.0000000E+00 -0.0000000E+00  0.1000000E-05 -0.0000000E+00
 -0.0000000E+00 -0.0000000E+00 -0.0000000E+00 -0.0000000E+00 -0.5000000E-05
 -0.8239400E-01  0.8239800E-01  0.3000000E-05  0.6988880E+00 -0.0000000E+00
 -0.0000000E+00 -0.0000000E+00 -0.0000000E+00  0.1000000E-05 -0.0000000E+00
 -0.6000000E-05  0.1700000E-04 -0.0000000E+00 -0.0000000E+00 -0.0000000E+00
 -0.0000000E+00 -0.0000000E+00 -0.0000000E+00 -0.3500000E-04 -0.0000000E+00
 -0.0000000E+00  0.1400000E-04 -0.0000000E+00 -0.0000000E+00  0.1000000E-05
 -0.0000000E+00 -0.0000000E+00 -0.2000000E-05 -0.0000000E+00 -0.0000000E+00
 -0.2000000E-05 -0.8239500E-01  0.8239400E-01 -0.5000000E-05  0.6988890E+00
 -0.0000000E+00 -0.0000000E+00
  0.5956000E-02  0.1786900E-01 -0.4450100E-01 -0.4077000E-01  0.2532260E+00
 -0.2942450E+00  0.0000000E+00  0.0000000E+00 -0.4371900E-01  0.0000000E+00
  0.0000000E+00 -0.8863000E-02  0.4780200E-01  0.0000000E+00  0.0000000E+00
  0.1727070E+00  0.0000000E+00  0.0000000E+00  0.3552500E-01  0.0000000E+00
  0.0000000E+00  0.1770390E+00  0.0000000E+00  0.0000000E+00 -0.2803810E+00
 -0.3843160E+00  0.7120380E+00 -0.1731620E+00 -0.8617000E-01  0.0000000E+00
  0.0000000E+00  0.5952000E-02  0.1785700E-01 -0.4446700E-01 -0.4076700E-01
  0.2530100E+00 -0.2936520E+00  0.0000000E+00  0.0000000E+00  0.4370400E-01
  0.0000000E+00  0.0000000E+00  0.8858000E-02  0.4672400E-01  0.0000000E+00
  0.0000000E+00 -0.1722640E+00  0.0000000E+00  0.0000000E+00 -0.3549300E-01
  0.0000000E+00  0.0000000E+00 -0.1770740E+00  0.0000000E+00  0.0000000E+00
  0.2802640E+00 -0.3843260E+00  0.7119750E+00 -0.1733020E+00 -0.8616600E-01
  0.0000000E+00  0.0000000E+00
  0.0000000E+00  0.1000000E-05 -0.2000000E-05  0.1000000E-05  0.1400000E-04
 -0.4500000E-04 -0.0000000E+00 -0.0000000E+00 -0.0000000E+00 -0.0000000E+00
 -0.0000000E+00 -0.0000000E+00  0.7500000E-04 -0.0000000E+00 -0.0000000E+00
  0.3200000E-04 -0.0000000E+00 -0.0000000E+00  0.1000000E-05 -0.0000000E+00
 -0.0000000E+00 -0.2000000E-05 -0.0000000E+00 -0.0000000E+00 -0.1200000E-04
 -0.8274200E-01  0.8275100E-01  0.7000000E-05  0.7024240E+00 -0.0000000E+00
 -0.0000000E+00 -0.0000000E+00 -0.1000000E-05  0.2000000E-05 -0.1000000E-05
 -0.1400000E-04  0.4500000E-04 -0.0000000E+00 -0.0000000E+00 -0.0000000E+00
 -0.0000000E+00 -0.0000000E+00 -0.0000000E+00 -0.7500000E-04 -0.0000000E+00
 -0.0000000E+00  0.3200000E-04 -0.0000000E+00 -0.0000000E+00  0.1000000E-05
 -0.0000000E+00 -0.0000000E+00 -0.2000000E-05 -0.0000000E+00 -0.0000000E+00
 -0.1200000E-04  0.8274200E-01 -0.8275100E-01 -0.7000000E-05 -0.7024240E+00
 -0.0000000E+00 -0.0000000E+00
  0.1778000E-02  0.5611000E-02 -0.1679600E-01  0.5535000E-02  0.1220480E+00
 -0.3949690E+00  0.0000000E+00  0.0000000E+00 -0.3839000E-02  0.0000000E+00
  0.0000000E+00 -0.1564000E-02  0.6290630E+00  0.0000000E+00  0.0000000E+00
  0.2709020E+00  0.0000000E+00  0.0000000E+00  0.1049400E-01  0.0000000E+00
  0.0000000E+00 -0.1716100E-01  0.0000000E+00  0.0000000E+00 -0.1108120E+00
  0.6432590E+00 -0.5646290E+00  0.6199500E-01  0.9485900E-01  0.0000000E+00
  0.0000000E+00 -0.1777000E-02 -0.5608000E-02  0.1678900E-01 -0.5543000E-02
 -0.1219910E+00  0.3948770E+00  0.0000000E+00  0.0000000E+00 -0.3838000E-02
  0.0000000E+00  0.0000000E+00 -0.1564000E-02 -0.6290360E+00  0.0000000E+00
  0.0000000E+00  0.2708840E+00  0.0000000E+00  0.0000000E+00  0.1049400E-01
  0.0000000E+00  0.0000000E+00 -0.1717400E-01  0.0000000E+00  0.0000000E+00
 -0.1107970E+00 -0.6432510E+00  0.5646450E+00 -0.6198500E-01 -0.9486000E-01
  0.0000000E+00  0.0000000E+00
 -0.0000000E+00 -0.0000000E+00 -0.0000000E+00 -0.0000000E+00 -0.0000000E+00
 -0.0000000E+00  0.5446000E-02  0.3690000E-03 -0.0000000E+00 -0.2142000E-02
 -0.1450000E-03 -0.0000000E+00 -0.0000000E+00 -0.3047740E+00 -0.2064700E-01
 -0.0000000E+00  0.2378900E-01  0.1612000E-02 -0.0000000E+00 -0.1734540E+00
 -0.1175200E-01 -0.0000000E+00  0.5067240E+00  0.3433100E-01 -0.0000000E+00
 -0.0000000E+00 -0.0000000E+00 -0.0000000E+00 -0.0000000E+00  0.7196950E+00
  0.4876400E-01 -0.0000000E+00 -0.0000000E+00 -0.0000000E+00 -0.0000000E+00
 -0.0000000E+00 -0.0000000E+00 -0.5446000E-02 -0.3690000E-03 -0.0000000E+00
  0.2143000E-02  0.1450000E-03 -0.0000000E+00 -0.0000000E+00  0.3047740E+00
  0.2064700E-01 -0.0000000E+00 -0.2378900E-01 -0.1612000E-02 -0.0000000E+00
  0.1734540E+00  0.1175200E-01 -0.0000000E+00 -0.5067240E+00 -0.3433100E-01
 -0.0000000E+00 -0.0000000E+00 -0.0000000E+00 -0.0000000E+00 -0.0000000E+00
  0.7196950E+00  0.4876400E-01
 -0.0000000E+00 -0.0000000E+00 -0.0000000E+00 -0.0000000E+00 -0.0000000E+00
 -0.0000000E+00 -0.2950000E-03  0.4346000E-02 -0.0000000E+00  0.1720000E-03
 -0.2534000E-02 -0.0000000E+00 -0.0000000E+00  0.2019800E-01 -0.2980540E+00
 -0.0000000E+00 -0.1743000E-02  0.2572600E-01 -0.0000000E+00  0.1171300E-01
 -0.1728590E+00 -0.0000000E+00 -0.3373200E-01  0.4978110E+00 -0.0000000E+00
 -0.0000000E+00 -0.0000000E+00 -0.0000000E+00 -0.0000000E+00 -0.4879900E-01
  0.7202210E+00 -0.0000000E+00 -0.0000000E+00 -0.0000000E+00 -0.0000000E+00
 -0.0000000E+00 -0.0000000E+00  0.2950000E-03 -0.4346000E-02 -0.0000000E+00
 -0.1720000E-03  0.2534000E-02 -0.0000000E+00 -0.0000000E+00 -0.2019800E-01
  0.2980540E+00 -0.0000000E+00  0.1743000E-02 -0.2572600E-01 -0.0000000E+00
 -0.1171300E-01  0.1728590E+00 -0.0000000E+00  0.3373200E-01 -0.4978110E+00
 -0.0000000E+00 -0.0000000E+00 -0.0000000E+00 -0.0000000E+00 -0.0000000E+00
 -0.4879900E-01  0.7202210E+00
 -0.8294000E-02 -0.2660000E-01  0.8395700E-01 -0.4302200E-01 -0.6467130E+00
  0.2233540E+01 -0.0000000E+00 -0.0000000E+00 -0.1471770E+00 -0.0000000E+00
 -0.0000000E+00 -0.4501900E-01 -0.1972822E+01 -0.0000000E+00 -0.0000000E+00
 -0.1138887E+01 -0.0000000E+00 -0.0000000E+00  0.2740670E+00 -0.0000000E+00
 -0.0000000E+00 -0.1409080E+00 -0.0000000E+00 -0.0000000E+00  0.1251370E+01
 -0.5811810E+00 -0.6130150E+00  0.4561370E+00  0.2502000E-02 -0.0000000E+00
 -0.0000000E+00  0.8293000E-02  0.2659700E-01 -0.8395200E-01  0.4303500E-01
  0.6466570E+00 -0.2233473E+01 -0.0000000E+00 -0.0000000E+00 -0.1471790E+00
 -0.0000000E+00 -0.0000000E+00 -0.4501900E-01  0.1972799E+01 -0.0000000E+00
 -0.0000000E+00 -0.1138874E+01 -0.0000000E+00 -0.0000000E+00  0.2740680E+00
 -0.0000000E+00 -0.0000000E+00 -0.1409000E+00 -0.0000000E+00 -0.0000000E+00
  0.1251360E+01  0.5811810E+00  0.6130150E+00 -0.4561410E+00 -0.2502000E-02
 -0.0000000E+00 -0.0000000E+00
  0.0000000E+00  0.0000000E+00  0.0000000E+00  0.0000000E+00  0.0000000E+00
  0.0000000E+00  0.5472930E+00  0.3708400E-01  0.0000000E+00  0.1804040E+00
  0.1222400E-01  0.0000000E+00  0.0000000E+00  0.3232250E+00  0.2190100E-01
  0.0000000E+00 -0.1377471E+01 -0.9333700E-01  0.0000000E+00  0.1463437E+01
  0.9916200E-01  0.0000000E+00 -0.7871820E+00 -0.5333900E-01  0.0000000E+00
  0.0000000E+00  0.0000000E+00  0.0000000E+00  0.0000000E+00 -0.3521200E-01
 -0.2386000E-02  0.0000000E+00  0.0000000E+00  0.0000000E+00  0.0000000E+00
  0.0000000E+00  0.0000000E+00  0.5472920E+00  0.3708500E-01  0.0000000E+00
  0.1804040E+00  0.1222400E-01  0.0000000E+00  0.0000000E+00  0.3232240E+00
  0.2190100E-01  0.0000000E+00 -0.1377470E+01 -0.9333700E-01  0.0000000E+00
  0.1463436E+01  0.9916200E-01  0.0000000E+00 -0.7871820E+00 -0.5333900E-01
  0.0000000E+00  0.0000000E+00  0.0000000E+00  0.0000000E+00  0.0000000E+00
  0.3521200E-01  0.2386000E-02
 -0.0000000E+00 -0.0000000E+00 -0.0000000E+00 -0.0000000E+00 -0.0000000E+00
 -0.0000000E+00 -0.3710100E-01  0.5475290E+00 -0.0000000E+00 -0.1222700E-01
  0.1804470E+00 -0.0000000E+00 -0.0000000E+00 -0.2176300E-01  0.3211660E+00
 -0.0000000E+00  0.9335700E-01 -0.1377747E+01 -0.0000000E+00 -0.9900200E-01
  0.1461065E+01 -0.0000000E+00  0.5305800E-01 -0.7830120E+00 -0.0000000E+00
 -0.0000000E+00 -0.0000000E+00 -0.0000000E+00 -0.0000000E+00  0.2412000E-02
 -0.3559200E-01 -0.0000000E+00 -0.0000000E+00 -0.0000000E+00 -0.0000000E+00
 -0.0000000E+00 -0.0000000E+00 -0.3710000E-01  0.5475290E+00 -0.0000000E+00
 -0.1222700E-01  0.1804470E+00 -0.0000000E+00 -0.0000000E+00 -0.2176300E-01
  0.3211660E+00 -0.0000000E+00  0.9335500E-01 -0.1377748E+01 -0.0000000E+00
 -0.9900100E-01  0.1461065E+01 -0.0000000E+00  0.5305700E-01 -0.7830130E+00
 -0.0000000E+00 -0.0000000E+00 -0.0000000E+00 -0.0000000E+00 -0.0000000E+00
 -0.2412000E-02  0.3559200E-01
  0.3496000E-02  0.9539000E-02 -0.1366400E-01 -0.1019540E+00  0.1994690E+00
 -0.4982600E-01 -0.0000000E+00 -0.0000000E+00 -0.5480260E+00 -0.0000000E+00
 -0.0000000E+00 -0.1738670E+00  0.7460500E-01 -0.0000000E+00 -0.0000000E+00
 -0.4521000E+00 -0.0000000E+00 -0.0000000E+00  0.1364389E+01 -0.0000000E+00
 -0.0000000E+00 -0.1387404E+01 -0.0000000E+00 -0.0000000E+00  0.8466540E+00
 -0.1535690E+00 -0.1546020E+00  0.6832800E-01  0.8100000E-04 -0.0000000E+00
 -0.0000000E+00  0.3496000E-02  0.9539000E-02 -0.1366500E-01 -0.1019460E+00
  0.1994590E+00 -0.4984700E-01 -0.0000000E+00 -0.0000000E+00  0.5480320E+00
 -0.0000000E+00 -0.0000000E+00  0.1738690E+00  0.7465900E-01 -0.0000000E+00
 -0.0000000E+00  0.4520770E+00 -0.0000000E+00 -0.0000000E+00 -0.1364404E+01
 -0.0000000E+00 -0.0000000E+00  0.1387421E+01 -0.0000000E+00 -0.0000000E+00
 -0.8466530E+00 -0.1535590E+00 -0.1545920E+00  0.6833100E-01  0.8100000E-04
 -0.0000000E+00 -0.0000000E+00
  0.0000000E+00  0.0000000E+00  0.0000000E+00  0.0000000E+00  0.0000000E+00
  0.0000000E+00 -0.5466140E+00 -0.3704300E-01  0.0000000E+00 -0.1797510E+00
 -0.1218200E-01  0.0000000E+00  0.0000000E+00 -0.6105140E+00 -0.4137100E-01
  0.0000000E+00  0.1406809E+01  0.9533800E-01  0.0000000E+00 -0.1537310E+01
 -0.1041810E+00  0.0000000E+00  0.1055863E+01  0.7155300E-01  0.0000000E+00
  0.0000000E+00  0.0000000E+00  0.0000000E+00  0.0000000E+00 -0.2285600E-01
 -0.1549000E-02  0.0000000E+00  0.0000000E+00  0.0000000E+00  0.0000000E+00
  0.0000000E+00  0.0000000E+00  0.5466150E+00  0.3704300E-01  0.0000000E+00
  0.1797510E+00  0.1218100E-01  0.0000000E+00  0.0000000E+00  0.6105140E+00
  0.4137100E-01  0.0000000E+00 -0.1406810E+01 -0.9533700E-01  0.0000000E+00
  0.1537310E+01  0.1041800E+00  0.0000000E+00 -0.1055863E+01 -0.7155200E-01
  0.0000000E+00  0.0000000E+00  0.0000000E+00  0.0000000E+00  0.0000000E+00
 -0.2285600E-01 -0.1549000E-02
 -0.0000000E+00 -0.0000000E+00 -0.0000000E+00 -0.0000000E+00 -0.0000000E+00
 -0.0000000E+00 -0.3704800E-01  0.5466910E+00 -0.0000000E+00 -0.1218100E-01
  0.1797430E+00 -0.0000000E+00 -0.0000000E+00 -0.4109400E-01  0.6063500E+00
 -0.0000000E+00  0.9534700E-01 -0.1406955E+01 -0.0000000E+00 -0.1040370E+00
  0.1535178E+01 -0.0000000E+00  0.7114400E-01 -0.1049783E+01 -0.0000000E+00
 -0.0000000E+00 -0.0000000E+00 -0.0000000E+00 -0.0000000E+00 -0.1594000E-02
  0.2352200E-01 -0.0000000E+00 -0.0000000E+00 -0.0000000E+00 -0.0000000E+00
 -0.0000000E+00 -0.0000000E+00  0.3704800E-01 -0.5466910E+00 -0.0000000E+00
  0.1218100E-01 -0.1797420E+00 -0.0000000E+00 -0.0000000E+00  0.4109400E-01
 -0.6063500E+00 -0.0000000E+00 -0.9534700E-01  0.1406955E+01 -0.0000000E+00
  0.1040370E+00 -0.1535178E+01 -0.0000000E+00 -0.7114400E-01  0.1049782E+01
 -0.0000000E+00 -0.0000000E+00 -0.0000000E+00 -0.0000000E+00 -0.0000000E+00
 -0.1594000E-02  0.2352100E-01
  0.4160000E-02  0.1083500E-01 -0.9327000E-02 -0.1577140E+00  0.1556710E+00
  0.4316230E+00  0.0000000E+00  0.0000000E+00  0.5270740E+00  0.0000000E+00
  0.0000000E+00  0.1791970E+00 -0.8398880E+00  0.0000000E+00  0.0000000E+00
 -0.8267000E-02  0.0000000E+00  0.0000000E+00 -0.1465482E+01  0.0000000E+00
  0.0000000E+00  0.1813922E+01  0.0000000E+00  0.0000000E+00 -0.8641550E+00
 -0.3262710E+00 -0.3287810E+00  0.1750240E+00  0.1970000E-03  0.0000000E+00
  0.0000000E+00 -0.4161000E-02 -0.1083600E-01  0.9325000E-02  0.1577600E+00
 -0.1557630E+00 -0.4316400E+00  0.0000000E+00  0.0000000E+00  0.5270690E+00
  0.0000000E+00  0.0000000E+00  0.1791960E+00  0.8398890E+00  0.0000000E+00
  0.0000000E+00 -0.8274000E-02  0.0000000E+00  0.0000000E+00 -0.1465470E+01
  0.0000000E+00  0.0000000E+00  0.1813908E+01  0.0000000E+00  0.0000000E+00
 -0.8641450E+00  0.3263120E+00  0.3288220E+00 -0.1749890E+00 -0.1970000E-03
  0.0000000E+00  0.0000000E+00
  0.4090600E-01  0.1051750E+00 -0.7019700E-01 -0.1817688E+01  0.3814477E+01
  0.1281506E+01 -0.0000000E+00 -0.0000000E+00  0.4416400E-01 -0.0000000E+00
 -0.0000000E+00  0.1552900E-01 -0.2668670E+00 -0.0000000E+00 -0.0000000E+00
 -0.3215800E-01 -0.0000000E+00 -0.0000000E+00 -0.1239780E+00 -0.0000000E+00
 -0.0000000E+00  0.8814300E-01 -0.0000000E+00 -0.0000000E+00 -0.4269200E-01
 -0.1798952E+01 -0.1801450E+01 -0.1748771E+01  0.1960000E-03 -0.0000000E+00
 -0.0000000E+00  0.4091400E-01  0.1051940E+00 -0.7020300E-01 -0.1818052E+01
  0.3815235E+01  0.1281772E+01 -0.0000000E+00 -0.0000000E+00 -0.4414500E-01
 -0.0000000E+00 -0.0000000E+00 -0.1552300E-01 -0.2665550E+00 -0.0000000E+00
 -0.0000000E+00  0.3204500E-01 -0.0000000E+00 -0.0000000E+00  0.1239150E+00
 -0.0000000E+00 -0.0000000E+00 -0.8805800E-01 -0.0000000E+00 -0.0000000E+00
  0.4255500E-01 -0.1799295E+01 -0.1801793E+01 -0.1749127E+01  0.1960000E-03
 -0.0000000E+00 -0.0000000E+00
  0.4134100E-01  0.1073350E+00 -0.8249000E-01 -0.1840822E+01  0.3768798E+01
  0.2007548E+01  0.0000000E+00  0.0000000E+00 -0.5210800E-01  0.0000000E+00
  0.0000000E+00 -0.1566200E-01 -0.2040081E+01  0.0000000E+00  0.0000000E+00
 -0.9196720E+00  0.0000000E+00  0.0000000E+00  0.1744610E+00  0.0000000E+00
  0.0000000E+00 -0.2070910E+00  0.0000000E+00  0.0000000E+00  0.5750570E+00
 -0.1860930E+01 -0.1862818E+01 -0.1879230E+01  0.1480000E-03  0.0000000E+00
  0.0000000E+00 -0.4133300E-01 -0.1073130E+00  0.8246300E-01  0.1840504E+01
 -0.3768108E+01 -0.2007294E+01  0.0000000E+00  0.0000000E+00 -0.5211700E-01
  0.0000000E+00  0.0000000E+00 -0.1566500E-01  0.2040025E+01  0.0000000E+00
  0.0000000E+00 -0.9196630E+00  0.0000000E+00  0.0000000E+00  0.1744870E+00
  0.0000000E+00  0.0000000E+00 -0.2071120E+00  0.0000000E+00  0.0000000E+00
  0.5750690E+00  0.1860598E+01  0.1862486E+01  0.1878904E+01 -0.1480000E-03
  0.0000000E+00  0.0000000E+00
 -0.8546900E-01 -0.3618780E+00  0.2458308E+01 -0.4522794E+01  0.4884869E+01
  0.5066620E+00  0.0000000E+00  0.0000000E+00  0.1440000E-03  0.0000000E+00
  0.0000000E+00 -0.2853000E-02 -0.1062000E+00  0.0000000E+00  0.0000000E+00
 -0.2333400E-01  0.0000000E+00  0.0000000E+00 -0.1645000E-01  0.0000000E+00
  0.0000000E+00  0.5498000E-02  0.0000000E+00  0.0000000E+00  0.4860000E-03
 -0.1620943E+01 -0.1620703E+01 -0.1602332E+01 -0.1900000E-04  0.0000000E+00
  0.0000000E+00 -0.8549700E-01 -0.3619960E+00  0.2459109E+01 -0.4524285E+01
  0.4886484E+01  0.5069100E+00  0.0000000E+00  0.0000000E+00 -0.1470000E-03
  0.0000000E+00  0.0000000E+00  0.2848000E-02 -0.1063340E+00  0.0000000E+00
  0.0000000E+00  0.2339700E-01  0.0000000E+00  0.0000000E+00  0.1644100E-01
  0.0000000E+00  0.0000000E+00 -0.5481000E-02  0.0000000E+00  0.0000000E+00
 -0.5610000E-03 -0.1621489E+01 -0.1621250E+01 -0.1602879E+01 -0.1900000E-04
  0.0000000E+00  0.0000000E+00
 -0.8536900E-01 -0.3622760E+00  0.2486130E+01 -0.4661962E+01  0.5072277E+01
  0.8685940E+00  0.0000000E+00  0.0000000E+00  0.6764000E-02  0.0000000E+00
  0.0000000E+00  0.1286300E-01 -0.9129970E+00  0.0000000E+00  0.0000000E+00
 -0.4030770E+00  0.0000000E+00  0.0000000E+00  0.2734200E-01  0.0000000E+00
  0.0000000E+00 -0.4216500E-01  0.0000000E+00  0.0000000E+00  0.2251980E+00
 -0.1736878E+01 -0.1736627E+01 -0.1738125E+01 -0.2000000E-04  0.0000000E+00
  0.0000000E+00  0.8534200E-01  0.3621600E+00 -0.2485338E+01  0.4660495E+01
 -0.5070683E+01 -0.8684230E+00  0.0000000E+00  0.0000000E+00  0.6764000E-02
  0.0000000E+00  0.0000000E+00  0.1286500E-01  0.9129600E+00  0.0000000E+00
  0.0000000E+00 -0.4030690E+00  0.0000000E+00  0.0000000E+00  0.2734700E-01
  0.0000000E+00  0.0000000E+00 -0.4216700E-01  0.0000000E+00  0.0000000E+00
  0.2251990E+00  0.1736347E+01  0.1736096E+01  0.1737600E+01  0.2000000E-04
  0.0000000E+00  0.0000000E+00
 -0.0000000E+00 -0.0000000E+00 -0.0000000E+00 -0.0000000E+00 -0.0000000E+00
 -0.0000000E+00  0.2391979E+01  0.1620480E+00 -0.0000000E+00  0.2418791E+01
  0.1638650E+00 -0.0000000E+00 -0.0000000E+00  0.1498310E+00  0.1015100E-01
 -0.0000000E+00 -0.1682140E+01 -0.1139590E+00 -0.0000000E+00  0.8529940E+00
  0.5778700E-01 -0.0000000E+00 -0.3659700E+00 -0.2479300E-01 -0.0000000E+00
 -0.0000000E+00 -0.0000000E+00 -0.0000000E+00 -0.0000000E+00 -0.9824000E-02
 -0.6660000E-03 -0.0000000E+00 -0.0000000E+00 -0.0000000E+00 -0.0000000E+00
 -0.0000000E+00 -0.0000000E+00  0.2391978E+01  0.1620480E+00 -0.0000000E+00
  0.2418790E+01  0.1638650E+00 -0.0000000E+00 -0.0000000E+00  0.1498310E+00
  0.1015100E-01 -0.0000000E+00 -0.1682140E+01 -0.1139590E+00 -0.0000000E+00
  0.8529940E+00  0.5778700E-01 -0.0000000E+00 -0.3659700E+00 -0.2479300E-01
 -0.0000000E+00 -0.0000000E+00 -0.0000000E+00 -0.0000000E+00 -0.0000000E+00
  0.9824000E-02  0.6660000E-03
  0.0000000E+00  0.0000000E+00  0.0000000E+00  0.0000000E+00  0.0000000E+00
  0.0000000E+00 -0.1620550E+00  0.2392068E+01  0.0000000E+00 -0.1638660E+00
  0.2418811E+01  0.0000000E+00  0.0000000E+00 -0.1014500E-01  0.1497460E+00
  0.0000000E+00  0.1139610E+00 -0.1682169E+01  0.0000000E+00 -0.5777400E-01
  0.8527940E+00  0.0000000E+00  0.2478100E-01 -0.3657910E+00  0.0000000E+00
  0.0000000E+00  0.0000000E+00  0.0000000E+00  0.0000000E+00  0.6650000E-03
 -0.9815000E-02  0.0000000E+00  0.0000000E+00  0.0000000E+00  0.0000000E+00
  0.0000000E+00  0.0000000E+00 -0.1620540E+00  0.2392069E+01  0.0000000E+00
 -0.1638660E+00  0.2418812E+01  0.0000000E+00  0.0000000E+00 -0.1014500E-01
  0.1497460E+00  0.0000000E+00  0.1139610E+00 -0.1682169E+01  0.0000000E+00
 -0.5777400E-01  0.8527940E+00  0.0000000E+00  0.2478100E-01 -0.3657910E+00
  0.0000000E+00  0.0000000E+00  0.0000000E+00  0.0000000E+00  0.0000000E+00
 -0.6650000E-03  0.9815000E-02
 -0.0000000E+00 -0.0000000E+00 -0.0000000E+00 -0.0000000E+00 -0.0000000E+00
 -0.0000000E+00 -0.2411560E+01 -0.1633800E+00 -0.0000000E+00 -0.2433334E+01
 -0.1648550E+00 -0.0000000E+00 -0.0000000E+00 -0.2902820E+00 -0.1966600E-01
 -0.0000000E+00  0.1723064E+01  0.1167350E+00 -0.0000000E+00 -0.9125080E+00
 -0.6182100E-01 -0.0000000E+00  0.5012420E+00  0.3395800E-01 -0.0000000E+00
 -0.0000000E+00 -0.0000000E+00 -0.0000000E+00 -0.0000000E+00 -0.7645000E-02
 -0.5180000E-03 -0.0000000E+00 -0.0000000E+00 -0.0000000E+00 -0.0000000E+00
 -0.0000000E+00 -0.0000000E+00  0.2411561E+01  0.1633790E+00 -0.0000000E+00
  0.2433334E+01  0.1648550E+00 -0.0000000E+00 -0.0000000E+00  0.2902820E+00
  0.1966600E-01 -0.0000000E+00 -0.1723064E+01 -0.1167350E+00 -0.0000000E+00
  0.9125080E+00  0.6182100E-01 -0.0000000E+00 -0.5012420E+00 -0.3395800E-01
 -0.0000000E+00 -0.0000000E+00 -0.0000000E+00 -0.0000000E+00 -0.0000000E+00
 -0.7645000E-02 -0.5180000E-03
  0.0000000E+00  0.0000000E+00  0.0000000E+00  0.0000000E+00  0.0000000E+00
  0.0000000E+00 -0.1633860E+00  0.2411651E+01  0.0000000E+00 -0.1648560E+00
  0.2433356E+01  0.0000000E+00  0.0000000E+00 -0.1965500E-01  0.2901150E+00
  0.0000000E+00  0.1167370E+00 -0.1723100E+01  0.0000000E+00 -0.6180900E-01
  0.9123230E+00  0.0000000E+00  0.3394200E-01 -0.5009930E+00  0.0000000E+00
  0.0000000E+00  0.0000000E+00  0.0000000E+00  0.0000000E+00 -0.5200000E-03
  0.7670000E-02  0.0000000E+00  0.0000000E+00  0.0000000E+00  0.0000000E+00
  0.0000000E+00  0.0000000E+00  0.1633860E+00 -0.2411650E+01  0.0000000E+00
  0.1648560E+00 -0.2433355E+01  0.0000000E+00  0.0000000E+00  0.1965500E-01
 -0.2901150E+00  0.0000000E+00 -0.1167370E+00  0.1723100E+01  0.0000000E+00
  0.6180900E-01 -0.9123230E+00  0.0000000E+00 -0.3394200E-01  0.5009930E+00
  0.0000000E+00  0.0000000E+00  0.0000000E+00  0.0000000E+00  0.0000000E+00
 -0.5200000E-03  0.7670000E-02
  0.1102000E-02  0.4422000E-02 -0.4174700E-01  0.1197970E+00 -0.2155940E+00
 -0.3521900E-01  0.0000000E+00  0.0000000E+00  0.2433381E+01  0.0000000E+00
  0.0000000E+00  0.2449982E+01 -0.2167380E+00  0.0000000E+00  0.0000000E+00
  0.9954500E-01  0.0000000E+00  0.0000000E+00 -0.1793126E+01  0.0000000E+00
  0.0000000E+00  0.1067310E+01  0.0000000E+00  0.0000000E+00 -0.5265350E+00
  0.3504800E-01  0.3505000E-01  0.1684780E+00 -0.0000000E+00  0.0000000E+00
  0.0000000E+00 -0.1102000E-02 -0.4422000E-02  0.4174800E-01 -0.1198000E+00
  0.2155970E+00  0.3522000E-01  0.0000000E+00  0.0000000E+00  0.2433389E+01
  0.0000000E+00  0.0000000E+00  0.2449990E+01  0.2167380E+00  0.0000000E+00
  0.0000000E+00  0.9954600E-01  0.0000000E+00  0.0000000E+00 -0.1793132E+01
  0.0000000E+00  0.0000000E+00  0.1067313E+01  0.0000000E+00  0.0000000E+00
 -0.5265370E+00 -0.3504900E-01 -0.3505100E-01 -0.1684790E+00  0.0000000E+00
  0.0000000E+00  0.0000000E+00
 -0.4370000E-03 -0.1781000E-02  0.1798700E-01 -0.6002700E-01  0.1004830E+00
  0.8852500E-01  0.0000000E+00  0.0000000E+00  0.2440847E+01  0.0000000E+00
  0.0000000E+00  0.2458005E+01 -0.4992900E-01  0.0000000E+00  0.0000000E+00
  0.2204090E+00  0.0000000E+00  0.0000000E+00 -0.1736432E+01  0.0000000E+00
  0.0000000E+00  0.8621570E+00  0.0000000E+00  0.0000000E+00 -0.4151440E+00
 -0.3035000E-01 -0.3034100E-01 -0.1012250E+00 -0.1000000E-05  0.0000000E+00
  0.0000000E+00 -0.4370000E-03 -0.1781000E-02  0.1798600E-01 -0.6002500E-01
  0.1004810E+00  0.8852200E-01  0.0000000E+00  0.0000000E+00 -0.2440839E+01
  0.0000000E+00  0.0000000E+00 -0.2457997E+01 -0.4991500E-01  0.0000000E+00
  0.0000000E+00 -0.2204140E+00  0.0000000E+00  0.0000000E+00  0.1736426E+01
  0.0000000E+00  0.0000000E+00 -0.8621540E+00  0.0000000E+00  0.0000000E+00
  0.4151420E+00 -0.3034900E-01 -0.3034000E-01 -0.1012240E+00 -0.1000000E-05
  0.0000000E+00  0.0000000E+00
 -0.1101749E+01  0.1408498E+01 -0.1331244E+01  0.1479349E+01 -0.1344751E+01
 -0.1348420E+00 -0.0000000E+00 -0.0000000E+00 -0.4034000E-02 -0.0000000E+00
 -0.0000000E+00 -0.3289000E-02  0.2926000E-01 -0.0000000E+00 -0.0000000E+00
  0.6513000E-02 -0.0000000E+00 -0.0000000E+00  0.6892000E-02 -0.0000000E+00
 -0.0000000E+00 -0.2141000E-02 -0.0000000E+00 -0.0000000E+00  0.2900000E-04
  0.4375830E+00  0.4375800E+00  0.4335920E+00  0.0000000E+00 -0.0000000E+00
 -0.0000000E+00 -0.1101785E+01  0.1408544E+01 -0.1331288E+01  0.1479399E+01
 -0.1344796E+01 -0.1348500E+00 -0.0000000E+00 -0.0000000E+00  0.4034000E-02
 -0.0000000E+00 -0.0000000E+00  0.3289000E-02  0.2926500E-01 -0.0000000E+00
 -0.0000000E+00 -0.6515000E-02 -0.0000000E+00 -0.0000000E+00 -0.6892000E-02
 -0.0000000E+00 -0.0000000E+00  0.2141000E-02 -0.0000000E+00 -0.0000000E+00
 -0.2700000E-04  0.4375980E+00  0.4375960E+00  0.4336070E+00  0.0000000E+00
 -0.0000000E+00 -0.0000000E+00
 -0.1102264E+01  0.1410824E+01 -0.1346087E+01  0.1524077E+01 -0.1397061E+01
 -0.2304000E+00 -0.0000000E+00 -0.0000000E+00  0.8304000E-02 -0.0000000E+00
 -0.0000000E+00  0.6929000E-02  0.2499320E+00 -0.0000000E+00 -0.0000000E+00
  0.1114590E+00 -0.0000000E+00 -0.0000000E+00 -0.1376300E-01 -0.0000000E+00
 -0.0000000E+00  0.1391700E-01 -0.0000000E+00 -0.0000000E+00 -0.6324700E-01
  0.4683390E+00  0.4683360E+00  0.4678300E+00  0.0000000E+00 -0.0000000E+00
 -0.0000000E+00  0.1102228E+01 -0.1410778E+01  0.1346043E+01 -0.1524028E+01
  0.1397016E+01  0.2303950E+00 -0.0000000E+00 -0.0000000E+00  0.8305000E-02
 -0.0000000E+00 -0.0000000E+00  0.6929000E-02 -0.2499310E+00 -0.0000000E+00
 -0.0000000E+00  0.1114590E+00 -0.0000000E+00 -0.0000000E+00 -0.1376300E-01
 -0.0000000E+00 -0.0000000E+00  0.1391700E-01 -0.0000000E+00 -0.0000000E+00
 -0.6324700E-01 -0.4683240E+00 -0.4683220E+00 -0.4678150E+00 -0.0000000E+00
 -0.0000000E+00 -0.0000000E+00
