 2.63558296E-01 4.87486842E-01 3.97445513E-01 -0.00000000E+00 -0.00000000E+00
-0.00000000E+00                                                            
-1.37950528E-01 -1.15399421E+00 1.42793694E+00 -0.00000000E+00 -0.00000000E+00
-0.00000000E+00
 0.00000000E+00 0.00000000E+00 0.00000000E+00 0.00000000E+00 -1.20825384E-01
 9.92673777E-01
 0.00000000E+00 0.00000000E+00 0.00000000E+00 1.00000000E+00 0.00000000E+00
 0.00000000E+00
 0.00000000E+00 0.00000000E+00 0.00000000E+00 0.00000000E+00 9.92673777E-01
 1.20825384E-01
-1.44386949E+00 1.69876396E+00 -6.96295580E-01 -0.00000000E+00 -0.00000000E+00
-0.00000000E+00                                                              
