
 1.0000000000098983E+00 

 1.0000000000245988E+00 

 1.0000000000566387E+00 

 1.0000000000566387E+00 

 1.0000000000566387E+00 

 1.0000000000000002E+00 

 1.0000000000000000E+00 

 1.0000000000000000E+00 

 1.0000000000000000E+00 

 1.0000000000000000E+00 

 1.0000000000000000E+00 

 1.0000000000000000E+00 

 1.0000000000000000E+00 

 1.0000000000000002E+00 

 1.0000000000000002E+00 

 1.0000000000000002E+00 

 1.0000000000000002E+00 

 1.0000000000000002E+00 

 1.0000000000000002E+00 

 1.0000000000000002E+00 

 1.0000000000000000E+00 

 1.0000000000000000E+00 

 1.0000000000000000E+00 
