
 0.0022857405000000  
 
 0.0175938041000000  
 
 0.0863315201000000  
 
 0.2818350656000000  
 
 0.6405941491000000  
 
 0.1444670336000000  
 
 0.1086210323000000  
 
 0.9273012759000000  
 
 -0.0029716909000000  
 
 0.0361344032000000  
 
 0.2169580194000000  
 
 0.8418390753000000  
 
 0.0361344032000000  
 
 0.2169580194000000  
 
 0.8418390753000000  
 
 0.0361344032000000  
 
 0.2169580194000000  
 
 0.8418390753000000  
 
 1.0000000000000000  
 
 1.0000000000000000  
 
 1.0000000000000000  
 
 1.0000000000000000  
 
 1.0000000000000000  
 
 1.0000000000000000  
 
 1.0000000000000000  
 
 1.0000000000000000  
 
 1.0000000000000000  
 
 1.0000000000000000  
 
 1.0000000000000000  
 
 1.0000000000000000  
 
 1.0000000000000000  
 
 1.0000000000000000  
 
 1.0000000000000000  
 
 1.0000000000000000  
 
 1.0000000000000000  
 
 1.0000000000000000  
 