
 129200.0000000000000000  
 
 19350.0000000000000000  
 
 4404.0000000000000000  
 
 1248.0000000000000000  
 
 408.0000000000000000  
 
 148.1999999999999886  
 
 58.5000000000000000  
 
 24.5899999999999999  
 
 10.8100000000000005  
 
 4.8819999999999997  
 
 129200.0000000000000000  
 
 19350.0000000000000000  
 
 4404.0000000000000000  
 
 1248.0000000000000000  
 
 408.0000000000000000  
 
 148.1999999999999886  
 
 58.5000000000000000  
 
 24.5899999999999999  
 
 10.8100000000000005  
 
 4.8819999999999997  
 
 2.1949999999999998  
 
 0.8715000000000001  
 
 0.3504000000000000  
 
 0.1397000000000000  
 
 147.0000000000000000  
 
 34.7599999999999980  
 
 11.0000000000000000  
 
 3.9950000000000001  
 
 147.0000000000000000  
 
 34.7599999999999980  
 
 11.0000000000000000  
 
 3.9950000000000001  
 
 147.0000000000000000  
 
 34.7599999999999980  
 
 11.0000000000000000  
 
 3.9950000000000001  
 
 1.5870000000000000  
 
 1.5870000000000000  
 
 1.5870000000000000  
 
 0.6533000000000000  
 
 0.6533000000000000  
 
 0.6533000000000000  
 
 0.2686000000000000  
 
 0.2686000000000000  
 
 0.2686000000000000  
 
 0.1067000000000000  
 
 0.1067000000000000  
 
 0.1067000000000000  
 
 4.6470000000000002  
 
 4.6470000000000002  
 
 4.6470000000000002  
 
 4.6470000000000002  
 
 4.6470000000000002  
 
 4.6470000000000002  
 
 1.8129999999999999  
 
 1.8129999999999999  
 
 1.8129999999999999  
 
 1.8129999999999999  
 
 1.8129999999999999  
 
 1.8129999999999999  
 
 0.7070000000000000  
 
 0.7070000000000000  
 
 0.7070000000000000  
 
 0.7070000000000000  
 
 0.7070000000000000  
 
 0.7070000000000000  
 
 0.2760000000000000  
 
 0.2760000000000000  
 
 0.2760000000000000  
 
 0.2760000000000000  
 
 0.2760000000000000  
 
 0.2760000000000000  
 
 2.9420000000000002  
 
 2.9420000000000002  
 
 2.9420000000000002  
 
 2.9420000000000002  
 
 2.9420000000000002  
 
 2.9420000000000002  
 
 2.9420000000000002  
 
 2.9420000000000002  
 
 2.9420000000000002  
 
 2.9420000000000002  
 
 1.2040000000000000  
 
 1.2040000000000000  
 
 1.2040000000000000  
 
 1.2040000000000000  
 
 1.2040000000000000  
 
 1.2040000000000000  
 
 1.2040000000000000  
 
 1.2040000000000000  
 
 1.2040000000000000  
 
 1.2040000000000000  
 
 0.4930000000000000  
 
 0.4930000000000000  
 
 0.4930000000000000  
 
 0.4930000000000000  
 
 0.4930000000000000  
 
 0.4930000000000000  
 
 0.4930000000000000  
 
 0.4930000000000000  
 
 0.4930000000000000  
 
 0.4930000000000000  
 
 402.0000000000000000  
 
 60.2400000000000020  
 
 13.7300000000000004  
 
 3.9049999999999998  
 
 1.2829999999999999  
 
 0.4655000000000000  
 
 0.1811000000000000  
 
 0.0727900000000000  
 
 4.5160000000000000  
 
 4.5160000000000000  
 
 4.5160000000000000  
 
 1.7120000000000000  
 
 1.7120000000000000  
 
 1.7120000000000000  
 
 0.6490000000000000  
 
 0.6490000000000000  
 
 0.6490000000000000  
 
 0.2460000000000000  
 
 0.2460000000000000  
 
 0.2460000000000000  
 
 2.9500000000000002  
 
 2.9500000000000002  
 
 2.9500000000000002  
 
 2.9500000000000002  
 
 2.9500000000000002  
 
 2.9500000000000002  
 
 1.2060000000000000  
 
 1.2060000000000000  
 
 1.2060000000000000  
 
 1.2060000000000000  
 
 1.2060000000000000  
 
 1.2060000000000000  
 
 0.4930000000000000  
 
 0.4930000000000000  
 
 0.4930000000000000  
 
 0.4930000000000000  
 
 0.4930000000000000  
 
 0.4930000000000000  
 
 2.5059999999999998  
 
 2.5059999999999998  
 
 2.5059999999999998  
 
 2.5059999999999998  
 
 2.5059999999999998  
 
 2.5059999999999998  
 
 2.5059999999999998  
 
 2.5059999999999998  
 
 2.5059999999999998  
 
 2.5059999999999998  
 
 0.8750000000000000  
 
 0.8750000000000000  
 
 0.8750000000000000  
 
 0.8750000000000000  
 
 0.8750000000000000  
 
 0.8750000000000000  
 
 0.8750000000000000  
 
 0.8750000000000000  
 
 0.8750000000000000  
 
 0.8750000000000000  
 
 402.0000000000000000  
 
 60.2400000000000020  
 
 13.7300000000000004  
 
 3.9049999999999998  
 
 1.2829999999999999  
 
 0.4655000000000000  
 
 0.1811000000000000  
 
 0.0727900000000000  
 
 4.5160000000000000  
 
 4.5160000000000000  
 
 4.5160000000000000  
 
 1.7120000000000000  
 
 1.7120000000000000  
 
 1.7120000000000000  
 
 0.6490000000000000  
 
 0.6490000000000000  
 
 0.6490000000000000  
 
 0.2460000000000000  
 
 0.2460000000000000  
 
 0.2460000000000000  
 
 2.9500000000000002  
 
 2.9500000000000002  
 
 2.9500000000000002  
 
 2.9500000000000002  
 
 2.9500000000000002  
 
 2.9500000000000002  
 
 1.2060000000000000  
 
 1.2060000000000000  
 
 1.2060000000000000  
 
 1.2060000000000000  
 
 1.2060000000000000  
 
 1.2060000000000000  
 
 0.4930000000000000  
 
 0.4930000000000000  
 
 0.4930000000000000  
 
 0.4930000000000000  
 
 0.4930000000000000  
 
 0.4930000000000000  
 
 2.5059999999999998  
 
 2.5059999999999998  
 
 2.5059999999999998  
 
 2.5059999999999998  
 
 2.5059999999999998  
 
 2.5059999999999998  
 
 2.5059999999999998  
 
 2.5059999999999998  
 
 2.5059999999999998  
 
 2.5059999999999998  
 
 0.8750000000000000  
 
 0.8750000000000000  
 
 0.8750000000000000  
 
 0.8750000000000000  
 
 0.8750000000000000  
 
 0.8750000000000000  
 
 0.8750000000000000  
 
 0.8750000000000000  
 
 0.8750000000000000  
 
 0.8750000000000000  
 
 402.0000000000000000  
 
 60.2400000000000020  
 
 13.7300000000000004  
 
 3.9049999999999998  
 
 1.2829999999999999  
 
 0.4655000000000000  
 
 0.1811000000000000  
 
 0.0727900000000000  
 
 4.5160000000000000  
 
 4.5160000000000000  
 
 4.5160000000000000  
 
 1.7120000000000000  
 
 1.7120000000000000  
 
 1.7120000000000000  
 
 0.6490000000000000  
 
 0.6490000000000000  
 
 0.6490000000000000  
 
 0.2460000000000000  
 
 0.2460000000000000  
 
 0.2460000000000000  
 
 2.9500000000000002  
 
 2.9500000000000002  
 
 2.9500000000000002  
 
 2.9500000000000002  
 
 2.9500000000000002  
 
 2.9500000000000002  
 
 1.2060000000000000  
 
 1.2060000000000000  
 
 1.2060000000000000  
 
 1.2060000000000000  
 
 1.2060000000000000  
 
 1.2060000000000000  
 
 0.4930000000000000  
 
 0.4930000000000000  
 
 0.4930000000000000  
 
 0.4930000000000000  
 
 0.4930000000000000  
 
 0.4930000000000000  
 
 2.5059999999999998  
 
 2.5059999999999998  
 
 2.5059999999999998  
 
 2.5059999999999998  
 
 2.5059999999999998  
 
 2.5059999999999998  
 
 2.5059999999999998  
 
 2.5059999999999998  
 
 2.5059999999999998  
 
 2.5059999999999998  
 
 0.8750000000000000  
 
 0.8750000000000000  
 
 0.8750000000000000  
 
 0.8750000000000000  
 
 0.8750000000000000  
 
 0.8750000000000000  
 
 0.8750000000000000  
 
 0.8750000000000000  
 
 0.8750000000000000  
 
 0.8750000000000000  
 