
 0.0000250000000000  
 
 0.0001970000000000  
 
 0.0010320000000000  
 
 0.0043250000000000  
 
 0.0153800000000000  
 
 0.0468670000000000  
 
 0.1201160000000000  
 
 0.2456950000000000  
 
 0.3613790000000000  
 
 0.2872830000000000  
 
 -0.0000060000000000  
 
 -0.0000430000000000  
 
 -0.0002270000000000  
 
 -0.0009580000000000  
 
 -0.0034160000000000  
 
 -0.0106670000000000  
 
 -0.0282790000000000  
 
 -0.0640200000000000  
 
 -0.1139320000000000  
 
 -0.1469950000000000  
 
 1.0000000000000000  
 
 1.0000000000000000  
 
 1.0000000000000000  
 
 1.0000000000000000  
 
 0.0008920000000000  
 
 0.0070820000000000  
 
 0.0328160000000000  
 
 0.1082090000000000  
 
 0.0008920000000000  
 
 0.0070820000000000  
 
 0.0328160000000000  
 
 0.1082090000000000  
 
 0.0008920000000000  
 
 0.0070820000000000  
 
 0.0328160000000000  
 
 0.1082090000000000  
 
 1.0000000000000000  
 
 1.0000000000000000  
 
 1.0000000000000000  
 
 1.0000000000000000  
 
 1.0000000000000000  
 
 1.0000000000000000  
 
 1.0000000000000000  
 
 1.0000000000000000  
 
 1.0000000000000000  
 
 1.0000000000000000  
 
 1.0000000000000000  
 
 1.0000000000000000  
 
 1.0000000000000000  
 
 1.0000000000000000  
 
 1.0000000000000000  
 
 1.0000000000000000  
 
 1.0000000000000000  
 
 1.0000000000000000  
 
 1.0000000000000000  
 
 1.0000000000000000  
 
 1.0000000000000000  
 
 1.0000000000000000  
 
 1.0000000000000000  
 
 1.0000000000000000  
 
 1.0000000000000000  
 
 1.0000000000000000  
 
 1.0000000000000000  
 
 1.0000000000000000  
 
 1.0000000000000000  
 
 1.0000000000000000  
 
 1.0000000000000000  
 
 1.0000000000000000  
 
 1.0000000000000000  
 
 1.0000000000000000  
 
 1.0000000000000000  
 
 1.0000000000000000  
 
 1.0000000000000000  
 
 1.0000000000000000  
 
 1.0000000000000000  
 
 1.0000000000000000  
 
 1.0000000000000000  
 
 1.0000000000000000  
 
 1.0000000000000000  
 
 1.0000000000000000  
 
 1.0000000000000000  
 
 1.0000000000000000  
 
 1.0000000000000000  
 
 1.0000000000000000  
 
 1.0000000000000000  
 
 1.0000000000000000  
 
 1.0000000000000000  
 
 1.0000000000000000  
 
 1.0000000000000000  
 
 1.0000000000000000  
 
 1.0000000000000000  
 
 1.0000000000000000  
 
 1.0000000000000000  
 
 1.0000000000000000  
 
 1.0000000000000000  
 
 1.0000000000000000  
 
 1.0000000000000000  
 
 1.0000000000000000  
 
 1.0000000000000000  
 
 1.0000000000000000  
 
 1.0000000000000000  
 
 1.0000000000000000  
 
 0.0002790000000000  
 
 0.0021650000000000  
 
 0.0112010000000000  
 
 0.0448780000000000  
 
 1.0000000000000000  
 
 1.0000000000000000  
 
 1.0000000000000000  
 
 1.0000000000000000  
 
 1.0000000000000000  
 
 1.0000000000000000  
 
 1.0000000000000000  
 
 1.0000000000000000  
 
 1.0000000000000000  
 
 1.0000000000000000  
 
 1.0000000000000000  
 
 1.0000000000000000  
 
 1.0000000000000000  
 
 1.0000000000000000  
 
 1.0000000000000000  
 
 1.0000000000000000  
 
 1.0000000000000000  
 
 1.0000000000000000  
 
 1.0000000000000000  
 
 1.0000000000000000  
 
 1.0000000000000000  
 
 1.0000000000000000  
 
 1.0000000000000000  
 
 1.0000000000000000  
 
 1.0000000000000000  
 
 1.0000000000000000  
 
 1.0000000000000000  
 
 1.0000000000000000  
 
 1.0000000000000000  
 
 1.0000000000000000  
 
 1.0000000000000000  
 
 1.0000000000000000  
 
 1.0000000000000000  
 
 1.0000000000000000  
 
 1.0000000000000000  
 
 1.0000000000000000  
 
 1.0000000000000000  
 
 1.0000000000000000  
 
 1.0000000000000000  
 
 1.0000000000000000  
 
 1.0000000000000000  
 
 1.0000000000000000  
 
 1.0000000000000000  
 
 1.0000000000000000  
 
 1.0000000000000000  
 
 1.0000000000000000  
 
 1.0000000000000000  
 
 1.0000000000000000  
 
 1.0000000000000000  
 
 1.0000000000000000  
 
 1.0000000000000000  
 
 1.0000000000000000  
 
 1.0000000000000000  
 
 1.0000000000000000  
 
 0.0002790000000000  
 
 0.0021650000000000  
 
 0.0112010000000000  
 
 0.0448780000000000  
 
 1.0000000000000000  
 
 1.0000000000000000  
 
 1.0000000000000000  
 
 1.0000000000000000  
 
 1.0000000000000000  
 
 1.0000000000000000  
 
 1.0000000000000000  
 
 1.0000000000000000  
 
 1.0000000000000000  
 
 1.0000000000000000  
 
 1.0000000000000000  
 
 1.0000000000000000  
 
 1.0000000000000000  
 
 1.0000000000000000  
 
 1.0000000000000000  
 
 1.0000000000000000  
 
 1.0000000000000000  
 
 1.0000000000000000  
 
 1.0000000000000000  
 
 1.0000000000000000  
 
 1.0000000000000000  
 
 1.0000000000000000  
 
 1.0000000000000000  
 
 1.0000000000000000  
 
 1.0000000000000000  
 
 1.0000000000000000  
 
 1.0000000000000000  
 
 1.0000000000000000  
 
 1.0000000000000000  
 
 1.0000000000000000  
 
 1.0000000000000000  
 
 1.0000000000000000  
 
 1.0000000000000000  
 
 1.0000000000000000  
 
 1.0000000000000000  
 
 1.0000000000000000  
 
 1.0000000000000000  
 
 1.0000000000000000  
 
 1.0000000000000000  
 
 1.0000000000000000  
 
 1.0000000000000000  
 
 1.0000000000000000  
 
 1.0000000000000000  
 
 1.0000000000000000  
 
 1.0000000000000000  
 
 1.0000000000000000  
 
 1.0000000000000000  
 
 1.0000000000000000  
 
 1.0000000000000000  
 
 1.0000000000000000  
 
 1.0000000000000000  
 
 1.0000000000000000  
 
 1.0000000000000000  
 
 1.0000000000000000  
 
 0.0002790000000000  
 
 0.0021650000000000  
 
 0.0112010000000000  
 
 0.0448780000000000  
 
 1.0000000000000000  
 
 1.0000000000000000  
 
 1.0000000000000000  
 
 1.0000000000000000  
 
 1.0000000000000000  
 
 1.0000000000000000  
 
 1.0000000000000000  
 
 1.0000000000000000  
 
 1.0000000000000000  
 
 1.0000000000000000  
 
 1.0000000000000000  
 
 1.0000000000000000  
 
 1.0000000000000000  
 
 1.0000000000000000  
 
 1.0000000000000000  
 
 1.0000000000000000  
 
 1.0000000000000000  
 
 1.0000000000000000  
 
 1.0000000000000000  
 
 1.0000000000000000  
 
 1.0000000000000000  
 
 1.0000000000000000  
 
 1.0000000000000000  
 
 1.0000000000000000  
 
 1.0000000000000000  
 
 1.0000000000000000  
 
 1.0000000000000000  
 
 1.0000000000000000  
 
 1.0000000000000000  
 
 1.0000000000000000  
 
 1.0000000000000000  
 
 1.0000000000000000  
 
 1.0000000000000000  
 
 1.0000000000000000  
 
 1.0000000000000000  
 
 1.0000000000000000  
 
 1.0000000000000000  
 
 1.0000000000000000  
 
 1.0000000000000000  
 
 1.0000000000000000  
 
 1.0000000000000000  
 
 1.0000000000000000  
 
 1.0000000000000000  
 
 1.0000000000000000  
 
 1.0000000000000000  
 
 1.0000000000000000  
 
 1.0000000000000000  
 
 1.0000000000000000  
 
 1.0000000000000000  
 
 1.0000000000000000  
 
 1.0000000000000000  
 
 1.0000000000000000  
 
 1.0000000000000000  
 
 1.0000000000000000  
 