
 0.0021537500000000  
 
 0.0165823000000000  
 
 0.0821870000000000  
 
 0.2766180000000000  
 
 0.6293160000000000  
 
 0.1737700000000000  
 
 0.1174430000000000  
 
 0.9180020000000000  
 
 -0.0026510500000000  
 
 0.0418100000000000  
 
 0.2365750000000000  
 
 0.8162140000000000  
 
 0.0418100000000000  
 
 0.2365750000000000  
 
 0.8162140000000000  
 
 0.0418100000000000  
 
 0.2365750000000000  
 
 0.8162140000000000  
 
 1.0000000000000000  
 
 1.0000000000000000  
 
 1.0000000000000000  
 
 1.0000000000000000  
 
 1.0000000000000000  
 
 1.0000000000000000  
 
 1.0000000000000000  
 
 1.0000000000000000  
 
 1.0000000000000000  
 
 1.0000000000000000  
 
 1.0000000000000000  
 
 1.0000000000000000  
 
 1.0000000000000000  
 
 1.0000000000000000  
 
 1.0000000000000000  
 
 1.0000000000000000  
 
 1.0000000000000000  
 
 1.0000000000000000  
 