36166.4000000000014552
5372.5799999999999272
1213.2100000000000364
339.6229999999999905
109.5529999999999973
38.7772999999999968
38.7772999999999968
14.5759000000000007
5.2699299999999996
1.8277699999999999
0.6199480000000001
0.0572400000000000
0.0240480000000000
144.6450000000000102
33.9074000000000026
10.6285000000000007
3.8238900000000000
144.6450000000000102
33.9074000000000026
10.6285000000000007
3.8238900000000000
144.6450000000000102
33.9074000000000026
10.6285000000000007
3.8238900000000000
1.4442900000000001
0.5526210000000000
1.4442900000000001
0.5526210000000000
1.4442900000000001
0.5526210000000000
0.0076000000000000
0.0076000000000000
0.0076000000000000
0.0076000000000000
0.1887200000000000
0.1887200000000000
0.1887200000000000
0.0465010000000000
0.0465010000000000
0.0465010000000000
0.0162850000000000
0.0162850000000000
0.0162850000000000
0.1750000000000000
0.1750000000000000
0.1750000000000000
0.1750000000000000
0.1750000000000000
0.1750000000000000
