0.0010320004550000
0.0080710035570000
0.0421290185680000
0.1697890748340000
0.5146212268170000
0.3798171674030000
0.3747618096500000
0.5757687075540000
0.1129329426390000
1.0000000000000000
1.0000000000000000
1.0000000000000000
1.0000000000000000
0.0114850016000000
0.0823830114760000
0.3196580445280000
0.7012950976890000
0.0114850016000000
0.0823830114760000
0.3196580445280000
0.7012950976890000
0.0114850016000000
0.0823830114760000
0.3196580445280000
0.7012950976890000
0.6385061213290000
0.4253650808280000
0.6385061213290000
0.4253650808280000
0.6385061213290000
0.4253650808280000
1.0000000000000000
1.0000000000000000
1.0000000000000000
1.0000000000000000
1.0000000000000000
1.0000000000000000
1.0000000000000000
1.0000000000000000
1.0000000000000000
1.0000000000000000
1.0000000000000000
1.0000000000000000
1.0000000000000000
1.0000000000000000
1.0000000000000000
1.0000000000000000
1.0000000000000000
1.0000000000000000
1.0000000000000000
