
 0.0018951500000000  
 
 0.0143859000000000  
 
 0.0707320000000000  
 
 0.2400010000000000  
 
 0.5947970000000000  
 
 0.2808020000000000  
 
 0.1138890000000000  
 
 0.9208110000000000  
 
 -0.0032744700000000  
 
 0.0365114000000000  
 
 0.2371530000000000  
 
 0.8197020000000000  
 
 0.0365114000000000  
 
 0.2371530000000000  
 
 0.8197020000000000  
 
 0.0365114000000000  
 
 0.2371530000000000  
 
 0.8197020000000000  
 
 1.0000000000000000  
 
 1.0000000000000000  
 
 1.0000000000000000  
 
 1.0000000000000000  
 
 1.0000000000000000  
 
 1.0000000000000000  
 
 1.0000000000000000  
 
 1.0000000000000000  
 
 1.0000000000000000  
 
 1.0000000000000000  
 
 1.0000000000000000  
 
 1.0000000000000000  
 