  0.9978480E+00  0.1536100E-01  0.0000000E+00  0.0000000E+00  0.0000000E+00
 -0.3302000E-02  0.0000000E+00  0.0000000E+00  0.0000000E+00
 -0.2151690E+00  0.2501150E+00 -0.0000000E+00 -0.0000000E+00 -0.0000000E+00
  0.8098240E+00 -0.0000000E+00 -0.0000000E+00 -0.0000000E+00
 -0.0000000E+00 -0.0000000E+00  0.2554020E+00 -0.9239000E-02 -0.2776000E-02
 -0.0000000E+00  0.8273880E+00 -0.2993100E-01 -0.8993000E-02
  0.0000000E+00  0.0000000E+00  0.9243000E-02  0.2554170E+00  0.3260000E-03
  0.0000000E+00  0.2994400E-01  0.8274360E+00  0.1055000E-02
 -0.0000000E+00 -0.0000000E+00  0.2762000E-02 -0.4260000E-03  0.2555690E+00
 -0.0000000E+00  0.8949000E-02 -0.1379000E-02  0.8279280E+00
  0.0000000E+00  0.0000000E+00  0.8658200E-01 -0.7066600E-01  0.1205145E+01
  0.0000000E+00 -0.6574500E-01  0.5365900E-01 -0.9151160E+00
  0.0000000E+00  0.0000000E+00 -0.9762700E-01  0.1203873E+01  0.7760500E-01
  0.0000000E+00  0.7413200E-01 -0.9141510E+00 -0.5892900E-01
 -0.0000000E+00 -0.0000000E+00  0.1203261E+01  0.1027610E+00 -0.8042100E-01
 -0.0000000E+00 -0.9136860E+00 -0.7803100E-01  0.6106700E-01
 -0.9814000E-02  0.1644305E+01 -0.0000000E+00 -0.0000000E+00 -0.0000000E+00
 -0.1460618E+01 -0.0000000E+00 -0.0000000E+00 -0.0000000E+00
