77492.3999999999941792
11605.7999999999992724
2645.9600000000000364
754.9759999999999991
248.7549999999999955
91.1564999999999941
91.1564999999999941
36.2257000000000033
15.2112999999999996
4.7941700000000003
1.8079300000000000
0.3568160000000000
0.1147830000000000
384.8430000000000177
90.5520999999999958
29.1339000000000006
10.8862000000000005
384.8430000000000177
90.5520999999999958
29.1339000000000006
10.8862000000000005
384.8430000000000177
90.5520999999999958
29.1339000000000006
10.8862000000000005
4.3525900000000002
1.7770600000000001
4.3525900000000002
1.7770600000000001
4.3525900000000002
1.7770600000000001
0.0348000000000000
0.0348000000000000
0.0348000000000000
0.0348000000000000
0.6970050000000000
0.6970050000000000
0.6970050000000000
0.2535320000000000
0.2535320000000000
0.2535320000000000
0.0684930000000000
0.0684930000000000
0.0684930000000000
0.5500000000000000
0.5500000000000000
0.5500000000000000
0.5500000000000000
0.5500000000000000
0.5500000000000000
