0.0007810001470000
0.0060680011420000
0.0311600058660000
0.1234310232370000
0.3782090712020000
0.5632621060400000
0.1602550114660000
0.6276470449060000
0.2638490188780000
1.0000000000000000
1.0000000000000000
1.0000000000000000
1.0000000000000000
0.0092059988800000
0.0698739914980000
0.2924699644150000
0.7281029114100001
0.0092059988800000
0.0698739914980000
0.2924699644150000
0.7281029114100001
0.0092059988800000
0.0698739914980000
0.2924699644150000
0.7281029114100001
0.6283488727450000
0.4280439133110000
0.6283488727450000
0.4280439133110000
0.6283488727450000
0.4280439133110000
1.0000000000000000
1.0000000000000000
1.0000000000000000
1.0000000000000000
1.0000000000000000
1.0000000000000000
1.0000000000000000
1.0000000000000000
1.0000000000000000
1.0000000000000000
1.0000000000000000
1.0000000000000000
1.0000000000000000
1.0000000000000000
1.0000000000000000
1.0000000000000000
1.0000000000000000
1.0000000000000000
1.0000000000000000
