  0.9959070E+00  0.1863600E-01 -0.0000000E+00 -0.0000000E+00 -0.0000000E+00
 -0.1979000E-02 -0.0000000E+00 -0.0000000E+00 -0.0000000E+00
 -0.2421320E+00  0.2970150E+00 -0.0000000E+00 -0.0000000E+00 -0.0000000E+00
  0.7812880E+00 -0.0000000E+00 -0.0000000E+00 -0.0000000E+00
 -0.0000000E+00 -0.0000000E+00  0.5314070E+00 -0.0000000E+00 -0.0000000E+00
 -0.0000000E+00  0.6114430E+00 -0.0000000E+00 -0.0000000E+00
 -0.0000000E+00 -0.0000000E+00 -0.0000000E+00 -0.8502000E-02  0.4033100E+00
 -0.0000000E+00 -0.0000000E+00 -0.1530400E-01  0.7260320E+00
  0.0000000E+00  0.0000000E+00  0.0000000E+00  0.4033100E+00  0.8502000E-02
  0.0000000E+00  0.0000000E+00  0.7260320E+00  0.1530400E-01
  0.0000000E+00  0.0000000E+00  0.1051715E+01  0.0000000E+00  0.0000000E+00
  0.0000000E+00 -0.1007291E+01  0.0000000E+00  0.0000000E+00
  0.0000000E+00  0.0000000E+00  0.0000000E+00  0.4580000E-03  0.1107144E+01
  0.0000000E+00  0.0000000E+00 -0.3840000E-03 -0.9279770E+00
 -0.0000000E+00 -0.0000000E+00 -0.0000000E+00  0.1107144E+01 -0.4580000E-03
 -0.0000000E+00 -0.0000000E+00 -0.9279770E+00  0.3840000E-03
 -0.9524500E-01  0.1525694E+01 -0.0000000E+00 -0.0000000E+00 -0.0000000E+00
 -0.1331370E+01 -0.0000000E+00 -0.0000000E+00 -0.0000000E+00
