
 1.0000002118182616E+00 

 9.9999982580600311E-01 

 9.9999999999999978E-01 

 1.0000000000000000E+00 

 1.0000000000000002E+00 

 1.0000000000000002E+00 

 9.9999990440440811E-01 

 9.9999990440440811E-01 

 9.9999990440440811E-01 

 1.0000000755427868E+01 

 1.0000000755427868E+01 

 1.0000000755427868E+01 

 1.0000000000000000E+00 

 1.0000000000000000E+00 

 1.0000000000000000E+00 

 1.0000000000000004E+00 

 1.0000000000000004E+00 

 1.0000000000000004E+00 

 1.0000000000000002E+00 

 1.0000000000000002E+00 

 1.0000000000000002E+00 

 1.0000000000000000E+00 

 1.0000000000000000E+00 

 1.0000000000000000E+00 

 1.0000000000000000E+00 

 1.0000000000000000E+00 

 1.0000000000000000E+00 

 1.0000000000000000E+00 

 1.0000000000000000E+00 

 1.0000000000000000E+00 

 1.0000000000000000E+00 

 1.0000000000000000E+00 

 1.0000000000000000E+00 

 1.0000000000000000E+00 

 1.0000000000000000E+00 

 1.0000000000000000E+00 

 1.0000000000000000E+00 
