
 118022.3800000000046566  
 
 17683.5410000000010768  
 
 4027.7656999999999243  
 
 1145.3976999999999862  
 
 377.1637499999999932  
 
 138.1596900000000119  
 
 138.1596900000000119  
 
 54.9891170000000002  
 
 23.1706670000000017  
 
 7.3778600000000001  
 
 2.9236879999999998  
 
 0.6504050000000000  
 
 0.2328250000000000  
 
 663.0620099999999866  
 
 157.0928099999999858  
 
 50.2310999999999979  
 
 18.6353450000000009  
 
 7.4465370000000002  
 
 663.0620099999999866  
 
 157.0928099999999858  
 
 50.2310999999999979  
 
 18.6353450000000009  
 
 7.4465370000000002  
 
 663.0620099999999866  
 
 157.0928099999999858  
 
 50.2310999999999979  
 
 18.6353450000000009  
 
 7.4465370000000002  
 
 7.4465370000000002  
 
 3.0956980000000001  
 
 7.4465370000000002  
 
 3.0956980000000001  
 
 7.4465370000000002  
 
 3.0956980000000001  
 
 1.1064630000000000  
 
 1.1064630000000000  
 
 1.1064630000000000  
 
 0.4156010000000000  
 
 0.4156010000000000  
 
 0.4156010000000000  
 
 0.1454490000000000  
 
 0.1454490000000000  
 
 0.1454490000000000  
 
 0.0600000000000000  
 
 0.0600000000000000  
 
 0.0600000000000000  
 
 0.0600000000000000  
 
 1.7000000000000000  
 
 1.7000000000000000  
 
 1.7000000000000000  
 
 1.7000000000000000  
 
 1.7000000000000000  
 
 1.7000000000000000  
 
 0.4250000000000000  
 
 0.4250000000000000  
 
 0.4250000000000000  
 
 0.4250000000000000  
 
 0.4250000000000000  
 
 0.4250000000000000  
 