
 0.0007470000000000  
 
 0.0057900000000000  
 
 0.0299190000000000  
 
 0.1192060000000000  
 
 0.3690280000000000  
 
 0.5764590000000001  
 
 0.1439270000000000  
 
 0.6229380000000000  
 
 0.2839640000000000  
 
 1.0000000000000000  
 
 1.0000000000000000  
 
 1.0000000000000000  
 
 1.0000000000000000  
 
 0.0030820000000000  
 
 0.0241650000000000  
 
 0.1082230000000000  
 
 0.2941920000000000  
 
 0.6878620000000000  
 
 0.0030820000000000  
 
 0.0241650000000000  
 
 0.1082230000000000  
 
 0.2941920000000000  
 
 0.6878620000000000  
 
 0.0030820000000000  
 
 0.0241650000000000  
 
 0.1082230000000000  
 
 0.2941920000000000  
 
 0.6878620000000000  
 
 -0.1214482000000000  
 
 0.1632370000000000  
 
 -0.1214482000000000  
 
 0.1632370000000000  
 
 -0.1214482000000000  
 
 0.1632370000000000  
 
 1.0000000000000000  
 
 1.0000000000000000  
 
 1.0000000000000000  
 
 1.0000000000000000  
 
 1.0000000000000000  
 
 1.0000000000000000  
 
 1.0000000000000000  
 
 1.0000000000000000  
 
 1.0000000000000000  
 
 1.0000000000000000  
 
 1.0000000000000000  
 
 1.0000000000000000  
 
 1.0000000000000000  
 
 1.0000000000000000  
 
 1.0000000000000000  
 
 1.0000000000000000  
 
 1.0000000000000000  
 
 1.0000000000000000  
 
 1.0000000000000000  
 
 1.0000000000000000  
 
 1.0000000000000000  
 
 1.0000000000000000  
 
 1.0000000000000000  
 
 1.0000000000000000  
 
 1.0000000000000000  
 