 6.98346234E-05  8.37254476E-06  2.98299910E-04  6.94093854E-04  2.49621091E-03
 7.48777443E-03  2.37348230E-02  6.95833209E-02  1.76289574E-01  3.51682516E-01
 3.98307589E-01  1.28892624E-01  3.37074543E-03 -1.11429502E-02  1.54586149E-05
 3.65701020E-04 -2.82085320E-04  1.69326273E-04 -5.99849079E-05  0.00000000E+00
 0.00000000E+00  0.00000000E+00  0.00000000E+00  0.00000000E+00  0.00000000E+00
 0.00000000E+00  0.00000000E+00  0.00000000E+00  0.00000000E+00  0.00000000E+00
 0.00000000E+00  0.00000000E+00  0.00000000E+00  0.00000000E+00  0.00000000E+00
 0.00000000E+00  0.00000000E+00  3.47973700E-03  3.47973700E-03  3.47973700E-03
 0.00000000E+00  0.00000000E+00  0.00000000E+00 
-1.28196522E-05 -1.17798859E-06 -5.53339774E-05 -1.24057414E-04 -4.62781794E-04
-1.35363904E-03 -4.43808463E-03 -1.29967936E-02 -3.53261179E-02 -7.75016412E-02
-1.35462447E-01 -9.53781843E-02  1.48243908E-01  7.03193834E-01  3.35005254E-01
 3.27281949E-03  6.06916465E-03 -3.64948408E-03  1.28499492E-03 -0.00000000E+00
-0.00000000E+00 -0.00000000E+00 -0.00000000E+00 -0.00000000E+00 -0.00000000E+00
-0.00000000E+00 -0.00000000E+00 -0.00000000E+00 -0.00000000E+00 -0.00000000E+00
-0.00000000E+00 -0.00000000E+00 -0.00000000E+00 -0.00000000E+00 -0.00000000E+00
-0.00000000E+00 -0.00000000E+00 -2.69850003E-02 -2.69850003E-02 -2.69850003E-02
-0.00000000E+00 -0.00000000E+00 -0.00000000E+00 
 4.28831011E-07 -4.12517027E-07  2.55441566E-06 -2.08430664E-07  1.99450117E-05
 9.22437026E-06  1.72205860E-04  1.38213424E-04  1.35767406E-03  4.82067210E-04
 7.64293847E-03 -1.37392841E-02  1.67523879E-01 -3.56356432E-01  1.03502345E-01
-2.50792894E-01  5.32880302E-01 -1.54189660E+00  2.04839034E+00  0.00000000E+00
 0.00000000E+00  0.00000000E+00  0.00000000E+00  0.00000000E+00  0.00000000E+00
 0.00000000E+00  0.00000000E+00  0.00000000E+00  0.00000000E+00  0.00000000E+00
 0.00000000E+00  0.00000000E+00  0.00000000E+00  0.00000000E+00  0.00000000E+00
 0.00000000E+00  0.00000000E+00  7.24784161E-02  7.24784161E-02  7.24784161E-02
 0.00000000E+00  0.00000000E+00  0.00000000E+00 
 4.31243911E-07  1.36735710E-06 -2.05216978E-07  1.69780377E-05  2.45466201E-06
 1.51494349E-04  7.97422900E-05  1.31005286E-03  6.81685526E-04  8.86555846E-03
-4.27667311E-03  5.35350532E-02 -5.12675618E-01  9.45689454E-01 -4.18693154E-01
 5.99205985E-01 -1.96487722E+00  4.46758028E+00 -2.57307967E+00 -0.00000000E+00
-0.00000000E+00 -0.00000000E+00 -0.00000000E+00 -0.00000000E+00 -0.00000000E+00
-0.00000000E+00 -0.00000000E+00 -0.00000000E+00 -0.00000000E+00 -0.00000000E+00
-0.00000000E+00 -0.00000000E+00 -0.00000000E+00 -0.00000000E+00 -0.00000000E+00
-0.00000000E+00 -0.00000000E+00 -2.08936234E-01 -2.08936234E-01 -2.08936234E-01
-0.00000000E+00 -0.00000000E+00 -0.00000000E+00 
 2.69073164E-06 -3.58424891E-06  1.75779839E-05 -1.09121855E-05  1.34983753E-04
-2.15909503E-05  1.13278290E-03  2.12987885E-04  8.90300533E-03 -1.65063151E-03
 5.46801199E-02 -1.23414677E-01  1.41850899E+00 -2.94804012E+00  9.80809121E-01
-2.52519763E+00  5.48251019E+00 -4.96252863E+00  1.90849393E+00 -0.00000000E+00
-0.00000000E+00 -0.00000000E+00 -0.00000000E+00 -0.00000000E+00 -0.00000000E+00
-0.00000000E+00 -0.00000000E+00 -0.00000000E+00 -0.00000000E+00 -0.00000000E+00
 1.02772758E-11 -0.00000000E+00 -0.00000000E+00 -0.00000000E+00  2.07494133E-11
 1.24852982E-11  3.19612781E-11  6.05015494E-01  6.05015494E-01  6.05015494E-01
-0.00000000E+00 -0.00000000E+00 -0.00000000E+00 
 0.00000000E+00  0.00000000E+00  0.00000000E+00  0.00000000E+00  0.00000000E+00
 0.00000000E+00  0.00000000E+00  0.00000000E+00  0.00000000E+00  0.00000000E+00
 0.00000000E+00  0.00000000E+00 -1.01205072E-11  3.05048628E-11 -1.09677004E-11
 8.85569512E-11 -2.24829710E-10  2.02683360E-10 -7.53408462E-11  4.50919617E-03
 5.38023392E-03  6.49763542E-03  1.33924862E-02  1.59795018E-02  1.92982273E-02
 1.37597561E-02  1.64177170E-02  1.98274538E-02  1.30383039E-01  1.55569025E-01
 1.87878598E-01 -7.39169710E-02 -8.81954521E-02 -1.06512449E-01  4.58854261E-01
 5.47490765E-01  6.61197159E-01  0.00000000E+00  0.00000000E+00  0.00000000E+00
 0.00000000E+00  0.00000000E+00  0.00000000E+00 
-0.00000000E+00 -0.00000000E+00 -0.00000000E+00 -0.00000000E+00 -0.00000000E+00
-0.00000000E+00 -0.00000000E+00 -0.00000000E+00 -0.00000000E+00 -0.00000000E+00
-0.00000000E+00 -0.00000000E+00 -0.00000000E+00 -0.00000000E+00 -0.00000000E+00
-0.00000000E+00 -1.53979785E-11 -0.00000000E+00 -0.00000000E+00  8.42939934E-03
-2.58207071E-03 -3.71176116E-03  2.50356405E-02 -7.66884939E-03 -1.10240735E-02
 2.57222074E-02 -7.87915669E-03 -1.13263931E-02  2.43735393E-01 -7.46603636E-02
-1.07325271E-01 -1.38178878E-01  4.23265785E-02  6.08450224E-02  8.57772795E-01
-2.62750632E-01 -3.77707547E-01 -0.00000000E+00 -0.00000000E+00 -0.00000000E+00
-0.00000000E+00 -0.00000000E+00 -0.00000000E+00 
-0.00000000E+00 -0.00000000E+00 -0.00000000E+00 -0.00000000E+00 -0.00000000E+00
-0.00000000E+00 -0.00000000E+00 -0.00000000E+00 -0.00000000E+00 -0.00000000E+00
-0.00000000E+00 -0.00000000E+00  4.70658643E-11 -9.27106628E-11  3.99859664E-11
-7.19096635E-11  1.01223761E-10 -7.58752526E-11  2.56256474E-11 -3.33781295E-04
 7.47562887E-03 -5.95840551E-03 -9.91343293E-04  2.22029055E-02 -1.76966937E-02
-1.01852947E-03  2.28117886E-02 -1.81820004E-02 -9.65125888E-03  2.16157198E-01
-1.72286809E-01  5.47150786E-03 -1.22544201E-01  9.76731264E-02 -3.39654704E-02
 7.60717438E-01 -6.06325308E-01  1.94174160E-11  1.94187875E-11  1.94183909E-11
-0.00000000E+00 -0.00000000E+00 -0.00000000E+00 
 5.22510750E-07  1.25211150E-05 -1.71592153E-05  1.25349307E-04 -1.04335028E-04
 1.05059036E-03 -4.72979611E-04  8.72906071E-03 -3.33860658E-03  6.19159046E-02
-7.78281588E-02  4.74050089E-01 -4.67712195E+00  8.96374167E+00 -4.38822117E+00
 6.53558758E+00 -5.67650824E+00  3.36623674E+00 -1.14264736E+00 -0.00000000E+00
-0.00000000E+00 -0.00000000E+00 -0.00000000E+00 -0.00000000E+00 -0.00000000E+00
-0.00000000E+00 -0.00000000E+00 -0.00000000E+00 -0.00000000E+00 -0.00000000E+00
-0.00000000E+00 -0.00000000E+00 -0.00000000E+00 -0.00000000E+00 -0.00000000E+00
-0.00000000E+00 -0.00000000E+00 -1.91498024E+00 -1.91498024E+00 -1.91498024E+00
-0.00000000E+00 -0.00000000E+00 -0.00000000E+00 
-0.00000000E+00 -0.00000000E+00 -0.00000000E+00 -0.00000000E+00 -0.00000000E+00
-0.00000000E+00 -0.00000000E+00 -0.00000000E+00 -0.00000000E+00 -0.00000000E+00
-0.00000000E+00 -0.00000000E+00  6.65208553E-11 -1.30216890E-10  4.07282424E-11
-1.90195265E-11 -0.00000000E+00 -0.00000000E+00 -0.00000000E+00  1.61364505E-02
 1.91481763E-02  2.32627318E-02 -1.23903668E-02 -1.47029192E-02 -1.78622789E-02
 1.23902187E-01  1.47027434E-01  1.78620654E-01 -9.74889633E-02 -1.15684416E-01
-1.40542656E-01  8.63613772E-01  1.02479964E+00  1.24500835E+00 -7.69286562E-01
-9.12867094E-01 -1.10902376E+00  2.57389980E-11  2.57398622E-11  2.57387359E-11
-0.00000000E+00 -0.00000000E+00 -0.00000000E+00 
 0.00000000E+00  0.00000000E+00  0.00000000E+00  0.00000000E+00  0.00000000E+00
 0.00000000E+00  0.00000000E+00  0.00000000E+00  0.00000000E+00  0.00000000E+00
 0.00000000E+00  0.00000000E+00 -1.01011769E-11  1.97528984E-11  0.00000000E+00
 1.00505102E-11  0.00000000E+00  0.00000000E+00  0.00000000E+00 -2.33885249E-02
 2.45965421E-02 -4.02236285E-03  1.79588691E-02 -1.88864445E-02  3.08856963E-03
-1.79586544E-01  1.88862188E-01 -3.08853271E-02  1.41302639E-01 -1.48600920E-01
 2.43012541E-02 -1.25174072E+00  1.31639312E+00 -2.15274601E-01  1.11502080E+00
-1.17261161E+00  1.91761483E-01  0.00000000E+00  0.00000000E+00  0.00000000E+00
 0.00000000E+00  0.00000000E+00  0.00000000E+00 
-0.00000000E+00 -0.00000000E+00 -0.00000000E+00 -0.00000000E+00 -0.00000000E+00
-0.00000000E+00 -0.00000000E+00 -0.00000000E+00 -0.00000000E+00 -0.00000000E+00
-0.00000000E+00 -0.00000000E+00 -0.00000000E+00 -0.00000000E+00 -0.00000000E+00
-0.00000000E+00 -0.00000000E+00 -0.00000000E+00 -0.00000000E+00 -1.89943215E-02
-1.40196236E-02  2.47155475E-02  1.45847818E-02  1.07649621E-02 -1.89778228E-02
-1.45846075E-01 -1.07648334E-01  1.89775960E-01  1.14754896E-01  8.47000750E-02
-1.49319895E-01 -1.01656542E+00 -7.50322383E-01  1.32276222E+00  9.05532245E-01
 6.68369293E-01 -1.17828506E+00 -0.00000000E+00 -0.00000000E+00 -0.00000000E+00
-0.00000000E+00 -0.00000000E+00 -0.00000000E+00 
-1.82298449E-05  3.84247975E-05 -1.41104442E-04  2.10317385E-04 -1.05428694E-03
 1.27500911E-03 -8.42032755E-03  7.85521800E-03 -6.59144744E-02  7.78127884E-02
-4.69980945E-01  1.36901131E+00 -1.46040900E+01  3.01050543E+01 -1.00276878E+01
 6.52172443E+00 -3.83684292E+00  2.04245395E+00 -6.85789473E-01 -0.00000000E+00
-0.00000000E+00 -0.00000000E+00 -0.00000000E+00 -0.00000000E+00 -0.00000000E+00
-0.00000000E+00 -0.00000000E+00 -0.00000000E+00 -0.00000000E+00 -0.00000000E+00
-0.00000000E+00 -0.00000000E+00 -0.00000000E+00 -0.00000000E+00 -0.00000000E+00
-0.00000000E+00 -0.00000000E+00 -6.06761166E+00 -6.06761166E+00 -6.06761166E+00
-0.00000000E+00 -0.00000000E+00 -0.00000000E+00 
-0.00000000E+00 -0.00000000E+00 -0.00000000E+00 -0.00000000E+00 -0.00000000E+00
-0.00000000E+00 -0.00000000E+00 -0.00000000E+00 -0.00000000E+00 -0.00000000E+00
-0.00000000E+00 -0.00000000E+00 -0.00000000E+00 -0.00000000E+00 -0.00000000E+00
-0.00000000E+00 -0.00000000E+00 -0.00000000E+00 -0.00000000E+00 -0.00000000E+00
-0.00000000E+00 -0.00000000E+00 -0.00000000E+00 -0.00000000E+00 -0.00000000E+00
-0.00000000E+00 -0.00000000E+00 -0.00000000E+00 -0.00000000E+00 -0.00000000E+00
-0.00000000E+00 -0.00000000E+00 -0.00000000E+00 -0.00000000E+00 -0.00000000E+00
-0.00000000E+00 -0.00000000E+00 -6.98721253E-01  9.68910016E-01 -2.70188764E-01
-1.21469234E-04 -2.48689162E-05 -4.00159018E-06 
-0.00000000E+00 -0.00000000E+00 -0.00000000E+00 -0.00000000E+00 -0.00000000E+00
-0.00000000E+00 -0.00000000E+00 -0.00000000E+00 -0.00000000E+00 -0.00000000E+00
-0.00000000E+00 -0.00000000E+00 -0.00000000E+00 -0.00000000E+00 -0.00000000E+00
-0.00000000E+00 -0.00000000E+00 -0.00000000E+00 -0.00000000E+00 -0.00000000E+00
-0.00000000E+00 -0.00000000E+00 -0.00000000E+00 -0.00000000E+00 -0.00000000E+00
-0.00000000E+00 -0.00000000E+00 -0.00000000E+00 -0.00000000E+00 -0.00000000E+00
-0.00000000E+00 -0.00000000E+00 -0.00000000E+00 -0.00000000E+00 -0.00000000E+00
-0.00000000E+00 -0.00000000E+00 -7.15393288E-01 -2.47413193E-01  9.62806481E-01
-5.78150057E-04 -1.73349788E-04 -1.23561572E-03 
-0.00000000E+00 -0.00000000E+00 -0.00000000E+00 -0.00000000E+00 -0.00000000E+00
-0.00000000E+00 -0.00000000E+00 -0.00000000E+00 -0.00000000E+00 -0.00000000E+00
-0.00000000E+00 -0.00000000E+00 -0.00000000E+00 -0.00000000E+00 -0.00000000E+00
-0.00000000E+00 -0.00000000E+00 -0.00000000E+00 -0.00000000E+00 -0.00000000E+00
-0.00000000E+00 -0.00000000E+00 -0.00000000E+00 -0.00000000E+00 -0.00000000E+00
-0.00000000E+00 -0.00000000E+00 -0.00000000E+00 -0.00000000E+00 -0.00000000E+00
-0.00000000E+00 -0.00000000E+00 -0.00000000E+00 -0.00000000E+00 -0.00000000E+00
-0.00000000E+00 -0.00000000E+00 -9.23243335E-04 -2.08487220E-04  1.13173055E-03
 6.36249537E-01  4.75255994E-01  6.07714419E-01 
-0.00000000E+00 -0.00000000E+00 -0.00000000E+00 -0.00000000E+00 -0.00000000E+00
-0.00000000E+00 -0.00000000E+00 -0.00000000E+00 -0.00000000E+00 -0.00000000E+00
-0.00000000E+00 -0.00000000E+00 -0.00000000E+00 -0.00000000E+00 -0.00000000E+00
-0.00000000E+00 -0.00000000E+00 -0.00000000E+00 -0.00000000E+00 -0.00000000E+00
-0.00000000E+00 -0.00000000E+00 -0.00000000E+00 -0.00000000E+00 -0.00000000E+00
-0.00000000E+00 -0.00000000E+00 -0.00000000E+00 -0.00000000E+00 -0.00000000E+00
-0.00000000E+00 -0.00000000E+00 -0.00000000E+00 -0.00000000E+00 -0.00000000E+00
-0.00000000E+00 -0.00000000E+00 -7.79110478E-05  5.44056307E-05  2.35054171E-05
 7.00229728E-01 -6.86393118E-01 -1.96323225E-01 
-0.00000000E+00 -0.00000000E+00 -0.00000000E+00 -0.00000000E+00 -0.00000000E+00
-0.00000000E+00 -0.00000000E+00 -0.00000000E+00 -0.00000000E+00 -0.00000000E+00
-0.00000000E+00 -0.00000000E+00 -0.00000000E+00 -0.00000000E+00 -0.00000000E+00
-0.00000000E+00 -0.00000000E+00 -0.00000000E+00 -0.00000000E+00 -0.00000000E+00
-0.00000000E+00 -0.00000000E+00 -0.00000000E+00 -0.00000000E+00 -0.00000000E+00
-0.00000000E+00 -0.00000000E+00 -0.00000000E+00 -0.00000000E+00 -0.00000000E+00
-0.00000000E+00 -0.00000000E+00 -0.00000000E+00 -0.00000000E+00 -0.00000000E+00
-0.00000000E+00 -0.00000000E+00 -4.43108742E-04 -2.13706923E-04  6.56815665E-04
-3.23827894E-01 -5.50450903E-01  7.69505588E-01 
-0.00000000E+00 -0.00000000E+00 -0.00000000E+00 -0.00000000E+00 -0.00000000E+00
-0.00000000E+00 -0.00000000E+00 -0.00000000E+00 -0.00000000E+00 -0.00000000E+00
-0.00000000E+00 -0.00000000E+00 -4.68564619E-11  8.12911366E-11 -1.12378017E-11
-0.00000000E+00 -0.00000000E+00 -0.00000000E+00 -0.00000000E+00 -1.25378112E-03
-1.47512317E-03 -1.80414440E-03 -8.59352181E-02 -1.01106189E-01 -1.23657583E-01
 9.34425755E-02  1.09938893E-01  1.34460391E-01 -9.44429449E-01 -1.11115867E+00
-1.35899885E+00  1.28827501E+00  1.51570661E+00  1.85377984E+00 -5.81888785E-01
-6.84615214E-01 -8.37316320E-01 -1.78364951E-11 -1.78453682E-11 -1.78196894E-11
-0.00000000E+00 -0.00000000E+00 -0.00000000E+00 
 0.00000000E+00  0.00000000E+00  0.00000000E+00  0.00000000E+00  0.00000000E+00
 0.00000000E+00  0.00000000E+00  0.00000000E+00  0.00000000E+00  0.00000000E+00
 0.00000000E+00  0.00000000E+00  0.00000000E+00  0.00000000E+00  0.00000000E+00
 0.00000000E+00  0.00000000E+00  0.00000000E+00  0.00000000E+00  1.56027335E-03
-2.05308839E-03  5.94363172E-04  1.06942455E-01 -1.40720415E-01  4.07381545E-02
-1.16285019E-01  1.53013843E-01 -4.42970665E-02  1.17529933E+00 -1.54651965E+00
 4.47712983E-01 -1.60319943E+00  2.10957275E+00 -6.10715231E-01  7.24134023E-01
-9.52853009E-01  2.75848200E-01  0.00000000E+00  0.00000000E+00  0.00000000E+00
 0.00000000E+00  0.00000000E+00  0.00000000E+00 
-0.00000000E+00 -0.00000000E+00 -0.00000000E+00 -0.00000000E+00 -0.00000000E+00
-0.00000000E+00 -0.00000000E+00 -0.00000000E+00 -0.00000000E+00 -0.00000000E+00
-0.00000000E+00 -0.00000000E+00 -0.00000000E+00 -0.00000000E+00 -0.00000000E+00
-0.00000000E+00 -0.00000000E+00 -0.00000000E+00 -0.00000000E+00  1.73103219E-03
 7.82133078E-04 -1.84246787E-03  1.18646410E-01  5.36080627E-02 -1.26284306E-01
-1.29011439E-01 -5.82912984E-02  1.37316587E-01  1.30392598E+00  5.89153484E-01
-1.38786659E+00 -1.77865617E+00 -8.03651044E-01  1.89315766E+00  8.03384421E-01
 3.62993556E-01 -8.55102520E-01 -0.00000000E+00 -0.00000000E+00 -0.00000000E+00
-0.00000000E+00 -0.00000000E+00 -0.00000000E+00 
-1.87507864E-05  1.16998051E-04 -2.65735546E-04  9.63600002E-04 -1.85008959E-03
 7.49920837E-03 -1.27401527E-02  5.92385373E-02 -9.82061724E-02  4.54403794E-01
-1.03717163E+00  4.72994940E+00 -5.09687914E+01  9.51643853E+01 -1.56359762E+01
 6.73366649E+00 -3.51647182E+00  1.84036930E+00 -6.20038767E-01  0.00000000E+00
 0.00000000E+00  0.00000000E+00  0.00000000E+00  0.00000000E+00  0.00000000E+00
 0.00000000E+00  0.00000000E+00  0.00000000E+00  0.00000000E+00  0.00000000E+00
 0.00000000E+00  0.00000000E+00  0.00000000E+00  0.00000000E+00  0.00000000E+00
 0.00000000E+00  0.00000000E+00 -2.14340875E+01 -2.14340875E+01 -2.14340875E+01
 0.00000000E+00  0.00000000E+00  0.00000000E+00 
-2.99827295E-05  5.91872991E-05 -2.25846780E-04  3.07292694E-04 -1.69523340E-03
 1.77980560E-03 -1.36836320E-02  1.04072495E-02 -1.09127615E-01  1.17115163E-01
-8.62800846E-01  3.01592848E+00 -4.91187006E+01  9.65028714E+01 -1.12354120E+01
 3.93585496E+00 -1.89795108E+00  9.67576706E-01 -3.23499741E-01  0.00000000E+00
 0.00000000E+00  0.00000000E+00  0.00000000E+00  0.00000000E+00  0.00000000E+00
 0.00000000E+00  0.00000000E+00  0.00000000E+00  0.00000000E+00  0.00000000E+00
 0.00000000E+00  0.00000000E+00  0.00000000E+00  0.00000000E+00  0.00000000E+00
 0.00000000E+00  0.00000000E+00 -2.36733694E+01 -2.36733694E+01 -2.36733694E+01
 0.00000000E+00  0.00000000E+00  0.00000000E+00 
 0.00000000E+00  0.00000000E+00  0.00000000E+00  0.00000000E+00  0.00000000E+00
 0.00000000E+00  0.00000000E+00  0.00000000E+00  0.00000000E+00  0.00000000E+00
 0.00000000E+00  0.00000000E+00 -1.44291220E-11  2.73783679E-11  0.00000000E+00
 0.00000000E+00  0.00000000E+00  0.00000000E+00  0.00000000E+00 -9.19255356E-02
-1.19924532E-01 -1.21546964E-01  1.61313102E-01  2.10446403E-01  2.13293485E-01
-1.05343950E+00 -1.37429973E+00 -1.39289233E+00  1.40105693E+00  1.82779567E+00
 1.85252351E+00 -9.40500177E-01 -1.22696096E+00 -1.24356024E+00  3.44019051E-01
 4.48801559E-01  4.54873295E-01  0.00000000E+00  0.00000000E+00  0.00000000E+00
 0.00000000E+00  0.00000000E+00  0.00000000E+00 
-0.00000000E+00 -0.00000000E+00 -0.00000000E+00 -0.00000000E+00 -0.00000000E+00
-0.00000000E+00 -0.00000000E+00 -0.00000000E+00 -0.00000000E+00 -0.00000000E+00
-0.00000000E+00 -0.00000000E+00 -0.00000000E+00 -0.00000000E+00 -0.00000000E+00
-0.00000000E+00 -0.00000000E+00 -0.00000000E+00 -0.00000000E+00 -1.58168461E-01
 7.79878060E-03  1.11927562E-01  2.77557752E-01 -1.36854845E-02 -1.96413130E-01
-1.81256386E+00  8.93717232E-02  1.28265681E+00  2.41067964E+00 -1.18862898E-01
-1.70591212E+00 -1.61823877E+00  7.97901745E-02  1.14514309E+00  5.91924359E-01
-2.91858957E-02 -4.18873965E-01 -0.00000000E+00 -0.00000000E+00 -0.00000000E+00
-0.00000000E+00 -0.00000000E+00 -0.00000000E+00 
-0.00000000E+00 -0.00000000E+00 -0.00000000E+00 -0.00000000E+00 -0.00000000E+00
-0.00000000E+00 -0.00000000E+00 -0.00000000E+00 -0.00000000E+00 -0.00000000E+00
-0.00000000E+00 -0.00000000E+00 -0.00000000E+00 -0.00000000E+00 -0.00000000E+00
-0.00000000E+00 -0.00000000E+00 -0.00000000E+00 -0.00000000E+00  6.43295887E-02
-1.52194440E-01  1.01510681E-01 -1.12887082E-01  2.67074400E-01 -1.78133342E-01
 7.37198094E-01 -1.74410335E+00  1.16328244E+00 -9.80461143E-01  2.31962831E+00
-1.54714620E+00  6.58163035E-01 -1.55711791E+00  1.03856685E+00 -2.40744901E-01
 5.69567384E-01 -3.79890180E-01 -0.00000000E+00 -0.00000000E+00 -0.00000000E+00
-0.00000000E+00 -0.00000000E+00 -0.00000000E+00 
 7.58818557E-05 -1.59572708E-04  5.86856465E-04 -8.72154160E-04  4.38988664E-03
-5.28743024E-03  3.52774694E-02 -3.25871378E-02  2.84858411E-01 -3.23012630E-01
 2.31804771E+00 -4.91691752E+00 -5.23661191E+00  1.73789713E+01 -6.10545425E-01
-1.73695005E-01  1.86734768E-01 -1.18786572E-01  4.27217640E-02  0.00000000E+00
 0.00000000E+00  0.00000000E+00  0.00000000E+00  0.00000000E+00  0.00000000E+00
 0.00000000E+00  0.00000000E+00  0.00000000E+00  0.00000000E+00  0.00000000E+00
 0.00000000E+00  0.00000000E+00  0.00000000E+00  0.00000000E+00  0.00000000E+00
 0.00000000E+00  0.00000000E+00 -5.05698956E+00 -5.05698956E+00 -5.05698956E+00
 0.00000000E+00  0.00000000E+00  0.00000000E+00 
 0.00000000E+00  0.00000000E+00  0.00000000E+00  0.00000000E+00  0.00000000E+00
 0.00000000E+00  0.00000000E+00  0.00000000E+00  0.00000000E+00  0.00000000E+00
 0.00000000E+00  0.00000000E+00  0.00000000E+00  0.00000000E+00  0.00000000E+00
 0.00000000E+00  0.00000000E+00  0.00000000E+00  0.00000000E+00  1.08187205E-01
 1.33209955E-01  1.28747382E-01 -1.15557973E+00 -1.42285517E+00 -1.37518910E+00
 1.49183944E+00  1.83688879E+00  1.77535246E+00 -1.03457557E+00 -1.27386381E+00
-1.23118899E+00  5.60287866E-01  6.89877525E-01  6.66766422E-01 -1.99112561E-01
-2.45165547E-01 -2.36952428E-01  0.00000000E+00  0.00000000E+00  0.00000000E+00
 0.00000000E+00  0.00000000E+00  0.00000000E+00 
 0.00000000E+00  0.00000000E+00  0.00000000E+00  0.00000000E+00  0.00000000E+00
 0.00000000E+00  0.00000000E+00  0.00000000E+00  0.00000000E+00  0.00000000E+00
 0.00000000E+00  0.00000000E+00  0.00000000E+00  0.00000000E+00  0.00000000E+00
 0.00000000E+00  0.00000000E+00  0.00000000E+00  0.00000000E+00  1.72047479E-01
-1.69512398E-02 -1.27033745E-01 -1.83769032E+00  1.81061236E-01  1.35688523E+00
 2.37243594E+00 -2.33747862E-01 -1.75172239E+00 -1.64526034E+00  1.62101780E-01
 1.21480177E+00  8.91012154E-01 -8.77883288E-02 -6.57891712E-01 -3.16643859E-01
 3.11978182E-02  2.33798573E-01  0.00000000E+00  0.00000000E+00  0.00000000E+00
 0.00000000E+00  0.00000000E+00  0.00000000E+00 
 0.00000000E+00  0.00000000E+00  0.00000000E+00  0.00000000E+00  0.00000000E+00
 0.00000000E+00  0.00000000E+00  0.00000000E+00  0.00000000E+00  0.00000000E+00
 0.00000000E+00  0.00000000E+00  0.00000000E+00  0.00000000E+00  0.00000000E+00
 0.00000000E+00  0.00000000E+00  0.00000000E+00  0.00000000E+00 -6.87054979E-02
 1.67311133E-01 -1.15376736E-01  7.33863868E-01 -1.78710000E+00  1.23237325E+00
-9.47409362E-01  2.30712445E+00 -1.59097894E+00  6.57018816E-01 -1.59996748E+00
 1.10332781E+00 -3.55817092E-01  8.66483216E-01 -5.97521537E-01  1.26448665E-01
-3.07926876E-01  2.12344494E-01  0.00000000E+00  0.00000000E+00  0.00000000E+00
 0.00000000E+00  0.00000000E+00  0.00000000E+00 
 1.09506060E-04 -6.46058294E-04  1.49459281E-03 -5.27547452E-03  1.04720295E-02
-4.12054714E-02  7.37752350E-02 -3.39514509E-01  6.08588072E-01 -3.28434863E+00
 5.88689484E+00 -5.18764476E+00  9.79438990E-01  2.84640628E+00  5.42373601E-01
-4.51644063E-01  2.92121002E-01 -1.66786543E-01  5.81242899E-02 -0.00000000E+00
-0.00000000E+00 -0.00000000E+00 -0.00000000E+00 -0.00000000E+00 -0.00000000E+00
-0.00000000E+00 -0.00000000E+00 -0.00000000E+00 -0.00000000E+00 -0.00000000E+00
-0.00000000E+00 -0.00000000E+00 -0.00000000E+00 -0.00000000E+00 -0.00000000E+00
-0.00000000E+00 -0.00000000E+00 -1.17098719E+00 -1.17098719E+00 -1.17098719E+00
-0.00000000E+00 -0.00000000E+00 -0.00000000E+00 
-0.00000000E+00 -0.00000000E+00 -0.00000000E+00 -0.00000000E+00 -0.00000000E+00
-0.00000000E+00 -0.00000000E+00 -0.00000000E+00 -0.00000000E+00 -0.00000000E+00
-0.00000000E+00 -0.00000000E+00 -0.00000000E+00 -0.00000000E+00 -0.00000000E+00
-0.00000000E+00 -0.00000000E+00 -0.00000000E+00 -0.00000000E+00 -1.32446774E+00
-1.69208845E+00 -1.00543093E+00  1.82267256E+00  2.32857553E+00  1.38362854E+00
-1.19922583E+00 -1.53208424E+00 -9.10357192E-01  6.66290692E-01  8.51227057E-01
 5.05795080E-01 -3.47606365E-01 -4.44088363E-01 -2.63875199E-01  1.24304164E-01
 1.58806162E-01  9.43618681E-02 -0.00000000E+00 -0.00000000E+00 -0.00000000E+00
-0.00000000E+00 -0.00000000E+00 -0.00000000E+00 
-0.00000000E+00 -0.00000000E+00 -0.00000000E+00 -0.00000000E+00 -0.00000000E+00
-0.00000000E+00 -0.00000000E+00 -0.00000000E+00 -0.00000000E+00 -0.00000000E+00
-0.00000000E+00 -0.00000000E+00 -0.00000000E+00 -0.00000000E+00 -0.00000000E+00
-0.00000000E+00 -0.00000000E+00 -0.00000000E+00 -0.00000000E+00  2.14170934E-01
 1.08077990E+00 -2.10102715E+00 -2.94732346E-01 -1.48732038E+00  2.89133847E+00
 1.93918890E-01  9.78581152E-01 -1.90235363E+00 -1.07741469E-01 -5.43700359E-01
 1.05694898E+00  5.62091301E-02  2.83650526E-01 -5.51414266E-01 -2.01004056E-02
-1.01433532E-01  1.97185944E-01 -0.00000000E+00 -0.00000000E+00 -0.00000000E+00
-0.00000000E+00 -0.00000000E+00 -0.00000000E+00 
 0.00000000E+00  0.00000000E+00  0.00000000E+00  0.00000000E+00  0.00000000E+00
 0.00000000E+00  0.00000000E+00  0.00000000E+00  0.00000000E+00  0.00000000E+00
 0.00000000E+00  0.00000000E+00  0.00000000E+00  0.00000000E+00  0.00000000E+00
 0.00000000E+00  0.00000000E+00  0.00000000E+00  0.00000000E+00 -1.95657493E+00
 1.26373295E+00  4.50625158E-01  2.69254987E+00 -1.73909208E+00 -6.20129946E-01
-1.77156084E+00  1.14423412E+00  4.08013958E-01  9.84280418E-01 -6.35737264E-01
-2.26692835E-01 -5.13502803E-01  3.31666526E-01  1.18266506E-01  1.83628791E-01
-1.18604071E-01 -4.22921461E-02  0.00000000E+00  0.00000000E+00  0.00000000E+00
 0.00000000E+00  0.00000000E+00  0.00000000E+00 
-6.54520047E-04  2.06562987E-03 -6.14287373E-03  1.42215704E-02 -4.51518164E-02
 1.03120644E-01 -3.62461885E-01  8.33853342E-01 -3.77547075E+00  5.85170748E+00
-4.88256924E+00  3.10942979E+00 -1.28179579E+00 -5.32842196E-02 -5.03300507E-01
 3.35695476E-01 -2.08250264E-01  1.17486427E-01 -4.07940709E-02  0.00000000E+00
 0.00000000E+00  0.00000000E+00  0.00000000E+00  0.00000000E+00  0.00000000E+00
 0.00000000E+00  0.00000000E+00  0.00000000E+00  0.00000000E+00  0.00000000E+00
 0.00000000E+00  0.00000000E+00  0.00000000E+00  0.00000000E+00  0.00000000E+00
 0.00000000E+00  0.00000000E+00  2.76720844E-01  2.76720844E-01  2.76720844E-01
 0.00000000E+00  0.00000000E+00  0.00000000E+00 
 1.48719160E-03 -6.33410481E-03  1.65516590E-02 -4.85409016E-02  1.21059927E-01
-3.86904503E-01  9.94986656E-01 -4.05797821E+00  5.76647284E+00 -4.58519972E+00
 2.90479173E+00 -1.73369412E+00  9.08970632E-01 -3.67174888E-01  3.41065166E-01
-2.14551456E-01  1.31369783E-01 -7.38243989E-02  2.56024979E-02 -0.00000000E+00
-0.00000000E+00 -0.00000000E+00 -0.00000000E+00 -0.00000000E+00 -0.00000000E+00
-0.00000000E+00 -0.00000000E+00 -0.00000000E+00 -0.00000000E+00 -0.00000000E+00
-0.00000000E+00 -0.00000000E+00 -0.00000000E+00 -0.00000000E+00 -0.00000000E+00
-0.00000000E+00 -0.00000000E+00 -6.07099405E-02 -6.07099405E-02 -6.07099405E-02
-0.00000000E+00 -0.00000000E+00 -0.00000000E+00 
-5.25876104E-03  1.85978778E-02 -5.29214675E-02  1.36695670E-01 -4.08491096E-01
 1.13992790E+00 -4.20388508E+00  5.66332092E+00 -4.40957628E+00  2.75640997E+00
-1.65076480E+00  9.89141263E-01 -5.76855207E-01  3.20445266E-01 -2.13629626E-01
 1.31477559E-01 -8.00876559E-02  4.49346337E-02 -1.55756682E-02 -0.00000000E+00
-0.00000000E+00 -0.00000000E+00 -0.00000000E+00 -0.00000000E+00 -0.00000000E+00
-0.00000000E+00 -0.00000000E+00 -0.00000000E+00 -0.00000000E+00 -0.00000000E+00
-0.00000000E+00 -0.00000000E+00 -0.00000000E+00 -0.00000000E+00 -0.00000000E+00
-0.00000000E+00 -0.00000000E+00  9.54377813E-03  9.54377813E-03  9.54377813E-03
-0.00000000E+00 -0.00000000E+00 -0.00000000E+00 
 1.34922461E-02 -5.38038972E-02  1.47300787E-01 -4.27544769E-01  1.22100762E+00
-4.35430065E+00  5.63039638E+00 -4.27161646E+00  2.67692688E+00 -1.59409388E+00
 9.57256325E-01 -5.79649120E-01  3.54531812E-01 -2.18334856E-01  1.30665165E-01
-7.96968650E-02  4.84400754E-02 -2.71597308E-02  9.41232864E-03  0.00000000E+00
 0.00000000E+00  0.00000000E+00  0.00000000E+00  0.00000000E+00  0.00000000E+00
 0.00000000E+00  0.00000000E+00  0.00000000E+00  0.00000000E+00  0.00000000E+00
 0.00000000E+00  0.00000000E+00  0.00000000E+00  0.00000000E+00  0.00000000E+00
 0.00000000E+00  0.00000000E+00  1.19773390E-03  1.19773390E-03  1.19773390E-03
 0.00000000E+00  0.00000000E+00  0.00000000E+00 
-4.13212878E-02  1.53904839E-01 -4.48421666E-01  1.29414150E+00 -4.42234218E+00
 5.64892949E+00 -4.23918745E+00  2.61238454E+00 -1.56779216E+00  9.36881979E-01
-5.67712355E-01  3.46094572E-01 -2.16191368E-01  1.38606046E-01 -7.95253665E-02
 4.83199798E-02 -2.93414203E-02  1.64465074E-02 -5.69907347E-03  0.00000000E+00
 0.00000000E+00  0.00000000E+00  0.00000000E+00  0.00000000E+00  0.00000000E+00
 0.00000000E+00  0.00000000E+00  0.00000000E+00  0.00000000E+00  0.00000000E+00
 0.00000000E+00  0.00000000E+00  0.00000000E+00  0.00000000E+00  0.00000000E+00
 0.00000000E+00  0.00000000E+00 -2.53168665E-03 -2.53168665E-03 -2.53168665E-03
 0.00000000E+00  0.00000000E+00  0.00000000E+00 
 1.11742277E-01 -4.50195085E-01  1.35229500E+00 -4.50732300E+00  5.65298319E+00
-4.23504229E+00  2.60936261E+00 -1.54295909E+00  9.29800289E-01 -5.60661559E-01
 3.41794977E-01 -2.09099234E-01  1.31830647E-01 -8.59444842E-02  4.84547749E-02
-2.93930053E-02  1.78410819E-02 -9.99903180E-03  3.46473921E-03  0.00000000E+00
 0.00000000E+00  0.00000000E+00  0.00000000E+00  0.00000000E+00  0.00000000E+00
 0.00000000E+00  0.00000000E+00  0.00000000E+00  0.00000000E+00  0.00000000E+00
 0.00000000E+00  0.00000000E+00  0.00000000E+00  0.00000000E+00  0.00000000E+00
 0.00000000E+00  0.00000000E+00  2.01248585E-03  2.01248585E-03  2.01248585E-03
 0.00000000E+00  0.00000000E+00  0.00000000E+00 
-3.38393922E-01  1.37298587E+00 -4.60078111E+00  5.73576952E+00 -4.25051431E+00
 2.62139171E+00 -1.55272904E+00  9.22102969E-01 -5.60635014E-01  3.40083076E-01
-2.07986153E-01  1.27452099E-01 -8.06785689E-02  5.29699904E-02 -2.96437434E-02
 1.79694234E-02 -1.09052326E-02  6.11149624E-03 -2.11764103E-03 -0.00000000E+00
-0.00000000E+00 -0.00000000E+00 -0.00000000E+00 -0.00000000E+00 -0.00000000E+00
-0.00000000E+00 -0.00000000E+00 -0.00000000E+00 -0.00000000E+00 -0.00000000E+00
-0.00000000E+00 -0.00000000E+00 -0.00000000E+00 -0.00000000E+00 -0.00000000E+00
-0.00000000E+00 -0.00000000E+00 -1.35428066E-03 -1.35428066E-03 -1.35428066E-03
-0.00000000E+00 -0.00000000E+00 -0.00000000E+00 
 1.03311124E+00 -4.62873738E+00  5.84725684E+00 -4.32912098E+00  2.64297178E+00
-1.56711511E+00  9.32249619E-01 -5.58649653E-01  3.41676311E-01 -2.07924353E-01
 1.27358797E-01 -7.81045244E-02  4.95273350E-02 -3.26158606E-02  1.81952686E-02
-1.10262495E-02  6.69107116E-03 -3.74971114E-03  1.29926943E-03 -0.00000000E+00
-0.00000000E+00 -0.00000000E+00 -0.00000000E+00 -0.00000000E+00 -0.00000000E+00
-0.00000000E+00 -0.00000000E+00 -0.00000000E+00 -0.00000000E+00 -0.00000000E+00
-0.00000000E+00 -0.00000000E+00 -0.00000000E+00 -0.00000000E+00 -0.00000000E+00
-0.00000000E+00 -0.00000000E+00  8.63696357E-04  8.63696357E-04  8.63696357E-04
-0.00000000E+00 -0.00000000E+00 -0.00000000E+00 
-3.90204987E+00  6.16543338E+00 -4.47502695E+00  2.70721171E+00 -1.58376279E+00
 9.42125718E-01 -5.65275476E-01  3.40752300E-01 -2.09063358E-01  1.27421053E-01
-7.81046734E-02  4.79153119E-02 -3.04066798E-02  2.00499288E-02 -1.11700888E-02
 6.76814393E-03 -4.10698661E-03  2.30155290E-03 -7.97482039E-04 -0.00000000E+00
-0.00000000E+00 -0.00000000E+00 -0.00000000E+00 -0.00000000E+00 -0.00000000E+00
-0.00000000E+00 -0.00000000E+00 -0.00000000E+00 -0.00000000E+00 -0.00000000E+00
-0.00000000E+00 -0.00000000E+00 -0.00000000E+00 -0.00000000E+00 -0.00000000E+00
-0.00000000E+00 -0.00000000E+00 -5.38737712E-04 -5.38737712E-04 -5.38737712E-04
-0.00000000E+00 -0.00000000E+00 -0.00000000E+00
