
 16615.8396065673005069  
 
 8091.1561218824999742  
 
 3305.4815144220001457  
 
 1321.6190973254999790  
 
 522.8191314824999836  
 
 206.0510643647999984  
 
 81.6586928116000053  
 
 31.8677516157000014  
 
 12.5900486244999996  
 
 4.9398974614000002  
 
 1.9435963892000001  
 
 0.7637523120000000  
 
 0.3010597881000000  
 
 0.1179708026000000  
 
 0.0462698909000000  
 
 0.0181162558000000  
 
 0.0071649294000000  
 
 0.0029409035000000  
 
 0.0014216739000000  
 
 3.0761266504000000  
 
 3.0761266504000000  
 
 3.0761266504000000  
 
 1.4041697629000001  
 
 1.4041697629000001  
 
 1.4041697629000001  
 
 0.5613578804000000  
 
 0.5613578804000000  
 
 0.5613578804000000  
 
 0.2217528058000000  
 
 0.2217528058000000  
 
 0.2217528058000000  
 
 0.0886099617000000  
 
 0.0886099617000000  
 
 0.0886099617000000  
 
 0.0407692986000000  
 
 0.0407692986000000  
 
 0.0407692986000000  
 
 0.1845496735000000  
 
 0.1845496735000000  
 
 0.1845496735000000  
 
 0.1845496735000000  
 
 0.1845496735000000  
 
 0.1845496735000000  
 