S   3    
1        33.8650000    0.025493814541     
2         5.0947900    0.190373108582
3         1.1587900    0.852161486043
S   1
1         0.3258400    1.000000000000
S   1
1         0.1027410    1.000000000000
S   1
1         0.0360000    1.000000000000
P   1
1         0.7500000    1.000000000000
S   3    
1        33.8650000    0.025493814541     
2         5.0947900    0.190373108582
3         1.1587900    0.852161486043
S   1
1         0.3258400    1.000000000000
S   1
1         0.1027410    1.000000000000
S   1
1         0.0360000    1.000000000000
P   1
1         0.7500000    1.000000000000























