  0.3899770E+00  0.3335530E+00  0.0000000E+00  0.0000000E+00  0.6550000E-03
  0.1427500E-01  0.0000000E+00  0.0000000E+00 -0.2850000E-03 -0.0000000E+00
  0.0000000E+00  0.0000000E+00  0.1650000E-03 -0.5300000E-04  0.0000000E+00
  0.0000000E+00 -0.9500000E-04 -0.3735000E-02 -0.3735000E-02 -0.3735000E-02
  0.0000000E+00  0.0000000E+00  0.0000000E+00  0.3850890E+00  0.3293720E+00
  0.0000000E+00  0.0000000E+00 -0.6470000E-03  0.1409700E-01  0.0000000E+00
  0.0000000E+00  0.2820000E-03 -0.3000000E-05  0.0000000E+00  0.0000000E+00
 -0.1610000E-03 -0.4700000E-04  0.0000000E+00  0.0000000E+00  0.9200000E-04
 -0.3688000E-02 -0.3688000E-02 -0.3689000E-02  0.0000000E+00  0.0000000E+00
  0.0000000E+00
 -0.3850900E+00 -0.3293810E+00 -0.0000000E+00 -0.0000000E+00 -0.6150000E-03
 -0.1401600E-01 -0.0000000E+00 -0.0000000E+00  0.2380000E-03 -0.3260000E-03
 -0.0000000E+00 -0.0000000E+00 -0.3370000E-03  0.8460000E-03 -0.0000000E+00
 -0.0000000E+00  0.4030000E-03  0.3700000E-02  0.3700000E-02  0.3629000E-02
 -0.0000000E+00 -0.0000000E+00 -0.0000000E+00  0.3899780E+00  0.3335620E+00
 -0.0000000E+00 -0.0000000E+00 -0.6230000E-03  0.1419500E-01 -0.0000000E+00
 -0.0000000E+00  0.2410000E-03  0.3260000E-03 -0.0000000E+00 -0.0000000E+00
 -0.3390000E-03 -0.8460000E-03 -0.0000000E+00 -0.0000000E+00  0.4050000E-03
 -0.3747000E-02 -0.3747000E-02 -0.3676000E-02 -0.0000000E+00 -0.0000000E+00
 -0.0000000E+00
 -0.8718600E-01 -0.1418010E+00 -0.0000000E+00 -0.0000000E+00  0.4106200E-01
  0.4237860E+00 -0.0000000E+00 -0.0000000E+00  0.7199900E-01  0.3053040E+00
 -0.0000000E+00 -0.0000000E+00  0.3644500E-01 -0.1318300E-01 -0.0000000E+00
 -0.0000000E+00 -0.1299500E-01 -0.9455000E-02 -0.9455000E-02  0.1360300E-01
 -0.0000000E+00 -0.0000000E+00 -0.0000000E+00 -0.8718600E-01 -0.1418010E+00
 -0.0000000E+00 -0.0000000E+00 -0.4106200E-01  0.4237880E+00 -0.0000000E+00
 -0.0000000E+00 -0.7199900E-01  0.3052990E+00 -0.0000000E+00 -0.0000000E+00
 -0.3644500E-01 -0.1313600E-01 -0.0000000E+00 -0.0000000E+00  0.1297300E-01
 -0.9455000E-02 -0.9455000E-02  0.1360300E-01 -0.0000000E+00 -0.0000000E+00
 -0.0000000E+00
 -0.9563500E-01 -0.1577420E+00 -0.0000000E+00 -0.0000000E+00 -0.2309800E-01
  0.4823590E+00 -0.0000000E+00 -0.0000000E+00 -0.3128800E-01  0.3998930E+00
 -0.0000000E+00 -0.0000000E+00 -0.2951000E-02 -0.9183000E-01 -0.0000000E+00
 -0.0000000E+00 -0.4123300E-01 -0.5455000E-02 -0.5455000E-02 -0.5657000E-02
 -0.0000000E+00 -0.0000000E+00 -0.0000000E+00  0.9563500E-01  0.1577420E+00
 -0.0000000E+00 -0.0000000E+00 -0.2309800E-01 -0.4823580E+00 -0.0000000E+00
 -0.0000000E+00 -0.3128800E-01 -0.3998950E+00 -0.0000000E+00 -0.0000000E+00
 -0.2951000E-02  0.9183200E-01 -0.0000000E+00 -0.0000000E+00 -0.4123300E-01
  0.5455000E-02  0.5455000E-02  0.5657000E-02 -0.0000000E+00 -0.0000000E+00
 -0.0000000E+00
 -0.2344500E-01 -0.3991600E-01 -0.0000000E+00 -0.0000000E+00 -0.2163760E+00
  0.1303680E+00 -0.0000000E+00 -0.0000000E+00 -0.3255270E+00  0.1154030E+00
 -0.0000000E+00 -0.0000000E+00 -0.2385710E+00  0.3224600E-01 -0.0000000E+00
 -0.0000000E+00 -0.2184000E-02  0.5103000E-02  0.5103000E-02 -0.2107400E-01
 -0.0000000E+00 -0.0000000E+00 -0.0000000E+00 -0.2344500E-01 -0.3991600E-01
 -0.0000000E+00 -0.0000000E+00  0.2163760E+00  0.1303680E+00 -0.0000000E+00
 -0.0000000E+00  0.3255270E+00  0.1154120E+00 -0.0000000E+00 -0.0000000E+00
  0.2385700E+00  0.3219500E-01 -0.0000000E+00 -0.0000000E+00  0.2207000E-02
  0.5102000E-02  0.5102000E-02 -0.2107400E-01 -0.0000000E+00 -0.0000000E+00
 -0.0000000E+00
  0.0000000E+00  0.0000000E+00 -0.0000000E+00  0.2230290E+00  0.0000000E+00
  0.0000000E+00 -0.0000000E+00  0.3183980E+00  0.0000000E+00  0.0000000E+00
 -0.0000000E+00  0.2632020E+00  0.0000000E+00  0.0000000E+00 -0.0000000E+00
  0.2686900E-01  0.0000000E+00  0.0000000E+00  0.0000000E+00  0.0000000E+00
  0.0000000E+00 -0.0000000E+00  0.1173600E-01  0.0000000E+00  0.0000000E+00
 -0.0000000E+00  0.2230290E+00  0.0000000E+00  0.0000000E+00 -0.0000000E+00
  0.3183980E+00  0.0000000E+00  0.0000000E+00 -0.0000000E+00  0.2632010E+00
  0.0000000E+00  0.0000000E+00 -0.0000000E+00  0.2687000E-01  0.0000000E+00
  0.0000000E+00  0.0000000E+00  0.0000000E+00  0.0000000E+00  0.0000000E+00
 -0.1173600E-01
 -0.0000000E+00 -0.0000000E+00  0.2230290E+00  0.0000000E+00 -0.0000000E+00
 -0.0000000E+00  0.3183980E+00  0.0000000E+00 -0.0000000E+00 -0.0000000E+00
  0.2632020E+00  0.0000000E+00 -0.0000000E+00 -0.0000000E+00  0.2686900E-01
  0.0000000E+00 -0.0000000E+00 -0.0000000E+00 -0.0000000E+00 -0.0000000E+00
 -0.0000000E+00  0.1173600E-01  0.0000000E+00 -0.0000000E+00 -0.0000000E+00
  0.2230290E+00  0.0000000E+00 -0.0000000E+00 -0.0000000E+00  0.3183980E+00
  0.0000000E+00 -0.0000000E+00 -0.0000000E+00  0.2632010E+00  0.0000000E+00
 -0.0000000E+00 -0.0000000E+00  0.2687000E-01  0.0000000E+00 -0.0000000E+00
 -0.0000000E+00 -0.0000000E+00 -0.0000000E+00 -0.0000000E+00 -0.1173600E-01
 -0.0000000E+00
  0.0000000E+00  0.0000000E+00 -0.0000000E+00 -0.2467960E+00  0.0000000E+00
  0.0000000E+00 -0.0000000E+00 -0.3519180E+00  0.0000000E+00  0.0000000E+00
 -0.0000000E+00 -0.3026200E+00  0.0000000E+00  0.0000000E+00 -0.0000000E+00
 -0.5095700E-01  0.0000000E+00  0.0000000E+00  0.0000000E+00  0.0000000E+00
  0.0000000E+00  0.0000000E+00 -0.3000000E-04  0.0000000E+00  0.0000000E+00
  0.0000000E+00  0.2467960E+00  0.0000000E+00  0.0000000E+00  0.0000000E+00
  0.3519190E+00  0.0000000E+00  0.0000000E+00  0.0000000E+00  0.3026210E+00
  0.0000000E+00  0.0000000E+00  0.0000000E+00  0.5095700E-01  0.0000000E+00
  0.0000000E+00  0.0000000E+00  0.0000000E+00  0.0000000E+00  0.0000000E+00
 -0.3000000E-04
 -0.0000000E+00 -0.0000000E+00 -0.2467960E+00  0.0000000E+00 -0.0000000E+00
 -0.0000000E+00 -0.3519180E+00  0.0000000E+00 -0.0000000E+00 -0.0000000E+00
 -0.3026200E+00  0.0000000E+00 -0.0000000E+00 -0.0000000E+00 -0.5095700E-01
  0.0000000E+00 -0.0000000E+00 -0.0000000E+00 -0.0000000E+00 -0.0000000E+00
 -0.0000000E+00 -0.3000000E-04 -0.0000000E+00 -0.0000000E+00 -0.0000000E+00
  0.2467960E+00 -0.0000000E+00 -0.0000000E+00 -0.0000000E+00  0.3519190E+00
 -0.0000000E+00 -0.0000000E+00 -0.0000000E+00  0.3026210E+00 -0.0000000E+00
 -0.0000000E+00 -0.0000000E+00  0.5095700E-01 -0.0000000E+00 -0.0000000E+00
 -0.0000000E+00 -0.0000000E+00 -0.0000000E+00 -0.0000000E+00 -0.3000000E-04
 -0.0000000E+00
 -0.2693800E-01 -0.4597500E-01  0.0000000E+00  0.0000000E+00  0.2562530E+00
  0.1562050E+00  0.0000000E+00  0.0000000E+00  0.3700170E+00  0.2437840E+00
  0.0000000E+00  0.0000000E+00  0.3943820E+00  0.2023850E+00  0.0000000E+00
  0.0000000E+00  0.2035830E+00  0.1147000E-02  0.1147000E-02 -0.1156800E-01
  0.0000000E+00  0.0000000E+00  0.0000000E+00  0.2693800E-01  0.4597500E-01
  0.0000000E+00  0.0000000E+00  0.2562520E+00 -0.1562030E+00  0.0000000E+00
  0.0000000E+00  0.3700170E+00 -0.2437820E+00  0.0000000E+00  0.0000000E+00
  0.3943810E+00 -0.2023860E+00  0.0000000E+00  0.0000000E+00  0.2035840E+00
 -0.1148000E-02 -0.1148000E-02  0.1156700E-01  0.0000000E+00  0.0000000E+00
  0.0000000E+00
  0.2789300E-01  0.5109400E-01 -0.0000000E+00 -0.0000000E+00  0.3400400E-01
 -0.1384140E+00 -0.0000000E+00 -0.0000000E+00  0.2993700E-01 -0.6711810E+00
 -0.0000000E+00 -0.0000000E+00  0.1034360E+00  0.9744390E+00 -0.0000000E+00
 -0.0000000E+00 -0.2639530E+00  0.1747500E-01  0.1747500E-01  0.9727000E-02
 -0.0000000E+00 -0.0000000E+00 -0.0000000E+00  0.2789300E-01  0.5109500E-01
 -0.0000000E+00 -0.0000000E+00 -0.3400100E-01 -0.1384090E+00 -0.0000000E+00
 -0.0000000E+00 -0.2993300E-01 -0.6712450E+00 -0.0000000E+00 -0.0000000E+00
 -0.1034240E+00  0.9749270E+00 -0.0000000E+00 -0.0000000E+00  0.2637160E+00
  0.1747800E-01  0.1747800E-01  0.9730000E-02 -0.0000000E+00 -0.0000000E+00
 -0.0000000E+00
 -0.1212200E-01 -0.2125100E-01 -0.0000000E+00 -0.0000000E+00 -0.1002020E+00
  0.7453100E-01 -0.0000000E+00 -0.0000000E+00 -0.1135640E+00  0.1439090E+00
 -0.0000000E+00 -0.0000000E+00 -0.3608150E+00  0.1561104E+01 -0.0000000E+00
 -0.0000000E+00  0.1617666E+01 -0.1906000E-02 -0.1906000E-02 -0.3374000E-02
 -0.0000000E+00 -0.0000000E+00 -0.0000000E+00  0.1212300E-01  0.2125000E-01
 -0.0000000E+00 -0.0000000E+00 -0.1002050E+00 -0.7453100E-01 -0.0000000E+00
 -0.0000000E+00 -0.1135680E+00 -0.1439070E+00 -0.0000000E+00 -0.0000000E+00
 -0.3608240E+00 -0.1561084E+01 -0.0000000E+00 -0.0000000E+00  0.1617704E+01
  0.1903000E-02  0.1903000E-02  0.3370000E-02 -0.0000000E+00 -0.0000000E+00
 -0.0000000E+00
 -0.0000000E+00 -0.0000000E+00  0.0000000E+00 -0.9499700E-01 -0.0000000E+00
 -0.0000000E+00  0.0000000E+00 -0.9950400E-01 -0.0000000E+00 -0.0000000E+00
  0.0000000E+00 -0.3264840E+00 -0.0000000E+00 -0.0000000E+00 -0.0000000E+00
  0.7021990E+00 -0.0000000E+00 -0.0000000E+00 -0.0000000E+00 -0.0000000E+00
 -0.0000000E+00  0.0000000E+00 -0.3323000E-02 -0.0000000E+00 -0.0000000E+00
  0.0000000E+00 -0.9499700E-01 -0.0000000E+00 -0.0000000E+00  0.0000000E+00
 -0.9950300E-01 -0.0000000E+00 -0.0000000E+00  0.0000000E+00 -0.3264840E+00
 -0.0000000E+00 -0.0000000E+00 -0.0000000E+00  0.7021990E+00 -0.0000000E+00
 -0.0000000E+00 -0.0000000E+00 -0.0000000E+00 -0.0000000E+00 -0.0000000E+00
  0.3323000E-02
 -0.0000000E+00 -0.0000000E+00 -0.9499700E-01 -0.0000000E+00 -0.0000000E+00
 -0.0000000E+00 -0.9950400E-01 -0.0000000E+00 -0.0000000E+00 -0.0000000E+00
 -0.3264830E+00 -0.0000000E+00 -0.0000000E+00 -0.0000000E+00  0.7021980E+00
  0.0000000E+00 -0.0000000E+00 -0.0000000E+00 -0.0000000E+00 -0.0000000E+00
 -0.0000000E+00 -0.3323000E-02 -0.0000000E+00 -0.0000000E+00 -0.0000000E+00
 -0.9499700E-01 -0.0000000E+00 -0.0000000E+00 -0.0000000E+00 -0.9950300E-01
 -0.0000000E+00 -0.0000000E+00 -0.0000000E+00 -0.3264850E+00 -0.0000000E+00
 -0.0000000E+00 -0.0000000E+00  0.7022000E+00  0.0000000E+00 -0.0000000E+00
 -0.0000000E+00 -0.0000000E+00 -0.0000000E+00 -0.0000000E+00  0.3323000E-02
  0.0000000E+00
 -0.7593000E-02 -0.1490200E-01  0.0000000E+00  0.0000000E+00  0.5475000E-01
  0.2745900E-01  0.0000000E+00  0.0000000E+00  0.4871600E-01  0.4018900E+00
  0.0000000E+00  0.0000000E+00  0.2704190E+00 -0.6583900E-01  0.0000000E+00
  0.0000000E+00 -0.1113459E+01 -0.1580800E-01 -0.1580800E-01  0.8316000E-02
  0.0000000E+00  0.0000000E+00  0.0000000E+00 -0.7594000E-02 -0.1490500E-01
  0.0000000E+00  0.0000000E+00 -0.5474700E-01  0.2746100E-01  0.0000000E+00
  0.0000000E+00 -0.4871300E-01  0.4019950E+00  0.0000000E+00  0.0000000E+00
 -0.2704130E+00 -0.6654200E-01  0.0000000E+00  0.0000000E+00  0.1113742E+01
 -0.1581200E-01 -0.1581200E-01  0.8312000E-02  0.0000000E+00  0.0000000E+00
  0.0000000E+00
 -0.0000000E+00 -0.0000000E+00 -0.0000000E+00  0.7856400E-01 -0.0000000E+00
 -0.0000000E+00 -0.0000000E+00  0.7453500E-01 -0.0000000E+00 -0.0000000E+00
 -0.0000000E+00  0.3241270E+00 -0.0000000E+00 -0.0000000E+00  0.0000000E+00
 -0.1486084E+01 -0.0000000E+00 -0.0000000E+00 -0.0000000E+00 -0.0000000E+00
 -0.0000000E+00 -0.0000000E+00  0.7126000E-02 -0.0000000E+00 -0.0000000E+00
  0.0000000E+00 -0.7856400E-01 -0.0000000E+00 -0.0000000E+00  0.0000000E+00
 -0.7453500E-01 -0.0000000E+00 -0.0000000E+00  0.0000000E+00 -0.3241270E+00
 -0.0000000E+00 -0.0000000E+00 -0.0000000E+00  0.1486084E+01 -0.0000000E+00
 -0.0000000E+00 -0.0000000E+00 -0.0000000E+00 -0.0000000E+00 -0.0000000E+00
  0.7126000E-02
  0.0000000E+00  0.0000000E+00 -0.7856400E-01 -0.0000000E+00  0.0000000E+00
  0.0000000E+00 -0.7453500E-01 -0.0000000E+00  0.0000000E+00  0.0000000E+00
 -0.3241270E+00 -0.0000000E+00  0.0000000E+00  0.0000000E+00  0.1486085E+01
  0.0000000E+00  0.0000000E+00  0.0000000E+00  0.0000000E+00  0.0000000E+00
  0.0000000E+00 -0.7126000E-02 -0.0000000E+00  0.0000000E+00  0.0000000E+00
  0.7856400E-01  0.0000000E+00  0.0000000E+00  0.0000000E+00  0.7453500E-01
  0.0000000E+00  0.0000000E+00  0.0000000E+00  0.3241270E+00  0.0000000E+00
  0.0000000E+00  0.0000000E+00 -0.1486084E+01 -0.0000000E+00  0.0000000E+00
  0.0000000E+00  0.0000000E+00  0.0000000E+00  0.0000000E+00 -0.7126000E-02
 -0.0000000E+00
  0.1879900E-01  0.3751300E-01  0.0000000E+00  0.0000000E+00  0.5288000E-02
 -0.6330400E-01  0.0000000E+00  0.0000000E+00  0.2722000E-02 -0.1036501E+01
  0.0000000E+00  0.0000000E+00  0.3786900E-01  0.9269303E+01  0.0000000E+00
  0.0000000E+00  0.4100591E+01  0.2706500E-01  0.2706500E-01  0.9880000E-02
  0.0000000E+00  0.0000000E+00  0.0000000E+00 -0.1879700E-01 -0.3751300E-01
  0.0000000E+00  0.0000000E+00  0.5287000E-02  0.6329200E-01  0.0000000E+00
  0.0000000E+00  0.2712000E-02  0.1036499E+01  0.0000000E+00  0.0000000E+00
  0.3790400E-01 -0.9269280E+01  0.0000000E+00  0.0000000E+00  0.4100509E+01
 -0.2707500E-01 -0.2707500E-01 -0.9901000E-02  0.0000000E+00  0.0000000E+00
  0.0000000E+00
  0.0000000E+00  0.0000000E+00  0.0000000E+00 -0.2003670E+00  0.0000000E+00
  0.0000000E+00  0.0000000E+00 -0.5591860E+00  0.0000000E+00  0.0000000E+00
 -0.0000000E+00  0.1045416E+01  0.0000000E+00  0.0000000E+00  0.0000000E+00
 -0.4785900E+00  0.0000000E+00  0.0000000E+00  0.0000000E+00  0.0000000E+00
  0.0000000E+00 -0.0000000E+00  0.1850200E-01  0.0000000E+00  0.0000000E+00
  0.0000000E+00 -0.2003680E+00  0.0000000E+00  0.0000000E+00  0.0000000E+00
 -0.5591900E+00  0.0000000E+00  0.0000000E+00 -0.0000000E+00  0.1045425E+01
  0.0000000E+00  0.0000000E+00  0.0000000E+00 -0.4785960E+00  0.0000000E+00
  0.0000000E+00  0.0000000E+00  0.0000000E+00  0.0000000E+00  0.0000000E+00
 -0.1850200E-01
 -0.0000000E+00 -0.0000000E+00 -0.2003670E+00 -0.0000000E+00 -0.0000000E+00
 -0.0000000E+00 -0.5591860E+00 -0.0000000E+00 -0.0000000E+00 -0.0000000E+00
  0.1045414E+01  0.0000000E+00 -0.0000000E+00 -0.0000000E+00 -0.4785880E+00
 -0.0000000E+00 -0.0000000E+00 -0.0000000E+00 -0.0000000E+00 -0.0000000E+00
 -0.0000000E+00  0.1850200E-01  0.0000000E+00 -0.0000000E+00 -0.0000000E+00
 -0.2003680E+00 -0.0000000E+00 -0.0000000E+00 -0.0000000E+00 -0.5591910E+00
 -0.0000000E+00 -0.0000000E+00 -0.0000000E+00  0.1045427E+01  0.0000000E+00
 -0.0000000E+00 -0.0000000E+00 -0.4785970E+00 -0.0000000E+00 -0.0000000E+00
 -0.0000000E+00 -0.0000000E+00 -0.0000000E+00 -0.0000000E+00 -0.1850200E-01
 -0.0000000E+00
 -0.2279500E-01 -0.3727200E-01  0.0000000E+00  0.0000000E+00 -0.1560520E+00
  0.1644340E+00  0.0000000E+00  0.0000000E+00 -0.5103340E+00  0.3725720E+00
  0.0000000E+00  0.0000000E+00  0.1825927E+01 -0.3592610E+00  0.0000000E+00
  0.0000000E+00 -0.7857410E+00  0.1479800E-01  0.1479800E-01 -0.4657000E-02
  0.0000000E+00  0.0000000E+00  0.0000000E+00  0.2279500E-01  0.3727200E-01
  0.0000000E+00  0.0000000E+00 -0.1560560E+00 -0.1644360E+00  0.0000000E+00
  0.0000000E+00 -0.5103480E+00 -0.3725630E+00  0.0000000E+00  0.0000000E+00
  0.1825950E+01  0.3592560E+00  0.0000000E+00  0.0000000E+00 -0.7857540E+00
 -0.1480000E-01 -0.1480000E-01  0.4656000E-02  0.0000000E+00  0.0000000E+00
  0.0000000E+00
  0.0000000E+00  0.0000000E+00  0.0000000E+00 -0.1781500E+00  0.0000000E+00
  0.0000000E+00  0.0000000E+00 -0.5621590E+00  0.0000000E+00  0.0000000E+00
 -0.0000000E+00  0.1363497E+01  0.0000000E+00  0.0000000E+00  0.0000000E+00
 -0.9281550E+00  0.0000000E+00  0.0000000E+00  0.0000000E+00  0.0000000E+00
  0.0000000E+00  0.0000000E+00 -0.2856800E-01  0.0000000E+00  0.0000000E+00
 -0.0000000E+00  0.1781490E+00  0.0000000E+00  0.0000000E+00 -0.0000000E+00
  0.5621550E+00  0.0000000E+00  0.0000000E+00  0.0000000E+00 -0.1363490E+01
  0.0000000E+00  0.0000000E+00 -0.0000000E+00  0.9281510E+00  0.0000000E+00
  0.0000000E+00  0.0000000E+00  0.0000000E+00  0.0000000E+00  0.0000000E+00
 -0.2856900E-01
 -0.0000000E+00 -0.0000000E+00 -0.1781510E+00 -0.0000000E+00 -0.0000000E+00
 -0.0000000E+00 -0.5621590E+00 -0.0000000E+00 -0.0000000E+00 -0.0000000E+00
  0.1363499E+01  0.0000000E+00 -0.0000000E+00 -0.0000000E+00 -0.9281560E+00
 -0.0000000E+00 -0.0000000E+00 -0.0000000E+00 -0.0000000E+00 -0.0000000E+00
 -0.0000000E+00 -0.2856800E-01 -0.0000000E+00 -0.0000000E+00 -0.0000000E+00
  0.1781480E+00  0.0000000E+00 -0.0000000E+00 -0.0000000E+00  0.5621550E+00
  0.0000000E+00 -0.0000000E+00 -0.0000000E+00 -0.1363489E+01 -0.0000000E+00
 -0.0000000E+00 -0.0000000E+00  0.9281510E+00  0.0000000E+00 -0.0000000E+00
 -0.0000000E+00 -0.0000000E+00 -0.0000000E+00 -0.0000000E+00 -0.2856900E-01
 -0.0000000E+00
  0.4441400E-01  0.6314300E-01 -0.0000000E+00 -0.0000000E+00  0.1441520E+00
 -0.5675480E+00 -0.0000000E+00 -0.0000000E+00  0.5037410E+00  0.1143563E+01
 -0.0000000E+00 -0.0000000E+00 -0.9376380E+00 -0.5651500E+00 -0.0000000E+00
 -0.0000000E+00  0.5116910E+00 -0.7953600E-01 -0.7953600E-01 -0.2713100E-01
 -0.0000000E+00 -0.0000000E+00 -0.0000000E+00  0.4441800E-01  0.6314700E-01
 -0.0000000E+00 -0.0000000E+00 -0.1441480E+00 -0.5675990E+00 -0.0000000E+00
 -0.0000000E+00 -0.5037280E+00  0.1143688E+01 -0.0000000E+00 -0.0000000E+00
  0.9375560E+00 -0.5651310E+00 -0.0000000E+00 -0.0000000E+00 -0.5117000E+00
 -0.7954300E-01 -0.7954300E-01 -0.2714100E-01 -0.0000000E+00 -0.0000000E+00
 -0.0000000E+00
  0.7012900E-01  0.9818100E-01 -0.0000000E+00 -0.0000000E+00 -0.1277470E+00
 -0.8872290E+00 -0.0000000E+00 -0.0000000E+00 -0.4113110E+00  0.1390635E+01
 -0.0000000E+00 -0.0000000E+00  0.6038690E+00 -0.4818830E+00 -0.0000000E+00
 -0.0000000E+00 -0.4636050E+00 -0.8658900E-01 -0.8658900E-01 -0.1432060E+00
 -0.0000000E+00 -0.0000000E+00 -0.0000000E+00  0.7013500E-01  0.9818900E-01
 -0.0000000E+00 -0.0000000E+00  0.1277460E+00 -0.8873220E+00 -0.0000000E+00
 -0.0000000E+00  0.4113140E+00  0.1390866E+01 -0.0000000E+00 -0.0000000E+00
 -0.6039340E+00 -0.4821850E+00 -0.0000000E+00 -0.0000000E+00  0.4637160E+00
 -0.8659900E-01 -0.8659900E-01 -0.1432210E+00 -0.0000000E+00 -0.0000000E+00
 -0.0000000E+00
 -0.7098800E-01 -0.9331200E-01  0.0000000E+00  0.0000000E+00  0.8085000E-02
  0.1165423E+01  0.0000000E+00  0.0000000E+00  0.8307600E-01 -0.3097952E+01
  0.0000000E+00  0.0000000E+00 -0.1004261E+01  0.5128495E+01  0.0000000E+00
  0.0000000E+00  0.2062511E+01  0.1172860E+00  0.1172860E+00  0.2023270E+00
  0.0000000E+00  0.0000000E+00  0.0000000E+00  0.7098000E-01  0.9329800E-01
  0.0000000E+00  0.0000000E+00  0.8081000E-02 -0.1165318E+01  0.0000000E+00
  0.0000000E+00  0.8306700E-01  0.3097788E+01  0.0000000E+00  0.0000000E+00
 -0.1004257E+01 -0.5128426E+01  0.0000000E+00  0.0000000E+00  0.2062495E+01
 -0.1172780E+00 -0.1172780E+00 -0.2023260E+00  0.0000000E+00  0.0000000E+00
  0.0000000E+00
  0.6487000E-02  0.2691100E-01 -0.0000000E+00 -0.0000000E+00 -0.1551190E+00
 -0.4919000E-01 -0.0000000E+00 -0.0000000E+00  0.1039890E+00 -0.2164760E+00
 -0.0000000E+00 -0.0000000E+00 -0.9799300E-01  0.8954500E-01 -0.0000000E+00
 -0.0000000E+00  0.1376040E+00 -0.2826280E+00 -0.2826280E+00  0.7302170E+00
 -0.0000000E+00 -0.0000000E+00 -0.0000000E+00  0.6488000E-02  0.2691200E-01
 -0.0000000E+00 -0.0000000E+00  0.1551190E+00 -0.4920200E-01 -0.0000000E+00
 -0.0000000E+00 -0.1039880E+00 -0.2164420E+00 -0.0000000E+00 -0.0000000E+00
  0.9798600E-01  0.8940200E-01 -0.0000000E+00 -0.0000000E+00 -0.1375400E+00
 -0.2826270E+00 -0.2826270E+00  0.7302160E+00 -0.0000000E+00 -0.0000000E+00
 -0.0000000E+00
  0.0000000E+00  0.0000000E+00 -0.0000000E+00  0.5649000E-02  0.0000000E+00
  0.0000000E+00 -0.0000000E+00  0.3683900E-01  0.0000000E+00  0.0000000E+00
  0.0000000E+00 -0.1182220E+00  0.0000000E+00  0.0000000E+00 -0.0000000E+00
  0.5218800E-01  0.0000000E+00  0.0000000E+00  0.0000000E+00  0.0000000E+00
  0.0000000E+00 -0.0000000E+00  0.7010560E+00  0.0000000E+00  0.0000000E+00
 -0.0000000E+00  0.5649000E-02  0.0000000E+00  0.0000000E+00 -0.0000000E+00
  0.3683800E-01  0.0000000E+00  0.0000000E+00  0.0000000E+00 -0.1182220E+00
  0.0000000E+00  0.0000000E+00 -0.0000000E+00  0.5218800E-01  0.0000000E+00
  0.0000000E+00  0.0000000E+00  0.0000000E+00  0.0000000E+00  0.0000000E+00
 -0.7010550E+00
  0.0000000E+00  0.0000000E+00  0.5649000E-02  0.0000000E+00  0.0000000E+00
  0.0000000E+00  0.3683900E-01  0.0000000E+00  0.0000000E+00  0.0000000E+00
 -0.1182220E+00 -0.0000000E+00  0.0000000E+00  0.0000000E+00  0.5218800E-01
  0.0000000E+00  0.0000000E+00  0.0000000E+00  0.0000000E+00  0.0000000E+00
  0.0000000E+00  0.7010560E+00  0.0000000E+00  0.0000000E+00  0.0000000E+00
  0.5649000E-02  0.0000000E+00  0.0000000E+00  0.0000000E+00  0.3683800E-01
  0.0000000E+00  0.0000000E+00  0.0000000E+00 -0.1182220E+00 -0.0000000E+00
  0.0000000E+00  0.0000000E+00  0.5218800E-01  0.0000000E+00  0.0000000E+00
  0.0000000E+00  0.0000000E+00  0.0000000E+00  0.0000000E+00 -0.7010550E+00
 -0.0000000E+00
 -0.0000000E+00 -0.0000000E+00 -0.0000000E+00 -0.0000000E+00 -0.0000000E+00
 -0.0000000E+00 -0.0000000E+00 -0.0000000E+00 -0.0000000E+00 -0.0000000E+00
 -0.0000000E+00 -0.0000000E+00 -0.0000000E+00 -0.0000000E+00 -0.0000000E+00
 -0.0000000E+00 -0.0000000E+00  0.0000000E+00 -0.0000000E+00 -0.0000000E+00
  0.7064150E+00 -0.0000000E+00 -0.0000000E+00 -0.0000000E+00 -0.0000000E+00
 -0.0000000E+00 -0.0000000E+00 -0.0000000E+00 -0.0000000E+00 -0.0000000E+00
 -0.0000000E+00 -0.0000000E+00 -0.0000000E+00 -0.0000000E+00 -0.0000000E+00
 -0.0000000E+00 -0.0000000E+00 -0.0000000E+00 -0.0000000E+00 -0.0000000E+00
  0.0000000E+00 -0.0000000E+00 -0.0000000E+00  0.7064070E+00 -0.0000000E+00
 -0.0000000E+00
  0.0000000E+00  0.0000000E+00  0.0000000E+00  0.0000000E+00 -0.0000000E+00
 -0.0000000E+00  0.0000000E+00  0.0000000E+00  0.0000000E+00  0.0000000E+00
  0.0000000E+00  0.0000000E+00 -0.0000000E+00 -0.0000000E+00  0.0000000E+00
  0.0000000E+00  0.0000000E+00  0.6117730E+00 -0.6117730E+00 -0.0000000E+00
 -0.0000000E+00  0.0000000E+00  0.0000000E+00  0.0000000E+00  0.0000000E+00
  0.0000000E+00  0.0000000E+00  0.0000000E+00 -0.0000000E+00  0.0000000E+00
  0.0000000E+00  0.0000000E+00  0.0000000E+00  0.0000000E+00  0.0000000E+00
 -0.0000000E+00  0.0000000E+00  0.0000000E+00  0.0000000E+00 -0.0000000E+00
  0.6117660E+00 -0.6117660E+00  0.0000000E+00 -0.0000000E+00  0.0000000E+00
  0.0000000E+00
  0.0000000E+00  0.0000000E+00  0.0000000E+00  0.0000000E+00  0.0000000E+00
  0.0000000E+00  0.0000000E+00  0.0000000E+00  0.0000000E+00  0.0000000E+00
  0.0000000E+00  0.0000000E+00  0.0000000E+00  0.0000000E+00  0.0000000E+00
  0.0000000E+00  0.0000000E+00  0.0000000E+00  0.0000000E+00  0.0000000E+00
 -0.7078010E+00  0.0000000E+00  0.0000000E+00  0.0000000E+00  0.0000000E+00
  0.0000000E+00  0.0000000E+00  0.0000000E+00  0.0000000E+00  0.0000000E+00
  0.0000000E+00  0.0000000E+00  0.0000000E+00  0.0000000E+00  0.0000000E+00
  0.0000000E+00  0.0000000E+00  0.0000000E+00  0.0000000E+00  0.0000000E+00
  0.0000000E+00  0.0000000E+00  0.0000000E+00  0.7078090E+00  0.0000000E+00
  0.0000000E+00
 -0.0000000E+00 -0.0000000E+00  0.0000000E+00  0.0000000E+00  0.0000000E+00
  0.0000000E+00  0.0000000E+00  0.0000000E+00 -0.0000000E+00 -0.0000000E+00
  0.0000000E+00  0.0000000E+00  0.0000000E+00  0.0000000E+00  0.0000000E+00
  0.0000000E+00  0.0000000E+00 -0.6129740E+00  0.6129740E+00 -0.0000000E+00
  0.0000000E+00  0.0000000E+00  0.0000000E+00  0.0000000E+00 -0.0000000E+00
  0.0000000E+00  0.0000000E+00 -0.0000000E+00  0.0000000E+00  0.0000000E+00
  0.0000000E+00  0.0000000E+00 -0.0000000E+00  0.0000000E+00  0.0000000E+00
  0.0000000E+00 -0.0000000E+00  0.0000000E+00  0.0000000E+00  0.0000000E+00
  0.6129800E+00 -0.6129800E+00 -0.0000000E+00  0.0000000E+00  0.0000000E+00
  0.0000000E+00
 -0.0000000E+00 -0.0000000E+00 -0.0000000E+00 -0.4089100E-01 -0.0000000E+00
 -0.0000000E+00 -0.0000000E+00 -0.2628000E-01 -0.0000000E+00 -0.0000000E+00
  0.0000000E+00  0.1500290E+00 -0.0000000E+00 -0.0000000E+00 -0.0000000E+00
 -0.4593800E-01 -0.0000000E+00 -0.0000000E+00 -0.0000000E+00 -0.0000000E+00
 -0.0000000E+00  0.0000000E+00  0.7172150E+00 -0.0000000E+00 -0.0000000E+00
  0.0000000E+00  0.4089100E-01 -0.0000000E+00 -0.0000000E+00  0.0000000E+00
  0.2628000E-01 -0.0000000E+00 -0.0000000E+00 -0.0000000E+00 -0.1500280E+00
 -0.0000000E+00 -0.0000000E+00  0.0000000E+00  0.4593700E-01 -0.0000000E+00
 -0.0000000E+00 -0.0000000E+00 -0.0000000E+00 -0.0000000E+00  0.0000000E+00
  0.7172160E+00
  0.0000000E+00  0.0000000E+00 -0.4089100E-01  0.0000000E+00  0.0000000E+00
  0.0000000E+00 -0.2628000E-01  0.0000000E+00  0.0000000E+00  0.0000000E+00
  0.1500290E+00 -0.0000000E+00  0.0000000E+00  0.0000000E+00 -0.4593800E-01
  0.0000000E+00  0.0000000E+00  0.0000000E+00  0.0000000E+00  0.0000000E+00
  0.0000000E+00  0.7172150E+00 -0.0000000E+00  0.0000000E+00  0.0000000E+00
  0.4089100E-01 -0.0000000E+00  0.0000000E+00  0.0000000E+00  0.2628000E-01
 -0.0000000E+00  0.0000000E+00  0.0000000E+00 -0.1500280E+00  0.0000000E+00
  0.0000000E+00  0.0000000E+00  0.4593700E-01 -0.0000000E+00  0.0000000E+00
  0.0000000E+00  0.0000000E+00  0.0000000E+00  0.0000000E+00  0.7172160E+00
 -0.0000000E+00
  0.1338700E-01  0.2047800E-01 -0.0000000E+00 -0.0000000E+00  0.1153820E+00
 -0.3415240E+00 -0.0000000E+00 -0.0000000E+00 -0.2183130E+00  0.1077208E+01
 -0.0000000E+00 -0.0000000E+00  0.8943730E+00 -0.1052136E+01 -0.0000000E+00
 -0.0000000E+00 -0.5719620E+00 -0.4086060E+00 -0.4086060E+00  0.7435430E+00
 -0.0000000E+00 -0.0000000E+00 -0.0000000E+00 -0.1338700E-01 -0.2047700E-01
 -0.0000000E+00 -0.0000000E+00  0.1153830E+00  0.3415200E+00 -0.0000000E+00
 -0.0000000E+00 -0.2183140E+00 -0.1077204E+01 -0.0000000E+00 -0.0000000E+00
  0.8943740E+00  0.1052135E+01 -0.0000000E+00 -0.0000000E+00 -0.5719630E+00
  0.4086080E+00  0.4086080E+00 -0.7435440E+00 -0.0000000E+00 -0.0000000E+00
 -0.0000000E+00
  0.2730000E-03 -0.7223000E-02  0.0000000E+00  0.0000000E+00  0.8798610E+00
 -0.2759500E-01  0.0000000E+00  0.0000000E+00 -0.1118107E+01  0.2828700E-01
  0.0000000E+00  0.0000000E+00  0.6553930E+00  0.4754200E-01  0.0000000E+00
  0.0000000E+00 -0.3047050E+00 -0.9910300E-01 -0.9910300E-01  0.9601000E-01
  0.0000000E+00  0.0000000E+00  0.0000000E+00  0.2730000E-03 -0.7222000E-02
  0.0000000E+00  0.0000000E+00 -0.8798690E+00 -0.2759900E-01  0.0000000E+00
  0.0000000E+00  0.1118116E+01  0.2828800E-01  0.0000000E+00  0.0000000E+00
 -0.6553960E+00  0.4752100E-01  0.0000000E+00  0.0000000E+00  0.3047160E+00
 -0.9910000E-01 -0.9910000E-01  0.9601000E-01  0.0000000E+00  0.0000000E+00
  0.0000000E+00
  0.0000000E+00  0.0000000E+00 -0.0000000E+00 -0.8882210E+00  0.0000000E+00
  0.0000000E+00  0.0000000E+00  0.1064215E+01  0.0000000E+00  0.0000000E+00
 -0.0000000E+00 -0.5604660E+00  0.0000000E+00  0.0000000E+00  0.0000000E+00
  0.1901750E+00  0.0000000E+00  0.0000000E+00  0.0000000E+00  0.0000000E+00
  0.0000000E+00  0.0000000E+00  0.1404200E-01  0.0000000E+00  0.0000000E+00
 -0.0000000E+00 -0.8882390E+00  0.0000000E+00  0.0000000E+00  0.0000000E+00
  0.1064236E+01  0.0000000E+00  0.0000000E+00 -0.0000000E+00 -0.5604800E+00
  0.0000000E+00  0.0000000E+00  0.0000000E+00  0.1901820E+00  0.0000000E+00
  0.0000000E+00  0.0000000E+00  0.0000000E+00  0.0000000E+00 -0.0000000E+00
 -0.1404100E-01
  0.0000000E+00  0.0000000E+00 -0.8882180E+00  0.0000000E+00  0.0000000E+00
  0.0000000E+00  0.1064212E+01 -0.0000000E+00  0.0000000E+00  0.0000000E+00
 -0.5604640E+00  0.0000000E+00  0.0000000E+00  0.0000000E+00  0.1901740E+00
 -0.0000000E+00  0.0000000E+00  0.0000000E+00  0.0000000E+00  0.0000000E+00
  0.0000000E+00  0.1404200E-01 -0.0000000E+00  0.0000000E+00  0.0000000E+00
 -0.8882410E+00  0.0000000E+00  0.0000000E+00  0.0000000E+00  0.1064239E+01
 -0.0000000E+00  0.0000000E+00  0.0000000E+00 -0.5604820E+00  0.0000000E+00
  0.0000000E+00  0.0000000E+00  0.1901830E+00 -0.0000000E+00  0.0000000E+00
  0.0000000E+00  0.0000000E+00  0.0000000E+00  0.0000000E+00 -0.1404100E-01
  0.0000000E+00
  0.0000000E+00  0.0000000E+00  0.0000000E+00 -0.8895390E+00  0.0000000E+00
  0.0000000E+00 -0.0000000E+00  0.1077613E+01  0.0000000E+00  0.0000000E+00
  0.0000000E+00 -0.6969720E+00  0.0000000E+00  0.0000000E+00 -0.0000000E+00
  0.3546820E+00  0.0000000E+00  0.0000000E+00  0.0000000E+00  0.0000000E+00
  0.0000000E+00  0.0000000E+00 -0.4084200E-01  0.0000000E+00  0.0000000E+00
 -0.0000000E+00  0.8895220E+00  0.0000000E+00  0.0000000E+00  0.0000000E+00
 -0.1077592E+01  0.0000000E+00  0.0000000E+00 -0.0000000E+00  0.6969610E+00
  0.0000000E+00  0.0000000E+00  0.0000000E+00 -0.3546780E+00  0.0000000E+00
  0.0000000E+00  0.0000000E+00  0.0000000E+00  0.0000000E+00  0.0000000E+00
 -0.4084200E-01
 -0.0000000E+00 -0.0000000E+00 -0.8895420E+00 -0.0000000E+00 -0.0000000E+00
 -0.0000000E+00  0.1077616E+01  0.0000000E+00 -0.0000000E+00 -0.0000000E+00
 -0.6969740E+00 -0.0000000E+00 -0.0000000E+00 -0.0000000E+00  0.3546830E+00
  0.0000000E+00 -0.0000000E+00 -0.0000000E+00 -0.0000000E+00 -0.0000000E+00
 -0.0000000E+00 -0.4084200E-01 -0.0000000E+00 -0.0000000E+00 -0.0000000E+00
  0.8895190E+00  0.0000000E+00 -0.0000000E+00 -0.0000000E+00 -0.1077589E+01
 -0.0000000E+00 -0.0000000E+00 -0.0000000E+00  0.6969600E+00  0.0000000E+00
 -0.0000000E+00 -0.0000000E+00 -0.3546780E+00 -0.0000000E+00 -0.0000000E+00
 -0.0000000E+00 -0.0000000E+00 -0.0000000E+00 -0.0000000E+00 -0.4084200E-01
 -0.0000000E+00
 -0.4209000E-02 -0.2288000E-01 -0.0000000E+00 -0.0000000E+00 -0.8894120E+00
  0.5617400E-01 -0.0000000E+00 -0.0000000E+00  0.1046945E+01 -0.2206100E-01
 -0.0000000E+00 -0.0000000E+00 -0.6494640E+00 -0.4344000E-02 -0.0000000E+00
 -0.0000000E+00  0.1865960E+00 -0.1127120E+00 -0.1127120E+00  0.5855100E-01
 -0.0000000E+00 -0.0000000E+00 -0.0000000E+00  0.4209000E-02  0.2288200E-01
 -0.0000000E+00 -0.0000000E+00 -0.8894040E+00 -0.5618000E-01 -0.0000000E+00
 -0.0000000E+00  0.1046934E+01  0.2205800E-01 -0.0000000E+00 -0.0000000E+00
 -0.6494570E+00  0.4344000E-02 -0.0000000E+00 -0.0000000E+00  0.1865920E+00
  0.1127170E+00  0.1127170E+00 -0.5854800E-01 -0.0000000E+00 -0.0000000E+00
 -0.0000000E+00
 -0.1362870E+00 -0.5128410E+00  0.0000000E+00  0.0000000E+00 -0.1001200E-01
  0.2011323E+01  0.0000000E+00  0.0000000E+00 -0.3873700E-01  0.8277210E+00
  0.0000000E+00  0.0000000E+00  0.3212200E-01 -0.2640810E+00  0.0000000E+00
  0.0000000E+00 -0.5892200E-01 -0.1135542E+01 -0.1135542E+01 -0.1101763E+01
  0.0000000E+00  0.0000000E+00  0.0000000E+00 -0.1363000E+00 -0.5128890E+00
  0.0000000E+00  0.0000000E+00  0.1000500E-01  0.2011506E+01  0.0000000E+00
  0.0000000E+00  0.3874500E-01  0.8278240E+00  0.0000000E+00  0.0000000E+00
 -0.3215100E-01 -0.2641290E+00  0.0000000E+00  0.0000000E+00  0.5893300E-01
 -0.1135647E+01 -0.1135647E+01 -0.1101863E+01  0.0000000E+00  0.0000000E+00
  0.0000000E+00
 -0.1371910E+00 -0.5122180E+00  0.0000000E+00  0.0000000E+00  0.4767100E-01
  0.1929035E+01  0.0000000E+00  0.0000000E+00 -0.6489300E-01  0.1386709E+01
  0.0000000E+00  0.0000000E+00  0.3384540E+00 -0.1828791E+01  0.0000000E+00
  0.0000000E+00 -0.6981830E+00 -0.1162023E+01 -0.1162023E+01 -0.1088354E+01
  0.0000000E+00  0.0000000E+00  0.0000000E+00  0.1371790E+00  0.5121710E+00
  0.0000000E+00  0.0000000E+00  0.4767300E-01 -0.1928851E+01  0.0000000E+00
  0.0000000E+00 -0.6489200E-01 -0.1386629E+01  0.0000000E+00  0.0000000E+00
  0.3384530E+00  0.1828765E+01  0.0000000E+00  0.0000000E+00 -0.6981770E+00
  0.1161919E+01  0.1161919E+01  0.1088251E+01  0.0000000E+00  0.0000000E+00
  0.0000000E+00
 -0.1697196E+01  0.1967873E+01  0.0000000E+00  0.0000000E+00 -0.2074000E-02
 -0.8166230E+00  0.0000000E+00  0.0000000E+00  0.1493600E-01 -0.2089210E+00
  0.0000000E+00  0.0000000E+00 -0.1086700E-01  0.6888600E-01  0.0000000E+00
  0.0000000E+00  0.1734200E-01  0.3954220E+00  0.3954220E+00  0.3947360E+00
  0.0000000E+00  0.0000000E+00  0.0000000E+00 -0.1697380E+01  0.1968086E+01
  0.0000000E+00  0.0000000E+00  0.2074000E-02 -0.8167100E+00  0.0000000E+00
  0.0000000E+00 -0.1493600E-01 -0.2089580E+00  0.0000000E+00  0.0000000E+00
  0.1087600E-01  0.6893500E-01  0.0000000E+00  0.0000000E+00 -0.1736100E-01
  0.3954660E+00  0.3954660E+00  0.3947780E+00  0.0000000E+00  0.0000000E+00
  0.0000000E+00
 -0.1698212E+01  0.1971612E+01 -0.0000000E+00 -0.0000000E+00 -0.3376000E-02
 -0.8048680E+00 -0.0000000E+00 -0.0000000E+00  0.6372000E-02 -0.3500570E+00
 -0.0000000E+00 -0.0000000E+00 -0.7855800E-01  0.4879170E+00 -0.0000000E+00
 -0.0000000E+00  0.1855000E+00  0.4073620E+00  0.4073620E+00  0.3929680E+00
 -0.0000000E+00 -0.0000000E+00 -0.0000000E+00  0.1698028E+01 -0.1971399E+01
 -0.0000000E+00 -0.0000000E+00 -0.3376000E-02  0.8047790E+00 -0.0000000E+00
 -0.0000000E+00  0.6370000E-02  0.3500340E+00 -0.0000000E+00 -0.0000000E+00
 -0.7855700E-01 -0.4879100E+00 -0.0000000E+00 -0.0000000E+00  0.1854980E+00
 -0.4073190E+00 -0.4073190E+00 -0.3929250E+00 -0.0000000E+00 -0.0000000E+00
 -0.0000000E+00
