  0.3600000E-04 -0.1050000E-03 -0.0000000E+00 -0.0000000E+00  0.4200000E-04
  0.2550000E-03 -0.0000000E+00 -0.0000000E+00  0.8670000E-03 -0.4680000E-03
 -0.0000000E+00 -0.0000000E+00 -0.4270000E-03  0.3090000E-03 -0.0000000E+00
 -0.0000000E+00  0.2340000E-03 -0.1950000E-03 -0.1630000E-03  0.8000000E-03
 -0.0000000E+00 -0.0000000E+00 -0.0000000E+00  0.5515740E+00  0.4662460E+00
 -0.0000000E+00 -0.0000000E+00 -0.1751000E-02  0.2152400E-01 -0.0000000E+00
 -0.0000000E+00  0.1196000E-02  0.1360000E-02 -0.0000000E+00 -0.0000000E+00
 -0.3310000E-03 -0.5910000E-03 -0.0000000E+00 -0.0000000E+00 -0.2400000E-04
 -0.6134000E-02 -0.6336000E-02 -0.6355000E-02 -0.0000000E+00 -0.0000000E+00
 -0.0000000E+00
  0.5633670E+00  0.4592020E+00  0.0000000E+00  0.0000000E+00  0.2630000E-03
  0.2362000E-01  0.0000000E+00  0.0000000E+00 -0.8850000E-03  0.1167100E-01
  0.0000000E+00  0.0000000E+00  0.2431000E-02  0.1387000E-02  0.0000000E+00
  0.0000000E+00  0.5370000E-03 -0.8623000E-02 -0.9039000E-02 -0.8526000E-02
  0.0000000E+00  0.0000000E+00  0.0000000E+00 -0.2020000E-03 -0.2620000E-03
  0.0000000E+00  0.0000000E+00 -0.2560000E-03  0.8600000E-03  0.0000000E+00
  0.0000000E+00 -0.7940000E-03 -0.4650000E-03  0.0000000E+00  0.0000000E+00
 -0.7200000E-04 -0.7409000E-02  0.0000000E+00  0.0000000E+00  0.3036000E-02
 -0.9900000E-04 -0.3400000E-04  0.1340000E-03  0.0000000E+00  0.0000000E+00
  0.0000000E+00
 -0.6729800E-01 -0.1037010E+00 -0.0000000E+00 -0.0000000E+00  0.1114980E+00
  0.2646920E+00 -0.0000000E+00 -0.0000000E+00  0.1085930E+00  0.8190900E-01
 -0.0000000E+00 -0.0000000E+00  0.7353000E-02  0.2266700E-01 -0.0000000E+00
 -0.0000000E+00  0.1295300E-01 -0.2239600E-01 -0.2159700E-01  0.1376200E-01
 -0.0000000E+00 -0.0000000E+00 -0.0000000E+00 -0.1099950E+00 -0.1767330E+00
 -0.0000000E+00 -0.0000000E+00 -0.8934600E-01  0.5127200E+00 -0.0000000E+00
 -0.0000000E+00 -0.1332870E+00  0.3152740E+00 -0.0000000E+00 -0.0000000E+00
 -0.3303900E-01 -0.6311400E-01 -0.0000000E+00 -0.0000000E+00  0.1123800E-01
 -0.1227000E-01 -0.1266800E-01  0.2199700E-01 -0.0000000E+00 -0.0000000E+00
 -0.0000000E+00
 -0.9709000E-01 -0.1551500E+00 -0.0000000E+00 -0.0000000E+00 -0.1967200E-01
  0.4682400E+00 -0.0000000E+00 -0.0000000E+00 -0.4525700E-01  0.3956360E+00
 -0.0000000E+00 -0.0000000E+00 -0.1665800E-01  0.9973000E-02 -0.0000000E+00
 -0.0000000E+00 -0.3143000E-02 -0.1858000E-02 -0.7584000E-02  0.4850000E-02
 -0.0000000E+00 -0.0000000E+00 -0.0000000E+00  0.6292900E-01  0.1040250E+00
 -0.0000000E+00 -0.0000000E+00 -0.1765980E+00 -0.3147820E+00 -0.0000000E+00
 -0.0000000E+00 -0.2494540E+00 -0.3979980E+00 -0.0000000E+00 -0.0000000E+00
 -0.1306710E+00 -0.8959600E-01 -0.0000000E+00 -0.0000000E+00  0.1510400E-01
 -0.4791000E-02 -0.2231000E-02  0.2042500E-01 -0.0000000E+00 -0.0000000E+00
 -0.0000000E+00
 -0.0000000E+00 -0.0000000E+00  0.1798630E+00 -0.0000000E+00 -0.0000000E+00
 -0.0000000E+00  0.2674380E+00 -0.0000000E+00 -0.0000000E+00 -0.0000000E+00
  0.1381540E+00 -0.0000000E+00 -0.0000000E+00 -0.0000000E+00  0.9943000E-02
 -0.0000000E+00 -0.0000000E+00 -0.0000000E+00 -0.0000000E+00 -0.0000000E+00
 -0.0000000E+00  0.3116900E-01 -0.0000000E+00 -0.0000000E+00 -0.0000000E+00
  0.2499200E+00 -0.0000000E+00 -0.0000000E+00 -0.0000000E+00  0.3656500E+00
 -0.0000000E+00 -0.0000000E+00 -0.0000000E+00  0.2621440E+00 -0.0000000E+00
 -0.0000000E+00 -0.0000000E+00  0.8829000E-02 -0.0000000E+00 -0.0000000E+00
 -0.0000000E+00 -0.0000000E+00 -0.0000000E+00 -0.0000000E+00 -0.2486600E-01
 -0.0000000E+00
 -0.5014700E-01 -0.8087500E-01  0.0000000E+00  0.0000000E+00 -0.2330790E+00
  0.2476370E+00  0.0000000E+00  0.0000000E+00 -0.3215050E+00  0.3328190E+00
  0.0000000E+00  0.0000000E+00 -0.1572420E+00  0.2360100E-01  0.0000000E+00
  0.0000000E+00  0.1684000E-02  0.1691300E-01  0.1033400E-01  0.2432000E-02
  0.0000000E+00  0.0000000E+00  0.0000000E+00 -0.1525700E-01 -0.2544200E-01
  0.0000000E+00  0.0000000E+00  0.1954690E+00  0.7106400E-01  0.0000000E+00
  0.0000000E+00  0.2799290E+00  0.1589620E+00  0.0000000E+00  0.0000000E+00
  0.1679320E+00  0.3679300E-01  0.0000000E+00  0.0000000E+00  0.1943600E-01
  0.8342000E-02  0.7494000E-02 -0.2493200E-01  0.0000000E+00  0.0000000E+00
  0.0000000E+00
 -0.0000000E+00 -0.0000000E+00 -0.0000000E+00  0.1731390E+00 -0.0000000E+00
 -0.0000000E+00 -0.0000000E+00  0.2657290E+00 -0.0000000E+00 -0.0000000E+00
 -0.0000000E+00  0.1425880E+00 -0.0000000E+00 -0.0000000E+00 -0.0000000E+00
  0.7984000E-02 -0.0000000E+00 -0.0000000E+00 -0.0000000E+00 -0.0000000E+00
 -0.0000000E+00 -0.0000000E+00  0.3999200E-01 -0.0000000E+00 -0.0000000E+00
 -0.0000000E+00  0.2430220E+00 -0.0000000E+00 -0.0000000E+00 -0.0000000E+00
  0.3580510E+00 -0.0000000E+00 -0.0000000E+00 -0.0000000E+00  0.2700120E+00
 -0.0000000E+00 -0.0000000E+00 -0.0000000E+00  0.1435300E-01 -0.0000000E+00
 -0.0000000E+00 -0.0000000E+00 -0.0000000E+00 -0.0000000E+00 -0.0000000E+00
 -0.2727700E-01
 -0.0000000E+00 -0.0000000E+00  0.2515130E+00 -0.0000000E+00 -0.0000000E+00
 -0.0000000E+00  0.3968000E+00 -0.0000000E+00 -0.0000000E+00 -0.0000000E+00
  0.5227740E+00 -0.0000000E+00 -0.0000000E+00 -0.0000000E+00  0.1643360E+00
 -0.0000000E+00 -0.0000000E+00 -0.0000000E+00 -0.0000000E+00 -0.0000000E+00
 -0.0000000E+00 -0.5228500E-01 -0.0000000E+00 -0.0000000E+00 -0.0000000E+00
 -0.2095230E+00 -0.0000000E+00 -0.0000000E+00 -0.0000000E+00 -0.3011420E+00
 -0.0000000E+00 -0.0000000E+00 -0.0000000E+00 -0.3569070E+00 -0.0000000E+00
 -0.0000000E+00 -0.0000000E+00 -0.2198120E+00 -0.0000000E+00 -0.0000000E+00
 -0.0000000E+00 -0.0000000E+00 -0.0000000E+00 -0.0000000E+00 -0.1100400E-01
 -0.0000000E+00
  0.0000000E+00  0.0000000E+00  0.0000000E+00  0.2290750E+00  0.0000000E+00
  0.0000000E+00  0.0000000E+00  0.3647080E+00  0.0000000E+00  0.0000000E+00
  0.0000000E+00  0.5514910E+00  0.0000000E+00  0.0000000E+00  0.0000000E+00
  0.2743370E+00  0.0000000E+00  0.0000000E+00  0.0000000E+00  0.0000000E+00
  0.0000000E+00  0.0000000E+00 -0.4968500E-01  0.0000000E+00  0.0000000E+00
  0.0000000E+00 -0.1999220E+00  0.0000000E+00  0.0000000E+00  0.0000000E+00
 -0.2908370E+00  0.0000000E+00  0.0000000E+00  0.0000000E+00 -0.3561800E+00
  0.0000000E+00  0.0000000E+00  0.0000000E+00 -0.2906740E+00  0.0000000E+00
  0.0000000E+00  0.0000000E+00  0.0000000E+00  0.0000000E+00  0.0000000E+00
 -0.1044200E-01
  0.2758900E-01  0.4519800E-01 -0.0000000E+00 -0.0000000E+00  0.6650600E-01
 -0.2052440E+00 -0.0000000E+00 -0.0000000E+00  0.6883400E-01  0.3007960E+00
 -0.0000000E+00 -0.0000000E+00  0.4980900E+00  0.2235681E+01 -0.0000000E+00
 -0.0000000E+00  0.2291940E+00 -0.3659000E-02 -0.2389000E-02 -0.1883200E-01
 -0.0000000E+00 -0.0000000E+00 -0.0000000E+00  0.1427700E-01  0.2362800E-01
 -0.0000000E+00 -0.0000000E+00 -0.2144900E-01 -0.8534200E-01 -0.0000000E+00
 -0.0000000E+00 -0.4138300E-01 -0.1847100E+00 -0.0000000E+00 -0.0000000E+00
  0.4221900E-01 -0.1687534E+01 -0.0000000E+00 -0.0000000E+00  0.4714040E+00
 -0.1156000E-02 -0.7210000E-03  0.3240000E-03 -0.0000000E+00 -0.0000000E+00
 -0.0000000E+00
 -0.1743500E-01 -0.3152800E-01 -0.0000000E+00 -0.0000000E+00 -0.1896700E-01
  0.7508700E-01 -0.0000000E+00 -0.0000000E+00 -0.5997000E-02  0.5759580E+00
 -0.0000000E+00 -0.0000000E+00  0.9226200E-01  0.6102990E+00 -0.0000000E+00
 -0.0000000E+00  0.1452444E+01  0.2020000E-02  0.1544000E-02 -0.3497500E-01
 -0.0000000E+00 -0.0000000E+00 -0.0000000E+00  0.2074200E-01  0.3417200E-01
 -0.0000000E+00 -0.0000000E+00 -0.4910000E-03 -0.1272000E+00 -0.0000000E+00
 -0.0000000E+00 -0.8452000E-02 -0.1608250E+00 -0.0000000E+00 -0.0000000E+00
  0.6067200E-01 -0.1172668E+01 -0.0000000E+00 -0.0000000E+00  0.3520300E-01
 -0.2091000E-02 -0.1639000E-02 -0.2733000E-02 -0.0000000E+00 -0.0000000E+00
 -0.0000000E+00
 -0.0000000E+00 -0.0000000E+00 -0.1153990E+00 -0.0000000E+00 -0.0000000E+00
 -0.0000000E+00 -0.1575420E+00 -0.0000000E+00 -0.0000000E+00 -0.0000000E+00
 -0.3257410E+00 -0.0000000E+00 -0.0000000E+00 -0.0000000E+00  0.1286461E+01
 -0.0000000E+00 -0.0000000E+00 -0.0000000E+00 -0.0000000E+00 -0.0000000E+00
 -0.0000000E+00 -0.7947000E-02 -0.0000000E+00 -0.0000000E+00 -0.0000000E+00
  0.5324000E-02 -0.0000000E+00 -0.0000000E+00 -0.0000000E+00 -0.7529000E-02
 -0.0000000E+00 -0.0000000E+00 -0.0000000E+00  0.1034420E+00 -0.0000000E+00
 -0.0000000E+00 -0.0000000E+00 -0.2281610E+00 -0.0000000E+00 -0.0000000E+00
 -0.0000000E+00 -0.0000000E+00 -0.0000000E+00 -0.0000000E+00  0.9759000E-02
 -0.0000000E+00
 -0.0000000E+00 -0.0000000E+00 -0.0000000E+00 -0.1293890E+00 -0.0000000E+00
 -0.0000000E+00 -0.0000000E+00 -0.1797660E+00 -0.0000000E+00 -0.0000000E+00
 -0.0000000E+00 -0.3965310E+00 -0.0000000E+00 -0.0000000E+00 -0.0000000E+00
  0.1237475E+01 -0.0000000E+00 -0.0000000E+00 -0.0000000E+00 -0.0000000E+00
 -0.0000000E+00 -0.0000000E+00 -0.5881000E-02 -0.0000000E+00 -0.0000000E+00
 -0.0000000E+00  0.1534200E-01 -0.0000000E+00 -0.0000000E+00 -0.0000000E+00
  0.8459000E-02 -0.0000000E+00 -0.0000000E+00 -0.0000000E+00  0.1157550E+00
 -0.0000000E+00 -0.0000000E+00 -0.0000000E+00 -0.1336210E+00 -0.0000000E+00
 -0.0000000E+00 -0.0000000E+00 -0.0000000E+00 -0.0000000E+00 -0.0000000E+00
  0.1151200E-01
 -0.1943100E-01 -0.4187200E-01  0.0000000E+00  0.0000000E+00  0.7991000E-02
 -0.5813000E-02  0.0000000E+00  0.0000000E+00 -0.3852500E-01  0.1936447E+01
  0.0000000E+00  0.0000000E+00  0.6699600E-01  0.3981480E+00  0.0000000E+00
  0.0000000E+00 -0.4638930E+00 -0.6534400E-01 -0.6602600E-01 -0.1446800E-01
  0.0000000E+00  0.0000000E+00  0.0000000E+00  0.3883000E-02  0.7234000E-02
  0.0000000E+00  0.0000000E+00 -0.6559000E-01 -0.2281300E-01  0.0000000E+00
  0.0000000E+00 -0.7487800E-01 -0.4954800E-01  0.0000000E+00  0.0000000E+00
 -0.2348450E+00 -0.1428597E+01  0.0000000E+00  0.0000000E+00  0.2255884E+01
 -0.9396000E-02 -0.9449000E-02  0.2733100E-01  0.0000000E+00  0.0000000E+00
  0.0000000E+00
  0.0000000E+00  0.0000000E+00 -0.3230000E-03  0.0000000E+00  0.0000000E+00
  0.0000000E+00  0.7191000E-01  0.0000000E+00  0.0000000E+00  0.0000000E+00
 -0.2767870E+00  0.0000000E+00  0.0000000E+00  0.0000000E+00 -0.1033032E+01
  0.0000000E+00  0.0000000E+00  0.0000000E+00  0.0000000E+00  0.0000000E+00
  0.0000000E+00 -0.2829000E-02  0.0000000E+00  0.0000000E+00  0.0000000E+00
 -0.1221820E+00  0.0000000E+00  0.0000000E+00  0.0000000E+00 -0.1287290E+00
  0.0000000E+00  0.0000000E+00  0.0000000E+00 -0.4814190E+00  0.0000000E+00
  0.0000000E+00  0.0000000E+00  0.1991175E+01  0.0000000E+00  0.0000000E+00
  0.0000000E+00  0.0000000E+00  0.0000000E+00  0.0000000E+00  0.1474300E-01
  0.0000000E+00
  0.0000000E+00  0.0000000E+00  0.0000000E+00  0.7083000E-02  0.0000000E+00
  0.0000000E+00  0.0000000E+00  0.7781500E-01  0.0000000E+00  0.0000000E+00
  0.0000000E+00 -0.2267170E+00  0.0000000E+00  0.0000000E+00  0.0000000E+00
 -0.1081671E+01  0.0000000E+00  0.0000000E+00  0.0000000E+00  0.0000000E+00
  0.0000000E+00  0.0000000E+00 -0.6097000E-02  0.0000000E+00  0.0000000E+00
  0.0000000E+00 -0.1281640E+00  0.0000000E+00  0.0000000E+00  0.0000000E+00
 -0.1385760E+00  0.0000000E+00  0.0000000E+00  0.0000000E+00 -0.5066740E+00
  0.0000000E+00  0.0000000E+00  0.0000000E+00  0.1990946E+01  0.0000000E+00
  0.0000000E+00  0.0000000E+00  0.0000000E+00  0.0000000E+00  0.0000000E+00
  0.1476000E-01
  0.7846000E-02  0.1756400E-01  0.0000000E+00  0.0000000E+00  0.4550400E-01
 -0.1193100E-01  0.0000000E+00  0.0000000E+00  0.1234070E+00 -0.1811315E+01
  0.0000000E+00  0.0000000E+00 -0.3105610E+00 -0.3119781E+01  0.0000000E+00
  0.0000000E+00 -0.1603789E+01  0.4780000E-01  0.5006900E-01 -0.2707900E-01
  0.0000000E+00  0.0000000E+00  0.0000000E+00  0.4439600E-01  0.8099200E-01
  0.0000000E+00  0.0000000E+00 -0.1843400E-01 -0.2090040E+00  0.0000000E+00
  0.0000000E+00  0.3206300E-01 -0.1280367E+01  0.0000000E+00  0.0000000E+00
 -0.3036350E+00  0.6217710E+01  0.0000000E+00  0.0000000E+00 -0.7760560E+00
  0.2907500E-01  0.3016300E-01  0.1600700E-01  0.0000000E+00  0.0000000E+00
  0.0000000E+00
  0.5569000E-01  0.9508300E-01  0.0000000E+00  0.0000000E+00  0.1143000E-02
 -0.3350700E+00  0.0000000E+00  0.0000000E+00 -0.1505500E-01 -0.4569338E+01
  0.0000000E+00  0.0000000E+00 -0.3219692E+01 -0.1858244E+01  0.0000000E+00
  0.0000000E+00  0.2874950E+00 -0.2462300E-01 -0.2142700E-01  0.2640100E-01
  0.0000000E+00  0.0000000E+00  0.0000000E+00 -0.2147300E-01 -0.4124500E-01
  0.0000000E+00  0.0000000E+00 -0.1227000E+00  0.3843200E-01  0.0000000E+00
  0.0000000E+00 -0.1551260E+00  0.1938806E+01  0.0000000E+00  0.0000000E+00
 -0.1068161E+01  0.4831130E+01  0.0000000E+00  0.0000000E+00 -0.1660780E+01
 -0.2589200E-01 -0.2651300E-01 -0.1496700E-01  0.0000000E+00  0.0000000E+00
  0.0000000E+00
  0.0000000E+00  0.0000000E+00 -0.2491390E+00  0.0000000E+00  0.0000000E+00
  0.0000000E+00 -0.8601380E+00  0.0000000E+00  0.0000000E+00  0.0000000E+00
  0.1790002E+01  0.0000000E+00  0.0000000E+00  0.0000000E+00 -0.6365040E+00
  0.0000000E+00  0.0000000E+00  0.0000000E+00  0.0000000E+00  0.0000000E+00
  0.0000000E+00 -0.1857200E-01  0.0000000E+00  0.0000000E+00  0.0000000E+00
  0.1952500E-01  0.0000000E+00  0.0000000E+00  0.0000000E+00  0.6334600E-01
  0.0000000E+00  0.0000000E+00  0.0000000E+00 -0.1943480E+00  0.0000000E+00
  0.0000000E+00  0.0000000E+00 -0.2369150E+00  0.0000000E+00  0.0000000E+00
  0.0000000E+00  0.0000000E+00  0.0000000E+00  0.0000000E+00  0.1628200E-01
  0.0000000E+00
  0.0000000E+00  0.0000000E+00  0.0000000E+00 -0.2515860E+00  0.0000000E+00
  0.0000000E+00  0.0000000E+00 -0.8847730E+00  0.0000000E+00  0.0000000E+00
  0.0000000E+00  0.1774946E+01  0.0000000E+00  0.0000000E+00  0.0000000E+00
 -0.6117700E+00  0.0000000E+00  0.0000000E+00  0.0000000E+00  0.0000000E+00
  0.0000000E+00  0.0000000E+00 -0.2037500E-01  0.0000000E+00  0.0000000E+00
  0.0000000E+00  0.2369500E-01  0.0000000E+00  0.0000000E+00  0.0000000E+00
  0.6417800E-01  0.0000000E+00  0.0000000E+00  0.0000000E+00 -0.1594120E+00
  0.0000000E+00  0.0000000E+00  0.0000000E+00 -0.2683780E+00  0.0000000E+00
  0.0000000E+00  0.0000000E+00  0.0000000E+00  0.0000000E+00  0.0000000E+00
  0.1794000E-01
  0.2978000E-01  0.2466600E-01 -0.0000000E+00 -0.0000000E+00  0.2600820E+00
 -0.6864050E+00 -0.0000000E+00 -0.0000000E+00  0.9428090E+00  0.5069035E+01
 -0.0000000E+00 -0.0000000E+00  0.4975210E+00  0.4851130E+00 -0.0000000E+00
 -0.0000000E+00  0.5694180E+00 -0.8101200E-01 -0.8202000E-01 -0.2543690E+00
 -0.0000000E+00 -0.0000000E+00 -0.0000000E+00  0.2089500E-01  0.3729800E-01
 -0.0000000E+00 -0.0000000E+00  0.1286760E+00 -0.7221800E-01 -0.0000000E+00
 -0.0000000E+00  0.1731230E+00 -0.1093274E+01 -0.0000000E+00 -0.0000000E+00
  0.1081413E+01 -0.3465324E+01 -0.0000000E+00 -0.0000000E+00  0.1093805E+01
 -0.1065000E-02 -0.3880000E-03  0.3232800E-01 -0.0000000E+00 -0.0000000E+00
 -0.0000000E+00
  0.9742900E-01  0.1260850E+00 -0.0000000E+00 -0.0000000E+00 -0.1846970E+00
 -0.1949067E+01 -0.0000000E+00 -0.0000000E+00 -0.6968660E+00  0.4978735E+01
 -0.0000000E+00 -0.0000000E+00  0.1497024E+01  0.8522900E+00 -0.0000000E+00
 -0.0000000E+00 -0.5970000E-03 -0.3055940E+00 -0.2905130E+00 -0.2609250E+00
 -0.0000000E+00 -0.0000000E+00 -0.0000000E+00 -0.2654600E-01 -0.4324800E-01
 -0.0000000E+00 -0.0000000E+00 -0.6028200E-01  0.1497300E+00 -0.0000000E+00
 -0.0000000E+00 -0.7534500E-01 -0.7889900E-01 -0.0000000E+00 -0.0000000E+00
 -0.9674290E+00 -0.3722028E+01 -0.0000000E+00 -0.0000000E+00  0.2101369E+01
  0.3614000E-01  0.3684000E-01 -0.4400200E-01 -0.0000000E+00 -0.0000000E+00
 -0.0000000E+00
  0.4297700E-01  0.7654200E-01 -0.0000000E+00 -0.0000000E+00 -0.1501300E+00
 -0.1816890E+00 -0.0000000E+00 -0.0000000E+00  0.3648900E+00  0.5718398E+01
 -0.0000000E+00 -0.0000000E+00  0.2660405E+01  0.1052780E+01 -0.0000000E+00
 -0.0000000E+00  0.2612980E+00 -0.1714180E+00 -0.1756140E+00  0.4020900E+00
 -0.0000000E+00 -0.0000000E+00 -0.0000000E+00 -0.1083900E-01 -0.1311800E-01
 -0.0000000E+00 -0.0000000E+00 -0.2661200E+00  0.2932540E+00 -0.0000000E+00
 -0.0000000E+00 -0.6216870E+00 -0.2926234E+01 -0.0000000E+00 -0.0000000E+00
  0.2958190E+01 -0.4185107E+01 -0.0000000E+00 -0.0000000E+00  0.6104680E+00
  0.5576500E-01  0.5461100E-01 -0.2022900E-01 -0.0000000E+00 -0.0000000E+00
 -0.0000000E+00
  0.0000000E+00  0.0000000E+00  0.1086500E-01  0.0000000E+00  0.0000000E+00
  0.0000000E+00 -0.1787420E+00  0.0000000E+00  0.0000000E+00  0.0000000E+00
 -0.1819820E+00  0.0000000E+00  0.0000000E+00  0.0000000E+00  0.5330760E+00
  0.0000000E+00  0.0000000E+00  0.0000000E+00  0.0000000E+00  0.0000000E+00
  0.0000000E+00 -0.5553300E-01  0.0000000E+00  0.0000000E+00  0.0000000E+00
 -0.2554480E+00  0.0000000E+00  0.0000000E+00  0.0000000E+00 -0.8234900E+00
  0.0000000E+00  0.0000000E+00  0.0000000E+00  0.1934408E+01  0.0000000E+00
  0.0000000E+00  0.0000000E+00 -0.1256370E+01  0.0000000E+00  0.0000000E+00
  0.0000000E+00  0.0000000E+00  0.0000000E+00  0.0000000E+00  0.2766300E-01
  0.0000000E+00
 -0.0000000E+00 -0.0000000E+00 -0.0000000E+00  0.1321600E-01 -0.0000000E+00
 -0.0000000E+00 -0.0000000E+00 -0.1682920E+00 -0.0000000E+00 -0.0000000E+00
 -0.0000000E+00 -0.1985640E+00 -0.0000000E+00 -0.0000000E+00 -0.0000000E+00
  0.5375060E+00 -0.0000000E+00 -0.0000000E+00 -0.0000000E+00 -0.0000000E+00
 -0.0000000E+00 -0.0000000E+00 -0.6357200E-01 -0.0000000E+00 -0.0000000E+00
 -0.0000000E+00 -0.2566000E+00 -0.0000000E+00 -0.0000000E+00 -0.0000000E+00
 -0.8338670E+00 -0.0000000E+00 -0.0000000E+00 -0.0000000E+00  0.1933882E+01
 -0.0000000E+00 -0.0000000E+00 -0.0000000E+00 -0.1250766E+01 -0.0000000E+00
 -0.0000000E+00 -0.0000000E+00 -0.0000000E+00 -0.0000000E+00 -0.0000000E+00
  0.2897800E-01
 -0.0000000E+00 -0.0000000E+00 -0.0000000E+00 -0.0000000E+00 -0.0000000E+00
 -0.0000000E+00 -0.0000000E+00 -0.0000000E+00 -0.0000000E+00 -0.0000000E+00
 -0.0000000E+00 -0.0000000E+00 -0.0000000E+00 -0.0000000E+00 -0.0000000E+00
 -0.0000000E+00 -0.0000000E+00 -0.0000000E+00 -0.0000000E+00 -0.0000000E+00
  0.9861360E+00 -0.0000000E+00 -0.0000000E+00 -0.0000000E+00 -0.0000000E+00
 -0.0000000E+00 -0.0000000E+00 -0.0000000E+00 -0.0000000E+00 -0.0000000E+00
 -0.0000000E+00 -0.0000000E+00 -0.0000000E+00 -0.0000000E+00 -0.0000000E+00
 -0.0000000E+00 -0.0000000E+00 -0.0000000E+00 -0.0000000E+00 -0.0000000E+00
 -0.0000000E+00 -0.0000000E+00 -0.0000000E+00  0.8653200E-01 -0.0000000E+00
 -0.0000000E+00
 -0.8170000E-03  0.1340000E-03  0.0000000E+00  0.0000000E+00 -0.6050000E-03
  0.3755000E-02  0.0000000E+00  0.0000000E+00  0.2833000E-02 -0.4106800E-01
  0.0000000E+00  0.0000000E+00 -0.2376700E-01  0.3544400E-01  0.0000000E+00
  0.0000000E+00  0.2264200E-01 -0.8491560E+00  0.8580070E+00  0.1150600E-01
  0.0000000E+00  0.0000000E+00  0.0000000E+00  0.3305000E-02  0.4456000E-02
  0.0000000E+00  0.0000000E+00 -0.3540000E-03 -0.4896200E-01  0.0000000E+00
  0.0000000E+00 -0.9670000E-03  0.1111490E+00  0.0000000E+00  0.0000000E+00
  0.7536000E-02 -0.6792000E-01  0.0000000E+00  0.0000000E+00 -0.1280500E-01
 -0.8157400E-01  0.6891600E-01 -0.7037000E-02  0.0000000E+00  0.0000000E+00
  0.0000000E+00
  0.3604000E-02  0.3060000E-03  0.0000000E+00  0.0000000E+00  0.2117300E-01
 -0.4214020E+00  0.0000000E+00  0.0000000E+00 -0.5185510E+00 -0.1218483E+01
  0.0000000E+00  0.0000000E+00 -0.1039017E+01  0.1240273E+01  0.0000000E+00
  0.0000000E+00  0.7770690E+00  0.6812800E-01  0.2200300E-01 -0.3245360E+00
  0.0000000E+00  0.0000000E+00  0.0000000E+00  0.1004340E+00  0.1337210E+00
  0.0000000E+00  0.0000000E+00 -0.5715900E-01 -0.1597534E+01  0.0000000E+00
  0.0000000E+00 -0.3288260E+00  0.4952767E+01  0.0000000E+00  0.0000000E+00
 -0.5796010E+00 -0.2634679E+01  0.0000000E+00  0.0000000E+00 -0.5263100E-01
 -0.2034740E+00 -0.2043220E+00 -0.2049940E+00  0.0000000E+00  0.0000000E+00
  0.0000000E+00
  0.0000000E+00  0.0000000E+00 -0.2984000E-02  0.0000000E+00  0.0000000E+00
  0.0000000E+00 -0.2188400E-01  0.0000000E+00  0.0000000E+00  0.0000000E+00
  0.3192850E+00  0.0000000E+00  0.0000000E+00  0.0000000E+00 -0.1174080E+00
  0.0000000E+00  0.0000000E+00  0.0000000E+00  0.0000000E+00  0.0000000E+00
  0.0000000E+00  0.1046764E+01  0.0000000E+00  0.0000000E+00  0.0000000E+00
 -0.7115900E-01  0.0000000E+00  0.0000000E+00  0.0000000E+00 -0.1580570E+00
  0.0000000E+00  0.0000000E+00  0.0000000E+00 -0.4750310E+00  0.0000000E+00
  0.0000000E+00  0.0000000E+00  0.1452440E+00  0.0000000E+00  0.0000000E+00
  0.0000000E+00  0.0000000E+00  0.0000000E+00  0.0000000E+00 -0.1272640E+00
  0.0000000E+00
 -0.0000000E+00 -0.0000000E+00 -0.0000000E+00 -0.9239000E-02 -0.0000000E+00
 -0.0000000E+00 -0.0000000E+00 -0.2571500E-01 -0.0000000E+00 -0.0000000E+00
 -0.0000000E+00  0.3166120E+00 -0.0000000E+00 -0.0000000E+00 -0.0000000E+00
 -0.1148190E+00 -0.0000000E+00 -0.0000000E+00 -0.0000000E+00 -0.0000000E+00
 -0.0000000E+00 -0.0000000E+00  0.1045927E+01 -0.0000000E+00 -0.0000000E+00
 -0.0000000E+00 -0.7486800E-01 -0.0000000E+00 -0.0000000E+00 -0.0000000E+00
 -0.1678800E+00 -0.0000000E+00 -0.0000000E+00 -0.0000000E+00 -0.4633030E+00
 -0.0000000E+00 -0.0000000E+00 -0.0000000E+00  0.1391770E+00 -0.0000000E+00
 -0.0000000E+00 -0.0000000E+00 -0.0000000E+00 -0.0000000E+00 -0.0000000E+00
 -0.1269110E+00
 -0.1758100E-01 -0.3625400E-01  0.0000000E+00  0.0000000E+00  0.4753950E+00
 -0.1903840E+00  0.0000000E+00  0.0000000E+00  0.4790000E-01  0.2635742E+01
  0.0000000E+00  0.0000000E+00  0.1471618E+01  0.5467150E+00  0.0000000E+00
  0.0000000E+00 -0.7076100E-01 -0.6654210E+00 -0.6740490E+00  0.1310120E+01
  0.0000000E+00  0.0000000E+00  0.0000000E+00  0.4101800E-01  0.5806700E-01
  0.0000000E+00  0.0000000E+00  0.1563310E+00 -0.6540890E+00  0.0000000E+00
  0.0000000E+00  0.7204250E+00 -0.9344350E+00  0.0000000E+00  0.0000000E+00
  0.3667200E-01 -0.1869299E+01  0.0000000E+00  0.0000000E+00  0.7754030E+00
 -0.1245630E+00 -0.1235710E+00 -0.2402300E-01  0.0000000E+00  0.0000000E+00
  0.0000000E+00
 -0.0000000E+00 -0.0000000E+00 -0.1278898E+01 -0.0000000E+00 -0.0000000E+00
 -0.0000000E+00  0.1509183E+01 -0.0000000E+00 -0.0000000E+00 -0.0000000E+00
 -0.9047990E+00 -0.0000000E+00 -0.0000000E+00 -0.0000000E+00  0.2064770E+00
 -0.0000000E+00 -0.0000000E+00 -0.0000000E+00 -0.0000000E+00 -0.0000000E+00
 -0.0000000E+00 -0.1038350E+00 -0.0000000E+00 -0.0000000E+00 -0.0000000E+00
 -0.1727400E-01 -0.0000000E+00 -0.0000000E+00 -0.0000000E+00 -0.5895500E-01
 -0.0000000E+00 -0.0000000E+00 -0.0000000E+00  0.3733500E-01 -0.0000000E+00
 -0.0000000E+00 -0.0000000E+00  0.1430930E+00 -0.0000000E+00 -0.0000000E+00
 -0.0000000E+00 -0.0000000E+00 -0.0000000E+00 -0.0000000E+00 -0.2044160E+00
 -0.0000000E+00
 -0.0000000E+00 -0.0000000E+00 -0.0000000E+00 -0.1282201E+01 -0.0000000E+00
 -0.0000000E+00 -0.0000000E+00  0.1502148E+01 -0.0000000E+00 -0.0000000E+00
 -0.0000000E+00 -0.8998750E+00 -0.0000000E+00 -0.0000000E+00 -0.0000000E+00
  0.2050540E+00 -0.0000000E+00 -0.0000000E+00 -0.0000000E+00 -0.0000000E+00
 -0.0000000E+00 -0.0000000E+00 -0.1060990E+00 -0.0000000E+00 -0.0000000E+00
 -0.0000000E+00 -0.1711400E-01 -0.0000000E+00 -0.0000000E+00 -0.0000000E+00
 -0.5819300E-01 -0.0000000E+00 -0.0000000E+00 -0.0000000E+00  0.3717800E-01
 -0.0000000E+00 -0.0000000E+00 -0.0000000E+00  0.1427790E+00 -0.0000000E+00
 -0.0000000E+00 -0.0000000E+00 -0.0000000E+00 -0.0000000E+00 -0.0000000E+00
 -0.2035150E+00
 -0.1382310E+00 -0.4691230E+00 -0.0000000E+00 -0.0000000E+00 -0.8468010E+00
  0.1359671E+01 -0.0000000E+00 -0.0000000E+00  0.1334250E+01  0.3627912E+01
 -0.0000000E+00 -0.0000000E+00  0.3581890E+00  0.1521280E+00 -0.0000000E+00
 -0.0000000E+00  0.2194820E+00 -0.1333930E+01 -0.1339864E+01 -0.6639520E+00
 -0.0000000E+00 -0.0000000E+00 -0.0000000E+00  0.1216300E-01  0.1476600E-01
 -0.0000000E+00 -0.0000000E+00  0.1691900E-01 -0.2211660E+00 -0.0000000E+00
 -0.0000000E+00  0.2901570E+00 -0.7567270E+00 -0.0000000E+00 -0.0000000E+00
  0.3438660E+00 -0.1799240E+01 -0.0000000E+00 -0.0000000E+00  0.7178050E+00
 -0.7151600E-01 -0.3751900E-01 -0.2129200E-01 -0.0000000E+00 -0.0000000E+00
 -0.0000000E+00
 -0.0000000E+00 -0.0000000E+00 -0.0000000E+00 -0.0000000E+00 -0.0000000E+00
 -0.0000000E+00 -0.0000000E+00 -0.0000000E+00 -0.0000000E+00 -0.0000000E+00
 -0.0000000E+00 -0.0000000E+00 -0.0000000E+00 -0.0000000E+00 -0.0000000E+00
 -0.0000000E+00 -0.0000000E+00 -0.0000000E+00 -0.0000000E+00 -0.0000000E+00
 -0.2037850E+00 -0.0000000E+00 -0.0000000E+00 -0.0000000E+00 -0.0000000E+00
 -0.0000000E+00 -0.0000000E+00 -0.0000000E+00 -0.0000000E+00 -0.0000000E+00
 -0.0000000E+00 -0.0000000E+00 -0.0000000E+00 -0.0000000E+00 -0.0000000E+00
 -0.0000000E+00 -0.0000000E+00 -0.0000000E+00 -0.0000000E+00 -0.0000000E+00
 -0.0000000E+00 -0.0000000E+00 -0.0000000E+00  0.1003247E+01 -0.0000000E+00
 -0.0000000E+00
  0.3224000E-02  0.1075500E-01  0.0000000E+00  0.0000000E+00  0.1293300E-01
 -0.3019700E-01  0.0000000E+00  0.0000000E+00 -0.2116600E-01 -0.7742500E-01
  0.0000000E+00  0.0000000E+00 -0.8545000E-02 -0.6987000E-02  0.0000000E+00
  0.0000000E+00 -0.5723000E-02  0.2060640E+00 -0.1474310E+00  0.1697300E-01
  0.0000000E+00  0.0000000E+00  0.0000000E+00 -0.3570000E-03  0.1540000E-03
  0.0000000E+00  0.0000000E+00  0.1220000E-03  0.4320000E-02  0.0000000E+00
  0.0000000E+00 -0.4763000E-02  0.4738000E-02  0.0000000E+00  0.0000000E+00
 -0.4416000E-02  0.4651200E-01  0.0000000E+00  0.0000000E+00 -0.1676300E-01
 -0.8656040E+00  0.8716720E+00  0.3678000E-02  0.0000000E+00  0.0000000E+00
  0.0000000E+00
  0.1001720E+00  0.4097710E+00 -0.0000000E+00 -0.0000000E+00 -0.1028814E+01
 -0.6139710E+00 -0.0000000E+00 -0.0000000E+00  0.2794307E+01 -0.1547072E+01
 -0.0000000E+00 -0.0000000E+00 -0.4754210E+00 -0.4906950E+00 -0.0000000E+00
 -0.0000000E+00 -0.6693300E-01  0.8750510E+00  0.8690430E+00  0.2510020E+01
 -0.0000000E+00 -0.0000000E+00 -0.0000000E+00  0.1918200E-01  0.8715000E-02
 -0.0000000E+00 -0.0000000E+00  0.3614700E-01 -0.5326310E+00 -0.0000000E+00
 -0.0000000E+00  0.1108934E+01 -0.1825655E+01 -0.0000000E+00 -0.0000000E+00
  0.1030408E+01  0.1716835E+01 -0.0000000E+00 -0.0000000E+00 -0.7713570E+00
 -0.1699600E-01 -0.2213800E-01 -0.4570160E+00 -0.0000000E+00 -0.0000000E+00
 -0.0000000E+00
  0.0000000E+00  0.0000000E+00  0.0000000E+00 -0.3444610E+00  0.0000000E+00
  0.0000000E+00  0.0000000E+00  0.7513840E+00  0.0000000E+00  0.0000000E+00
  0.0000000E+00 -0.1431670E+00  0.0000000E+00  0.0000000E+00  0.0000000E+00
 -0.2942300E-01  0.0000000E+00  0.0000000E+00  0.0000000E+00  0.0000000E+00
  0.0000000E+00  0.0000000E+00  0.6213840E+00  0.0000000E+00  0.0000000E+00
  0.0000000E+00 -0.3446700E-01  0.0000000E+00  0.0000000E+00  0.0000000E+00
 -0.6191000E-02  0.0000000E+00  0.0000000E+00  0.0000000E+00 -0.5054190E+00
  0.0000000E+00  0.0000000E+00  0.0000000E+00  0.2146520E+00  0.0000000E+00
  0.0000000E+00  0.0000000E+00  0.0000000E+00  0.0000000E+00  0.0000000E+00
  0.1101767E+01
  0.0000000E+00  0.0000000E+00 -0.3446230E+00  0.0000000E+00  0.0000000E+00
  0.0000000E+00  0.7522360E+00  0.0000000E+00  0.0000000E+00  0.0000000E+00
 -0.1434530E+00  0.0000000E+00  0.0000000E+00  0.0000000E+00 -0.2952600E-01
  0.0000000E+00  0.0000000E+00  0.0000000E+00  0.0000000E+00  0.0000000E+00
  0.0000000E+00  0.6212920E+00  0.0000000E+00  0.0000000E+00  0.0000000E+00
 -0.3676800E-01  0.0000000E+00  0.0000000E+00  0.0000000E+00 -0.4666000E-02
  0.0000000E+00  0.0000000E+00  0.0000000E+00 -0.5069140E+00  0.0000000E+00
  0.0000000E+00  0.0000000E+00  0.2151840E+00  0.0000000E+00  0.0000000E+00
  0.0000000E+00  0.0000000E+00  0.0000000E+00  0.0000000E+00  0.1101598E+01
  0.0000000E+00
  0.4642300E-01  0.1065990E+00  0.0000000E+00  0.0000000E+00 -0.1100950E+00
 -0.1146773E+01  0.0000000E+00  0.0000000E+00 -0.1302995E+01 -0.2134214E+01
  0.0000000E+00  0.0000000E+00 -0.9539730E+00 -0.1052830E+00  0.0000000E+00
  0.0000000E+00 -0.2220500E-01  0.2845410E+00  0.2846820E+00 -0.7846650E+00
  0.0000000E+00  0.0000000E+00  0.0000000E+00 -0.1304300E-01 -0.3226500E-01
  0.0000000E+00  0.0000000E+00 -0.3271740E+00  0.2847700E-01  0.0000000E+00
  0.0000000E+00 -0.1336380E+00  0.2694803E+01  0.0000000E+00  0.0000000E+00
 -0.1781445E+01  0.8101860E+00  0.0000000E+00  0.0000000E+00 -0.2848000E-01
 -0.6457760E+00 -0.6475250E+00  0.1210610E+01  0.0000000E+00  0.0000000E+00
  0.0000000E+00
 -0.0000000E+00 -0.0000000E+00  0.2748800E-01 -0.0000000E+00 -0.0000000E+00
 -0.0000000E+00 -0.8084400E-01 -0.0000000E+00 -0.0000000E+00 -0.0000000E+00
  0.1255280E+00 -0.0000000E+00 -0.0000000E+00 -0.0000000E+00 -0.2024670E+00
 -0.0000000E+00 -0.0000000E+00 -0.0000000E+00 -0.0000000E+00 -0.0000000E+00
 -0.0000000E+00 -0.1279310E+00 -0.0000000E+00 -0.0000000E+00 -0.0000000E+00
 -0.1277347E+01 -0.0000000E+00 -0.0000000E+00 -0.0000000E+00  0.1579535E+01
 -0.0000000E+00 -0.0000000E+00 -0.0000000E+00 -0.9152320E+00 -0.0000000E+00
 -0.0000000E+00 -0.0000000E+00  0.4442960E+00 -0.0000000E+00 -0.0000000E+00
 -0.0000000E+00 -0.0000000E+00 -0.0000000E+00 -0.0000000E+00 -0.5929400E-01
 -0.0000000E+00
 -0.0000000E+00 -0.0000000E+00 -0.0000000E+00  0.2708100E-01 -0.0000000E+00
 -0.0000000E+00 -0.0000000E+00 -0.8018400E-01 -0.0000000E+00 -0.0000000E+00
 -0.0000000E+00  0.1255990E+00 -0.0000000E+00 -0.0000000E+00 -0.0000000E+00
 -0.2021890E+00 -0.0000000E+00 -0.0000000E+00 -0.0000000E+00 -0.0000000E+00
 -0.0000000E+00 -0.0000000E+00 -0.1270280E+00 -0.0000000E+00 -0.0000000E+00
 -0.0000000E+00 -0.1279101E+01 -0.0000000E+00 -0.0000000E+00 -0.0000000E+00
  0.1575897E+01 -0.0000000E+00 -0.0000000E+00 -0.0000000E+00 -0.9128250E+00
 -0.0000000E+00 -0.0000000E+00 -0.0000000E+00  0.4431800E+00 -0.0000000E+00
 -0.0000000E+00 -0.0000000E+00 -0.0000000E+00 -0.0000000E+00 -0.0000000E+00
 -0.5759700E-01
  0.2201100E-01  0.3279100E-01 -0.0000000E+00 -0.0000000E+00 -0.3557800E-01
 -0.5998640E+00 -0.0000000E+00 -0.0000000E+00 -0.1181040E+01 -0.5985600E-01
 -0.0000000E+00 -0.0000000E+00 -0.1083020E+00  0.5378380E+00 -0.0000000E+00
 -0.0000000E+00  0.2894800E+00  0.1296980E+00  0.1297480E+00 -0.9006590E+00
 -0.0000000E+00 -0.0000000E+00 -0.0000000E+00 -0.8345600E-01 -0.2814830E+00
 -0.0000000E+00 -0.0000000E+00  0.1175886E+01  0.1133450E+01 -0.0000000E+00
 -0.0000000E+00 -0.2041213E+01  0.2168101E+01 -0.0000000E+00 -0.0000000E+00
  0.1519450E+00 -0.1321985E+01 -0.0000000E+00 -0.0000000E+00 -0.1464300E-01
 -0.7951390E+00 -0.7948390E+00 -0.6107200E-01 -0.0000000E+00 -0.0000000E+00
 -0.0000000E+00
 -0.3041800E-01 -0.4668000E-01 -0.0000000E+00 -0.0000000E+00  0.3652000E-01
  0.4279270E+00 -0.0000000E+00 -0.0000000E+00  0.1142541E+01 -0.6139500E-01
 -0.0000000E+00 -0.0000000E+00 -0.1940270E+00  0.2234930E+00 -0.0000000E+00
 -0.0000000E+00  0.1570100E+00 -0.1873510E+00 -0.1879530E+00  0.9674620E+00
 -0.0000000E+00 -0.0000000E+00 -0.0000000E+00 -0.1695010E+00 -0.6309520E+00
 -0.0000000E+00 -0.0000000E+00 -0.5851110E+00  0.2075261E+01 -0.0000000E+00
 -0.0000000E+00  0.1394800E+01  0.7809820E+00 -0.0000000E+00 -0.0000000E+00
 -0.4323300E-01 -0.5269540E+00 -0.0000000E+00 -0.0000000E+00  0.9780000E-03
 -0.1364526E+01 -0.1361971E+01 -0.1974652E+01 -0.0000000E+00 -0.0000000E+00
 -0.0000000E+00
 -0.2112420E+01  0.2571786E+01  0.0000000E+00  0.0000000E+00 -0.3565900E-01
 -0.1097165E+01  0.0000000E+00  0.0000000E+00  0.5169300E-01 -0.1173919E+01
  0.0000000E+00  0.0000000E+00 -0.2165910E+00 -0.1278060E+00  0.0000000E+00
  0.0000000E+00 -0.5689400E-01  0.6509640E+00  0.6508710E+00  0.6300440E+00
  0.0000000E+00  0.0000000E+00  0.0000000E+00  0.9071000E-02  0.2968000E-02
  0.0000000E+00  0.0000000E+00  0.3192900E-01 -0.8181700E-01  0.0000000E+00
  0.0000000E+00 -0.2916000E-01  0.1920600E-01  0.0000000E+00  0.0000000E+00
  0.2889000E-01  0.7299830E+00  0.0000000E+00  0.0000000E+00 -0.3046960E+00
  0.5143000E-02  0.5127000E-02  0.9130000E-01  0.0000000E+00  0.0000000E+00
  0.0000000E+00
 -0.1563800E-01  0.2863700E-01 -0.0000000E+00 -0.0000000E+00 -0.3127000E-02
 -0.3990500E-01 -0.0000000E+00 -0.0000000E+00 -0.1428250E+00  0.5702100E-01
 -0.0000000E+00 -0.0000000E+00  0.7819800E-01 -0.1105570E+00 -0.0000000E+00
 -0.0000000E+00 -0.7165800E-01  0.3096800E-01  0.3097700E-01 -0.1283820E+00
 -0.0000000E+00 -0.0000000E+00 -0.0000000E+00 -0.2323148E+01  0.2720508E+01
 -0.0000000E+00 -0.0000000E+00  0.3084500E-01 -0.1081812E+01 -0.0000000E+00
 -0.0000000E+00 -0.1335840E+00 -0.4484130E+00 -0.0000000E+00 -0.0000000E+00
  0.1849600E-01  0.2537340E+00 -0.0000000E+00 -0.0000000E+00  0.4500000E-02
  0.5734670E+00  0.5734260E+00  0.6352060E+00 -0.0000000E+00 -0.0000000E+00
 -0.0000000E+00
