 0.000036   0.563367  -0.067298  -0.097090  -0.000000  -0.050147  -0.000000  -0.000000   0.000000   0.027589  -0.017435  -0.000000  -0.000000  -0.019431   0.000000   0.000000   0.007846   0.055690   0.000000   0.000000   0.029780   0.097429   0.042977   0.000000  -0.000000  -0.000000  -0.000817   0.003604   0.000000  -0.000000  -0.017581  -0.000000  -0.000000  -0.138231  -0.000000   0.003224   0.100172   0.000000   0.000000   0.046423 -0.000000  -0.000000   0.022011  -0.030418  -2.112420 -0.015638    
-0.000105   0.459202  -0.103701  -0.155150  -0.000000  -0.080875  -0.000000  -0.000000   0.000000   0.045198  -0.031528  -0.000000  -0.000000  -0.041872   0.000000   0.000000   0.017564   0.095083   0.000000   0.000000   0.024666   0.126085   0.076542   0.000000  -0.000000  -0.000000   0.000134   0.000306   0.000000  -0.000000  -0.036254  -0.000000  -0.000000  -0.469123  -0.000000   0.010755   0.409771   0.000000   0.000000   0.106599 -0.000000  -0.000000   0.032791  -0.046680   2.571786  0.028637
-0.000000   0.000000  -0.000000  -0.000000   0.179863   0.000000  -0.000000   0.251513   0.000000  -0.000000  -0.000000  -0.115399  -0.000000   0.000000  -0.000323   0.000000   0.000000   0.000000  -0.249139   0.000000  -0.000000  -0.000000  -0.000000   0.010865  -0.000000  -0.000000   0.000000   0.000000  -0.002984  -0.000000   0.000000  -1.278898  -0.000000  -0.000000  -0.000000   0.000000  -0.000000   0.000000  -0.344623   0.000000  0.027488  -0.000000  -0.000000  -0.000000   0.000000 -0.000000
-0.000000   0.000000  -0.000000  -0.000000  -0.000000   0.000000   0.173139  -0.000000   0.229075  -0.000000  -0.000000  -0.000000  -0.129389   0.000000   0.000000   0.007083   0.000000   0.000000   0.000000  -0.251586  -0.000000  -0.000000  -0.000000   0.000000   0.013216  -0.000000   0.000000   0.000000   0.000000  -0.009239   0.000000  -0.000000  -1.282201  -0.000000  -0.000000   0.000000  -0.000000  -0.344461   0.000000   0.000000 -0.000000   0.027081  -0.000000  -0.000000   0.000000 -0.000000
 0.000042   0.000263   0.111498  -0.019672  -0.000000  -0.233079  -0.000000  -0.000000   0.000000   0.066506  -0.018967  -0.000000  -0.000000   0.007991   0.000000   0.000000   0.045504   0.001143   0.000000   0.000000   0.260082  -0.184697  -0.150130   0.000000  -0.000000  -0.000000  -0.000605   0.021173   0.000000  -0.000000   0.475395  -0.000000  -0.000000  -0.846801  -0.000000   0.012933  -1.028814   0.000000   0.000000  -0.110095 -0.000000  -0.000000  -0.035578   0.036520  -0.035659 -0.003127
 0.000255   0.023620   0.264692   0.468240  -0.000000   0.247637  -0.000000  -0.000000   0.000000  -0.205244   0.075087  -0.000000  -0.000000  -0.005813   0.000000   0.000000  -0.011931  -0.335070   0.000000   0.000000  -0.686405  -1.949067  -0.181689   0.000000  -0.000000  -0.000000   0.003755  -0.421402   0.000000  -0.000000  -0.190384  -0.000000  -0.000000   1.359671  -0.000000  -0.030197  -0.613971   0.000000   0.000000  -1.146773 -0.000000  -0.000000  -0.599864   0.427927  -1.097165 -0.039905
-0.000000   0.000000  -0.000000  -0.000000   0.267438   0.000000  -0.000000   0.396800   0.000000  -0.000000  -0.000000  -0.157542  -0.000000   0.000000   0.071910   0.000000   0.000000   0.000000  -0.860138   0.000000  -0.000000  -0.000000  -0.000000  -0.178742  -0.000000  -0.000000   0.000000   0.000000  -0.021884  -0.000000   0.000000   1.509183  -0.000000  -0.000000  -0.000000   0.000000  -0.000000   0.000000   0.752236   0.000000 -0.080844  -0.000000  -0.000000  -0.000000   0.000000 -0.000000
-0.000000   0.000000  -0.000000  -0.000000  -0.000000   0.000000   0.265729  -0.000000   0.364708  -0.000000  -0.000000  -0.000000  -0.179766   0.000000   0.000000   0.077815   0.000000   0.000000   0.000000  -0.884773  -0.000000  -0.000000  -0.000000   0.000000  -0.168292  -0.000000   0.000000   0.000000   0.000000  -0.025715   0.000000  -0.000000   1.502148  -0.000000  -0.000000   0.000000  -0.000000   0.751384   0.000000   0.000000 -0.000000  -0.080184  -0.000000  -0.000000   0.000000 -0.000000
 0.000867  -0.000885   0.108593  -0.045257  -0.000000  -0.321505  -0.000000  -0.000000   0.000000   0.068834  -0.005997  -0.000000  -0.000000  -0.038525   0.000000   0.000000   0.123407  -0.015055   0.000000   0.000000   0.942809  -0.696866   0.364890   0.000000  -0.000000  -0.000000   0.002833  -0.518551   0.000000  -0.000000   0.047900  -0.000000  -0.000000   1.334250  -0.000000  -0.021166   2.794307   0.000000   0.000000  -1.302995 -0.000000  -0.000000  -1.181040   1.142541   0.051693 -0.142825
-0.000468   0.011671   0.081909   0.395636  -0.000000   0.332819  -0.000000  -0.000000   0.000000   0.300796   0.575958  -0.000000  -0.000000   1.936447   0.000000   0.000000  -1.811315  -4.569338   0.000000   0.000000   5.069035   4.978735   5.718398   0.000000  -0.000000  -0.000000  -0.041068  -1.218483   0.000000  -0.000000   2.635742  -0.000000  -0.000000   3.627912  -0.000000  -0.077425  -1.547072   0.000000   0.000000  -2.134214 -0.000000  -0.000000  -0.059856  -0.061395  -1.173919  0.057021
-0.000000   0.000000  -0.000000  -0.000000   0.138154   0.000000  -0.000000   0.522774   0.000000  -0.000000  -0.000000  -0.325741  -0.000000   0.000000  -0.276787   0.000000   0.000000   0.000000   1.790002   0.000000  -0.000000  -0.000000  -0.000000  -0.181982  -0.000000  -0.000000   0.000000   0.000000   0.319285  -0.000000   0.000000  -0.904799  -0.000000  -0.000000  -0.000000   0.000000  -0.000000   0.000000  -0.143453   0.000000  0.125528  -0.000000  -0.000000  -0.000000   0.000000 -0.000000
-0.000000   0.000000  -0.000000  -0.000000  -0.000000   0.000000   0.142588  -0.000000   0.551491  -0.000000  -0.000000  -0.000000  -0.396531   0.000000   0.000000  -0.226717   0.000000   0.000000   0.000000   1.774946  -0.000000  -0.000000  -0.000000   0.000000  -0.198564  -0.000000   0.000000   0.000000   0.000000   0.316612   0.000000  -0.000000  -0.899875  -0.000000  -0.000000   0.000000  -0.000000  -0.143167   0.000000   0.000000 -0.000000   0.125599  -0.000000  -0.000000   0.000000 -0.000000
-0.000427   0.002431   0.007353  -0.016658  -0.000000  -0.157242  -0.000000  -0.000000   0.000000   0.498090   0.092262  -0.000000  -0.000000   0.066996   0.000000   0.000000  -0.310561  -3.219692   0.000000   0.000000   0.497521   1.497024   2.660405   0.000000  -0.000000  -0.000000  -0.023767  -1.039017   0.000000  -0.000000   1.471618  -0.000000  -0.000000   0.358189  -0.000000  -0.008545  -0.475421   0.000000   0.000000  -0.953973 -0.000000  -0.000000  -0.108302  -0.194027  -0.216591  0.078198
 0.000309   0.001387   0.022667   0.009973  -0.000000   0.023601  -0.000000  -0.000000   0.000000   2.235681   0.610299  -0.000000  -0.000000   0.398148   0.000000   0.000000  -3.119781  -1.858244   0.000000   0.000000   0.485113   0.852290   1.052780   0.000000  -0.000000  -0.000000   0.035444   1.240273   0.000000  -0.000000   0.546715  -0.000000  -0.000000   0.152128  -0.000000  -0.006987  -0.490695   0.000000   0.000000  -0.105283 -0.000000  -0.000000   0.537838   0.223493  -0.127806 -0.110557
-0.000000   0.000000  -0.000000  -0.000000   0.009943   0.000000  -0.000000   0.164336   0.000000  -0.000000  -0.000000   1.286461  -0.000000   0.000000  -1.033032   0.000000   0.000000   0.000000  -0.636504   0.000000  -0.000000  -0.000000  -0.000000   0.533076  -0.000000  -0.000000   0.000000   0.000000  -0.117408  -0.000000   0.000000   0.206477  -0.000000  -0.000000  -0.000000   0.000000  -0.000000   0.000000  -0.029526   0.000000 -0.202467  -0.000000  -0.000000  -0.000000   0.000000 -0.000000
-0.000000   0.000000  -0.000000  -0.000000  -0.000000   0.000000   0.007984  -0.000000   0.274337  -0.000000  -0.000000  -0.000000   1.237475   0.000000   0.000000  -1.081671   0.000000   0.000000   0.000000  -0.611770  -0.000000  -0.000000  -0.000000   0.000000   0.537506  -0.000000   0.000000   0.000000   0.000000  -0.114819   0.000000  -0.000000   0.205054  -0.000000  -0.000000   0.000000  -0.000000  -0.029423   0.000000   0.000000 -0.000000  -0.202189  -0.000000  -0.000000   0.000000 -0.000000
 0.000234   0.000537   0.012953  -0.003143  -0.000000   0.001684  -0.000000  -0.000000   0.000000   0.229194   1.452444  -0.000000  -0.000000  -0.463893   0.000000   0.000000  -1.603789   0.287495   0.000000   0.000000   0.569418  -0.000597   0.261298   0.000000  -0.000000  -0.000000   0.022642   0.777069   0.000000  -0.000000  -0.070761  -0.000000  -0.000000   0.219482  -0.000000  -0.005723  -0.066933   0.000000   0.000000  -0.022205 -0.000000  -0.000000   0.289480   0.157010  -0.056894 -0.071658
-0.000195  -0.008623  -0.022396  -0.001858  -0.000000   0.016913  -0.000000  -0.000000   0.000000  -0.003659   0.002020  -0.000000  -0.000000  -0.065344   0.000000   0.000000   0.047800  -0.024623   0.000000   0.000000  -0.081012  -0.305594  -0.171418   0.000000  -0.000000  -0.000000  -0.849156   0.068128   0.000000  -0.000000  -0.665421  -0.000000  -0.000000  -1.333930  -0.000000   0.206064   0.875051   0.000000   0.000000   0.284541 -0.000000  -0.000000   0.129698  -0.187351   0.650964  0.030968
-0.000163  -0.009039  -0.021597  -0.007584  -0.000000   0.010334  -0.000000  -0.000000   0.000000  -0.002389   0.001544  -0.000000  -0.000000  -0.066026   0.000000   0.000000   0.050069  -0.021427   0.000000   0.000000  -0.082020  -0.290513  -0.175614   0.000000  -0.000000  -0.000000   0.858007   0.022003   0.000000  -0.000000  -0.674049  -0.000000  -0.000000  -1.339864  -0.000000  -0.147431   0.869043   0.000000   0.000000   0.284682 -0.000000  -0.000000   0.129748  -0.187953   0.650871  0.030977
 0.000800  -0.008526   0.013762   0.004850  -0.000000   0.002432  -0.000000  -0.000000   0.000000  -0.018832  -0.034975  -0.000000  -0.000000  -0.014468   0.000000   0.000000  -0.027079   0.026401   0.000000   0.000000  -0.254369  -0.260925   0.402090   0.000000  -0.000000  -0.000000   0.011506  -0.324536   0.000000  -0.000000   1.310120  -0.000000  -0.000000  -0.663952  -0.000000   0.016973   2.510020   0.000000   0.000000  -0.784665 -0.000000  -0.000000  -0.900659   0.967462   0.630044 -0.128382
-0.000000   0.000000  -0.000000  -0.000000  -0.000000   0.000000  -0.000000  -0.000000   0.000000  -0.000000  -0.000000  -0.000000  -0.000000   0.000000   0.000000   0.000000   0.000000   0.000000   0.000000   0.000000  -0.000000  -0.000000  -0.000000   0.000000  -0.000000   0.986136   0.000000   0.000000   0.000000  -0.000000   0.000000  -0.000000  -0.000000  -0.000000  -0.203785   0.000000  -0.000000   0.000000   0.000000   0.000000 -0.000000  -0.000000  -0.000000  -0.000000   0.000000 -0.000000
-0.000000   0.000000  -0.000000  -0.000000   0.031169   0.000000  -0.000000  -0.052285   0.000000  -0.000000  -0.000000  -0.007947  -0.000000   0.000000  -0.002829   0.000000   0.000000   0.000000  -0.018572   0.000000  -0.000000  -0.000000  -0.000000  -0.055533  -0.000000  -0.000000   0.000000   0.000000   1.046764  -0.000000   0.000000  -0.103835  -0.000000  -0.000000  -0.000000   0.000000  -0.000000   0.000000   0.621292   0.000000 -0.127931  -0.000000  -0.000000  -0.000000   0.000000 -0.000000
-0.000000   0.000000  -0.000000  -0.000000  -0.000000   0.000000   0.039992  -0.000000  -0.049685  -0.000000  -0.000000  -0.000000  -0.005881   0.000000   0.000000  -0.006097   0.000000   0.000000   0.000000  -0.020375  -0.000000  -0.000000  -0.000000   0.000000  -0.063572  -0.000000   0.000000   0.000000   0.000000   1.045927   0.000000  -0.000000  -0.106099  -0.000000  -0.000000   0.000000  -0.000000   0.621384   0.000000   0.000000 -0.000000  -0.127028  -0.000000  -0.000000   0.000000 -0.000000
 0.551574  -0.000202  -0.109995   0.062929  -0.000000  -0.015257  -0.000000  -0.000000   0.000000   0.014277   0.020742  -0.000000  -0.000000   0.003883   0.000000   0.000000   0.044396  -0.021473   0.000000   0.000000   0.020895  -0.026546  -0.010839   0.000000  -0.000000  -0.000000   0.003305   0.100434   0.000000  -0.000000   0.041018  -0.000000  -0.000000   0.012163  -0.000000  -0.000357   0.019182   0.000000   0.000000  -0.013043 -0.000000  -0.000000  -0.083456  -0.169501   0.009071 -2.323148
 0.466246  -0.000262  -0.176733   0.104025  -0.000000  -0.025442  -0.000000  -0.000000   0.000000   0.023628   0.034172  -0.000000  -0.000000   0.007234   0.000000   0.000000   0.080992  -0.041245   0.000000   0.000000   0.037298  -0.043248  -0.013118   0.000000  -0.000000  -0.000000   0.004456   0.133721   0.000000  -0.000000   0.058067  -0.000000  -0.000000   0.014766  -0.000000   0.000154   0.008715   0.000000   0.000000  -0.032265 -0.000000  -0.000000  -0.281483  -0.630952   0.002968  2.720508
-0.000000   0.000000  -0.000000  -0.000000   0.249920   0.000000  -0.000000  -0.209523   0.000000  -0.000000  -0.000000   0.005324  -0.000000   0.000000  -0.122182   0.000000   0.000000   0.000000   0.019525   0.000000  -0.000000  -0.000000  -0.000000  -0.255448  -0.000000  -0.000000   0.000000   0.000000  -0.071159  -0.000000   0.000000  -0.017274  -0.000000  -0.000000  -0.000000   0.000000  -0.000000   0.000000  -0.036768   0.000000 -1.277347  -0.000000  -0.000000  -0.000000   0.000000 -0.000000
-0.000000   0.000000  -0.000000  -0.000000  -0.000000   0.000000   0.243022  -0.000000  -0.199922  -0.000000  -0.000000  -0.000000   0.015342   0.000000   0.000000  -0.128164   0.000000   0.000000   0.000000   0.023695  -0.000000  -0.000000  -0.000000   0.000000  -0.256600  -0.000000   0.000000   0.000000   0.000000  -0.074868   0.000000  -0.000000  -0.017114  -0.000000  -0.000000   0.000000  -0.000000  -0.034467   0.000000   0.000000 -0.000000  -1.279101  -0.000000  -0.000000   0.000000 -0.000000
-0.001751  -0.000256  -0.089346  -0.176598  -0.000000   0.195469  -0.000000  -0.000000   0.000000  -0.021449  -0.000491  -0.000000  -0.000000  -0.065590   0.000000   0.000000  -0.018434  -0.122700   0.000000   0.000000   0.128676  -0.060282  -0.266120   0.000000  -0.000000  -0.000000  -0.000354  -0.057159   0.000000  -0.000000   0.156331  -0.000000  -0.000000   0.016919  -0.000000   0.000122   0.036147   0.000000   0.000000  -0.327174 -0.000000  -0.000000   1.175886  -0.585111   0.031929  0.030845
 0.021524   0.000860   0.512720  -0.314782  -0.000000   0.071064  -0.000000  -0.000000   0.000000  -0.085342  -0.127200  -0.000000  -0.000000  -0.022813   0.000000   0.000000  -0.209004   0.038432   0.000000   0.000000  -0.072218   0.149730   0.293254   0.000000  -0.000000  -0.000000  -0.048962  -1.597534   0.000000  -0.000000  -0.654089  -0.000000  -0.000000  -0.221166  -0.000000   0.004320  -0.532631   0.000000   0.000000   0.028477 -0.000000  -0.000000   1.133450   2.075261  -0.081817 -1.081812
-0.000000   0.000000  -0.000000  -0.000000   0.365650   0.000000  -0.000000  -0.301142   0.000000  -0.000000  -0.000000  -0.007529  -0.000000   0.000000  -0.128729   0.000000   0.000000   0.000000   0.063346   0.000000  -0.000000  -0.000000  -0.000000  -0.823490  -0.000000  -0.000000   0.000000   0.000000  -0.158057  -0.000000   0.000000  -0.058955  -0.000000  -0.000000  -0.000000   0.000000  -0.000000   0.000000  -0.004666   0.000000  1.579535  -0.000000  -0.000000  -0.000000   0.000000 -0.000000
-0.000000   0.000000  -0.000000  -0.000000  -0.000000   0.000000   0.358051  -0.000000  -0.290837  -0.000000  -0.000000  -0.000000   0.008459   0.000000   0.000000  -0.138576   0.000000   0.000000   0.000000   0.064178  -0.000000  -0.000000  -0.000000   0.000000  -0.833867  -0.000000   0.000000   0.000000   0.000000  -0.167880   0.000000  -0.000000  -0.058193  -0.000000  -0.000000   0.000000  -0.000000  -0.006191   0.000000   0.000000 -0.000000   1.575897  -0.000000  -0.000000   0.000000 -0.000000
 0.001196  -0.000794  -0.133287  -0.249454  -0.000000   0.279929  -0.000000  -0.000000   0.000000  -0.041383  -0.008452  -0.000000  -0.000000  -0.074878   0.000000   0.000000   0.032063  -0.155126   0.000000   0.000000   0.173123  -0.075345  -0.621687   0.000000  -0.000000  -0.000000  -0.000967  -0.328826   0.000000  -0.000000   0.720425  -0.000000  -0.000000   0.290157  -0.000000  -0.004763   1.108934   0.000000   0.000000  -0.133638 -0.000000  -0.000000  -2.041213   1.394800  -0.029160 -0.133584
 0.001360  -0.000465   0.315274  -0.397998  -0.000000   0.158962  -0.000000  -0.000000   0.000000  -0.184710  -0.160825  -0.000000  -0.000000  -0.049548   0.000000   0.000000  -1.280367   1.938806   0.000000   0.000000  -1.093274  -0.078899  -2.926234   0.000000  -0.000000  -0.000000   0.111149   4.952767   0.000000  -0.000000  -0.934435  -0.000000  -0.000000  -0.756727  -0.000000   0.004738  -1.825655   0.000000   0.000000   2.694803 -0.000000  -0.000000   2.168101   0.780982   0.019206 -0.448413
-0.000000   0.000000  -0.000000  -0.000000   0.262144   0.000000  -0.000000  -0.356907   0.000000  -0.000000  -0.000000   0.103442  -0.000000   0.000000  -0.481419   0.000000   0.000000   0.000000  -0.194348   0.000000  -0.000000  -0.000000  -0.000000   1.934408  -0.000000  -0.000000   0.000000   0.000000  -0.475031  -0.000000   0.000000   0.037335  -0.000000  -0.000000  -0.000000   0.000000  -0.000000   0.000000  -0.506914   0.000000 -0.915232  -0.000000  -0.000000  -0.000000   0.000000 -0.000000
-0.000000   0.000000  -0.000000  -0.000000  -0.000000   0.000000   0.270012  -0.000000  -0.356180  -0.000000  -0.000000  -0.000000   0.115755   0.000000   0.000000  -0.506674   0.000000   0.000000   0.000000  -0.159412  -0.000000  -0.000000  -0.000000   0.000000   1.933882  -0.000000   0.000000   0.000000   0.000000  -0.463303   0.000000  -0.000000   0.037178  -0.000000  -0.000000   0.000000  -0.000000  -0.505419   0.000000   0.000000 -0.000000  -0.912825  -0.000000  -0.000000   0.000000 -0.000000
-0.000331  -0.000072  -0.033039  -0.130671  -0.000000   0.167932  -0.000000  -0.000000   0.000000   0.042219   0.060672  -0.000000  -0.000000  -0.234845   0.000000   0.000000  -0.303635  -1.068161   0.000000   0.000000   1.081413  -0.967429   2.958190   0.000000  -0.000000  -0.000000   0.007536  -0.579601   0.000000  -0.000000   0.036672  -0.000000  -0.000000   0.343866  -0.000000  -0.004416   1.030408   0.000000   0.000000  -1.781445 -0.000000  -0.000000   0.151945  -0.043233   0.028890  0.018496
-0.000591  -0.007409  -0.063114  -0.089596  -0.000000   0.036793  -0.000000  -0.000000   0.000000  -1.687534  -1.172668  -0.000000  -0.000000  -1.428597   0.000000   0.000000   6.217710   4.831130   0.000000   0.000000  -3.465324  -3.722028  -4.185107   0.000000  -0.000000  -0.000000  -0.067920  -2.634679   0.000000  -0.000000  -1.869299  -0.000000  -0.000000  -1.799240  -0.000000   0.046512   1.716835   0.000000   0.000000   0.810186 -0.000000  -0.000000  -1.321985  -0.526954   0.729983  0.253734
-0.000000   0.000000  -0.000000  -0.000000   0.008829   0.000000  -0.000000  -0.219812   0.000000  -0.000000  -0.000000  -0.228161  -0.000000   0.000000   1.991175   0.000000   0.000000   0.000000  -0.236915   0.000000  -0.000000  -0.000000  -0.000000  -1.256370  -0.000000  -0.000000   0.000000   0.000000   0.145244  -0.000000   0.000000   0.143093  -0.000000  -0.000000  -0.000000   0.000000  -0.000000   0.000000   0.215184   0.000000  0.444296  -0.000000  -0.000000  -0.000000   0.000000 -0.000000
-0.000000   0.000000  -0.000000  -0.000000  -0.000000   0.000000   0.014353  -0.000000  -0.290674  -0.000000  -0.000000  -0.000000  -0.133621   0.000000   0.000000   1.990946   0.000000   0.000000   0.000000  -0.268378  -0.000000  -0.000000  -0.000000   0.000000  -1.250766  -0.000000   0.000000   0.000000   0.000000   0.139177   0.000000  -0.000000   0.142779  -0.000000  -0.000000   0.000000  -0.000000   0.214652   0.000000   0.000000 -0.000000   0.443180  -0.000000  -0.000000   0.000000 -0.000000
-0.000024   0.003036   0.011238   0.015104  -0.000000   0.019436  -0.000000  -0.000000   0.000000   0.471404   0.035203  -0.000000  -0.000000   2.255884   0.000000   0.000000  -0.776056  -1.660780   0.000000   0.000000   1.093805   2.101369   0.610468   0.000000  -0.000000  -0.000000  -0.012805  -0.052631   0.000000  -0.000000   0.775403  -0.000000  -0.000000   0.717805  -0.000000  -0.016763  -0.771357   0.000000   0.000000  -0.028480 -0.000000  -0.000000  -0.014643   0.000978  -0.304696  0.004500
-0.006134  -0.000099  -0.012270  -0.004791  -0.000000   0.008342  -0.000000  -0.000000   0.000000  -0.001156  -0.002091  -0.000000  -0.000000  -0.009396   0.000000   0.000000   0.029075  -0.025892   0.000000   0.000000  -0.001065   0.036140   0.055765   0.000000  -0.000000  -0.000000  -0.081574  -0.203474   0.000000  -0.000000  -0.124563  -0.000000  -0.000000  -0.071516  -0.000000  -0.865604  -0.016996   0.000000   0.000000  -0.645776 -0.000000  -0.000000  -0.795139  -1.364526   0.005143  0.573467
-0.006336  -0.000034  -0.012668  -0.002231  -0.000000   0.007494  -0.000000  -0.000000   0.000000  -0.000721  -0.001639  -0.000000  -0.000000  -0.009449   0.000000   0.000000   0.030163  -0.026513   0.000000   0.000000  -0.000388   0.036840   0.054611   0.000000  -0.000000  -0.000000   0.068916  -0.204322   0.000000  -0.000000  -0.123571  -0.000000  -0.000000  -0.037519  -0.000000   0.871672  -0.022138   0.000000   0.000000  -0.647525 -0.000000  -0.000000  -0.794839  -1.361971   0.005127  0.573426
-0.006355   0.000134   0.021997   0.020425  -0.000000  -0.024932  -0.000000  -0.000000   0.000000   0.000324  -0.002733  -0.000000  -0.000000   0.027331   0.000000   0.000000   0.016007  -0.014967   0.000000   0.000000   0.032328  -0.044002  -0.020229   0.000000  -0.000000  -0.000000  -0.007037  -0.204994   0.000000  -0.000000  -0.024023  -0.000000  -0.000000  -0.021292  -0.000000   0.003678  -0.457016   0.000000   0.000000   1.210610 -0.000000  -0.000000  -0.061072  -1.974652   0.091300  0.635206
-0.000000   0.000000  -0.000000  -0.000000  -0.000000   0.000000  -0.000000  -0.000000   0.000000  -0.000000  -0.000000  -0.000000  -0.000000   0.000000   0.000000   0.000000   0.000000   0.000000   0.000000   0.000000  -0.000000  -0.000000  -0.000000   0.000000  -0.000000   0.086532   0.000000   0.000000   0.000000  -0.000000   0.000000  -0.000000  -0.000000  -0.000000   1.003247   0.000000  -0.000000   0.000000   0.000000   0.000000 -0.000000  -0.000000  -0.000000  -0.000000   0.000000 -0.000000
-0.000000   0.000000  -0.000000  -0.000000  -0.024866   0.000000  -0.000000  -0.011004   0.000000  -0.000000  -0.000000   0.009759  -0.000000   0.000000   0.014743   0.000000   0.000000   0.000000   0.016282   0.000000  -0.000000  -0.000000  -0.000000   0.027663  -0.000000  -0.000000   0.000000   0.000000  -0.127264  -0.000000   0.000000  -0.204416  -0.000000  -0.000000  -0.000000   0.000000  -0.000000   0.000000   1.101598   0.000000 -0.059294  -0.000000  -0.000000  -0.000000   0.000000 -0.000000
-0.000000   0.000000  -0.000000  -0.000000  -0.000000   0.000000  -0.027277  -0.000000  -0.010442  -0.000000  -0.000000  -0.000000   0.011512   0.000000   0.000000   0.014760   0.000000   0.000000   0.000000   0.017940  -0.000000  -0.000000  -0.000000   0.000000   0.028978  -0.000000   0.000000   0.000000   0.000000  -0.126911   0.000000  -0.000000  -0.203515  -0.000000  -0.000000   0.000000  -0.000000   1.101767   0.000000   0.000000 -0.000000  -0.057597  -0.000000  -0.000000   0.000000 -0.000000
