  0.9976430E+00  0.1395100E-01 -0.0000000E+00 -0.0000000E+00 -0.0000000E+00
 -0.3922000E-02 -0.0000000E+00 -0.0000000E+00 -0.0000000E+00
 -0.1611070E+00 -0.5868100E-01 -0.0000000E+00 -0.0000000E+00 -0.0000000E+00
  0.1057151E+01 -0.0000000E+00 -0.0000000E+00 -0.0000000E+00
  0.0000000E+00  0.0000000E+00  0.0000000E+00  0.3046800E-01  0.0000000E+00
  0.0000000E+00  0.0000000E+00  0.9817630E+00  0.0000000E+00
 -0.0000000E+00 -0.0000000E+00  0.3046800E-01 -0.0000000E+00 -0.0000000E+00
 -0.0000000E+00  0.9817630E+00 -0.0000000E+00 -0.0000000E+00
  0.0000000E+00  0.0000000E+00  0.0000000E+00  0.0000000E+00  0.3046800E-01
  0.0000000E+00  0.0000000E+00  0.0000000E+00  0.9817630E+00
 -0.1567380E+00  0.1621598E+01 -0.0000000E+00 -0.0000000E+00 -0.0000000E+00
 -0.1210344E+01 -0.0000000E+00 -0.0000000E+00 -0.0000000E+00
 -0.0000000E+00 -0.0000000E+00 -0.0000000E+00  0.1236591E+01 -0.0000000E+00
 -0.0000000E+00 -0.0000000E+00 -0.7524810E+00 -0.0000000E+00
 -0.0000000E+00 -0.0000000E+00 -0.0000000E+00 -0.0000000E+00  0.1236591E+01
 -0.0000000E+00 -0.0000000E+00 -0.0000000E+00 -0.7524810E+00
 -0.0000000E+00 -0.0000000E+00  0.1236591E+01 -0.0000000E+00 -0.0000000E+00
 -0.0000000E+00 -0.7524810E+00 -0.0000000E+00 -0.0000000E+00
