  0.9980760E+00  0.1142900E-01 -0.0000000E+00 -0.0000000E+00 -0.0000000E+00
 -0.3202000E-02 -0.0000000E+00 -0.0000000E+00 -0.0000000E+00
 -0.1967560E+00  0.3939880E+00 -0.0000000E+00 -0.0000000E+00 -0.0000000E+00
  0.6794300E+00 -0.0000000E+00 -0.0000000E+00 -0.0000000E+00
  0.0000000E+00  0.0000000E+00 -0.8990000E-03  0.2986000E-02  0.1934060E+00
  0.0000000E+00 -0.4063000E-02  0.1348900E-01  0.8737320E+00
  0.0000000E+00  0.0000000E+00 -0.3745000E-01  0.1897450E+00 -0.3104000E-02
  0.0000000E+00 -0.1691870E+00  0.8571960E+00 -0.1402000E-01
 -0.0000000E+00 -0.0000000E+00  0.1897680E+00  0.3746000E-01  0.3040000E-03
 -0.0000000E+00  0.8573010E+00  0.1692300E+00  0.1374000E-02
 -0.1046180E+00  0.1574122E+01 -0.0000000E+00 -0.0000000E+00 -0.0000000E+00
 -0.1456324E+01 -0.0000000E+00 -0.0000000E+00 -0.0000000E+00
 -0.0000000E+00 -0.0000000E+00  0.5179600E-01  0.1345880E+00  0.1213208E+01
 -0.0000000E+00 -0.3711600E-01 -0.9644400E-01 -0.8693680E+00
 -0.0000000E+00 -0.0000000E+00  0.9932230E+00  0.7012360E+00 -0.1201960E+00
 -0.0000000E+00 -0.7117300E+00 -0.5024960E+00  0.8613100E-01
 -0.0000000E+00 -0.0000000E+00 -0.7095750E+00  0.9913750E+00 -0.7968500E-01
 -0.0000000E+00  0.5084710E+00 -0.7104060E+00  0.5710100E-01
