  0.5963050E+00  0.4464270E+00 -0.0000000E+00 -0.0000000E+00 -0.0000000E+00
 -0.6630000E-02 -0.0000000E+00 -0.0000000E+00 -0.0000000E+00  0.4320000E-02
 -0.0000000E+00 -0.0000000E+00 -0.0000000E+00  0.4540000E-03 -0.0000000E+00
 -0.0000000E+00 -0.0000000E+00  0.9500000E-04  0.9500000E-04  0.9500000E-04
 -0.0000000E+00 -0.0000000E+00 -0.0000000E+00  0.5050000E-03  0.5050000E-03
  0.5050000E-03 -0.0000000E+00 -0.0000000E+00 -0.0000000E+00 -0.1086000E-02
 -0.1086000E-02 -0.1086000E-02 -0.0000000E+00 -0.0000000E+00 -0.0000000E+00
 -0.0000000E+00 -0.0000000E+00 -0.0000000E+00 -0.0000000E+00 -0.0000000E+00
 -0.0000000E+00 -0.0000000E+00 -0.0000000E+00 -0.0000000E+00 -0.0000000E+00
 -0.1083690E+00 -0.1993990E+00 -0.0000000E+00 -0.0000000E+00 -0.0000000E+00
  0.6381840E+00 -0.0000000E+00 -0.0000000E+00 -0.0000000E+00  0.5493220E+00
 -0.0000000E+00 -0.0000000E+00 -0.0000000E+00  0.3877500E-01 -0.0000000E+00
 -0.0000000E+00 -0.0000000E+00 -0.1169300E-01 -0.1169300E-01 -0.1169300E-01
 -0.0000000E+00 -0.0000000E+00 -0.0000000E+00 -0.3191300E-01 -0.3191300E-01
 -0.3191300E-01 -0.0000000E+00 -0.0000000E+00 -0.0000000E+00 -0.1939000E-01
 -0.1939000E-01 -0.1939000E-01 -0.0000000E+00 -0.0000000E+00 -0.0000000E+00
 -0.0000000E+00 -0.0000000E+00 -0.0000000E+00 -0.0000000E+00 -0.0000000E+00
 -0.0000000E+00 -0.0000000E+00 -0.0000000E+00 -0.0000000E+00 -0.0000000E+00
  0.0000000E+00  0.0000000E+00  0.2239700E-01 -0.4660700E-01  0.6281600E-01
  0.0000000E+00  0.4854700E-01 -0.1010240E+00  0.1361580E+00  0.0000000E+00
  0.6560000E-03 -0.1366000E-02  0.1841000E-02  0.0000000E+00  0.2473490E+00
 -0.5147220E+00  0.6937320E+00  0.0000000E+00  0.0000000E+00  0.0000000E+00
  0.0000000E+00  0.0000000E+00  0.0000000E+00  0.0000000E+00  0.0000000E+00
  0.0000000E+00  0.0000000E+00  0.0000000E+00  0.0000000E+00  0.0000000E+00
  0.0000000E+00  0.0000000E+00  0.0000000E+00  0.0000000E+00  0.0000000E+00
  0.3489000E-02 -0.7261000E-02  0.9786000E-02 -0.3247000E-02  0.4376000E-02
  0.1560000E-02  0.4376000E-02  0.1560000E-02 -0.3247000E-02  0.0000000E+00
 -0.0000000E+00 -0.0000000E+00 -0.2294200E-01  0.5855200E-01  0.5162400E-01
 -0.0000000E+00 -0.4972900E-01  0.1269160E+00  0.1118980E+00 -0.0000000E+00
 -0.6720000E-03  0.1716000E-02  0.1513000E-02 -0.0000000E+00 -0.2533710E+00
  0.6466430E+00  0.5701230E+00 -0.0000000E+00 -0.0000000E+00 -0.0000000E+00
 -0.0000000E+00 -0.0000000E+00 -0.0000000E+00 -0.0000000E+00 -0.0000000E+00
 -0.0000000E+00 -0.0000000E+00 -0.0000000E+00 -0.0000000E+00 -0.0000000E+00
 -0.0000000E+00 -0.0000000E+00 -0.0000000E+00 -0.0000000E+00 -0.0000000E+00
 -0.3574000E-02  0.9122000E-02  0.8042000E-02  0.4079000E-02  0.3597000E-02
 -0.1598000E-02  0.3597000E-02 -0.1598000E-02  0.4079000E-02 -0.0000000E+00
 -0.0000000E+00 -0.0000000E+00  0.7477800E-01  0.3192400E-01 -0.2976000E-02
 -0.0000000E+00  0.1620870E+00  0.6919700E-01 -0.6450000E-02 -0.0000000E+00
  0.2191000E-02  0.9350000E-03 -0.8700000E-04 -0.0000000E+00  0.8258360E+00
  0.3525600E+00 -0.3286500E-01 -0.0000000E+00 -0.0000000E+00 -0.0000000E+00
 -0.0000000E+00 -0.0000000E+00 -0.0000000E+00 -0.0000000E+00 -0.0000000E+00
 -0.0000000E+00 -0.0000000E+00 -0.0000000E+00 -0.0000000E+00 -0.0000000E+00
 -0.0000000E+00 -0.0000000E+00 -0.0000000E+00 -0.0000000E+00 -0.0000000E+00
  0.1164900E-01  0.4973000E-02 -0.4640000E-03  0.2224000E-02 -0.2070000E-03
  0.5210000E-02 -0.2070000E-03  0.5210000E-02  0.2224000E-02 -0.0000000E+00
  0.3201600E-01  0.5010000E-02  0.0000000E+00  0.0000000E+00  0.0000000E+00
 -0.4677760E+00  0.0000000E+00  0.0000000E+00  0.0000000E+00 -0.9984300E-01
  0.0000000E+00  0.0000000E+00  0.0000000E+00  0.2500451E+01  0.0000000E+00
  0.0000000E+00  0.0000000E+00 -0.2858400E-01 -0.2858400E-01 -0.2858400E-01
  0.0000000E+00  0.0000000E+00  0.0000000E+00 -0.1273990E+00 -0.1273990E+00
 -0.1273990E+00  0.0000000E+00  0.0000000E+00  0.0000000E+00 -0.6598870E+00
 -0.6598870E+00 -0.6598870E+00  0.0000000E+00  0.0000000E+00  0.0000000E+00
  0.0000000E+00  0.0000000E+00  0.0000000E+00  0.0000000E+00  0.0000000E+00
  0.0000000E+00  0.0000000E+00  0.0000000E+00  0.0000000E+00  0.0000000E+00
  0.0000000E+00  0.0000000E+00  0.3623300E-01  0.1630880E+00 -0.2487000E-01
  0.0000000E+00  0.2399500E-01  0.1080050E+00 -0.1647000E-01  0.0000000E+00
  0.2667870E+00  0.1200834E+01 -0.1831230E+00  0.0000000E+00 -0.2492340E+00
 -0.1121825E+01  0.1710740E+00  0.0000000E+00  0.0000000E+00  0.0000000E+00
  0.0000000E+00  0.0000000E+00  0.0000000E+00  0.0000000E+00  0.0000000E+00
  0.0000000E+00  0.0000000E+00  0.0000000E+00  0.0000000E+00  0.0000000E+00
  0.0000000E+00  0.0000000E+00  0.0000000E+00  0.0000000E+00  0.0000000E+00
 -0.2409000E-02 -0.1084200E-01  0.1653000E-02 -0.4849000E-02  0.7390000E-03
 -0.1077000E-02  0.7390000E-03 -0.1077000E-02 -0.4849000E-02  0.0000000E+00
 -0.0000000E+00 -0.0000000E+00  0.1649650E+00 -0.3608400E-01  0.3711000E-02
 -0.0000000E+00  0.1092480E+00 -0.2389700E-01  0.2458000E-02 -0.0000000E+00
  0.1214650E+01 -0.2656890E+00  0.2732700E-01 -0.0000000E+00 -0.1134732E+01
  0.2482080E+00 -0.2552900E-01 -0.0000000E+00 -0.0000000E+00 -0.0000000E+00
 -0.0000000E+00 -0.0000000E+00 -0.0000000E+00 -0.0000000E+00 -0.0000000E+00
 -0.0000000E+00 -0.0000000E+00 -0.0000000E+00 -0.0000000E+00 -0.0000000E+00
 -0.0000000E+00 -0.0000000E+00 -0.0000000E+00 -0.0000000E+00 -0.0000000E+00
 -0.1096700E-01  0.2399000E-02 -0.2470000E-03  0.1073000E-02 -0.1100000E-03
 -0.4905000E-02 -0.1100000E-03 -0.4905000E-02  0.1073000E-02 -0.0000000E+00
  0.0000000E+00  0.0000000E+00  0.1730000E-02  0.2508600E-01  0.1670240E+00
  0.0000000E+00  0.1145000E-02  0.1661300E-01  0.1106110E+00  0.0000000E+00
  0.1273500E-01  0.1847120E+00  0.1229810E+01  0.0000000E+00 -0.1189700E-01
 -0.1725590E+00 -0.1148894E+01  0.0000000E+00  0.0000000E+00  0.0000000E+00
  0.0000000E+00  0.0000000E+00  0.0000000E+00  0.0000000E+00  0.0000000E+00
  0.0000000E+00  0.0000000E+00  0.0000000E+00  0.0000000E+00  0.0000000E+00
  0.0000000E+00  0.0000000E+00  0.0000000E+00  0.0000000E+00  0.0000000E+00
 -0.1150000E-03 -0.1668000E-02 -0.1110400E-01 -0.7460000E-03 -0.4966000E-02
 -0.5100000E-04 -0.4966000E-02 -0.5100000E-04 -0.7460000E-03  0.0000000E+00
  0.0000000E+00  0.0000000E+00  0.0000000E+00  0.0000000E+00  0.0000000E+00
  0.0000000E+00  0.0000000E+00  0.0000000E+00  0.0000000E+00  0.0000000E+00
  0.0000000E+00  0.0000000E+00  0.0000000E+00  0.0000000E+00  0.0000000E+00
  0.0000000E+00  0.0000000E+00  0.2872000E-02 -0.1777000E-02 -0.1095000E-02
 -0.2462000E-02  0.1121200E-01 -0.9981000E-02 -0.1013400E-01  0.6271000E-02
  0.3863000E-02  0.8689000E-02 -0.3956500E-01  0.3522200E-01  0.1897090E+00
 -0.1174010E+00 -0.7230800E-01 -0.1626570E+00  0.7406650E+00 -0.6593740E+00
  0.0000000E+00  0.0000000E+00  0.0000000E+00  0.0000000E+00  0.0000000E+00
  0.0000000E+00  0.0000000E+00  0.0000000E+00  0.0000000E+00  0.0000000E+00
  0.0000000E+00  0.0000000E+00  0.0000000E+00  0.0000000E+00  0.0000000E+00
  0.0000000E+00  0.0000000E+00  0.0000000E+00  0.0000000E+00  0.0000000E+00
  0.0000000E+00  0.0000000E+00  0.0000000E+00  0.0000000E+00  0.0000000E+00
  0.0000000E+00  0.0000000E+00  0.1433700E-01 -0.1122700E-01 -0.3110000E-02
  0.1561000E-02 -0.3104000E-02  0.4380000E-03 -0.5059500E-01  0.3962000E-01
  0.1097500E-01 -0.5510000E-02  0.1095500E-01 -0.1545000E-02  0.9471490E+00
 -0.7417020E+00 -0.2054470E+00  0.1031440E+00 -0.2050870E+00  0.2891400E-01
  0.0000000E+00  0.0000000E+00  0.0000000E+00  0.0000000E+00  0.0000000E+00
  0.0000000E+00  0.0000000E+00  0.0000000E+00  0.0000000E+00  0.0000000E+00
  0.0000000E+00  0.0000000E+00  0.0000000E+00  0.0000000E+00  0.0000000E+00
  0.0000000E+00  0.0000000E+00  0.0000000E+00  0.0000000E+00  0.0000000E+00
  0.0000000E+00  0.0000000E+00  0.0000000E+00  0.0000000E+00  0.0000000E+00
  0.0000000E+00  0.0000000E+00 -0.4622000E-02 -0.1045600E-01  0.1507800E-01
 -0.9540000E-03  0.4240000E-03 -0.3600000E-04  0.1631100E-01  0.3689800E-01
 -0.5320900E-01  0.3367000E-02 -0.1497000E-02  0.1270000E-03 -0.3053490E+00
 -0.6907490E+00  0.9960970E+00 -0.6302700E-01  0.2801800E-01 -0.2379000E-02
  0.0000000E+00  0.0000000E+00  0.0000000E+00  0.0000000E+00  0.0000000E+00
  0.0000000E+00  0.0000000E+00  0.0000000E+00  0.0000000E+00  0.0000000E+00
 -0.0000000E+00 -0.0000000E+00 -0.0000000E+00 -0.0000000E+00 -0.0000000E+00
 -0.0000000E+00 -0.0000000E+00 -0.0000000E+00 -0.0000000E+00 -0.0000000E+00
 -0.0000000E+00 -0.0000000E+00 -0.0000000E+00 -0.0000000E+00 -0.0000000E+00
 -0.0000000E+00 -0.0000000E+00 -0.1093000E-02  0.8100000E-04  0.1012000E-02
  0.1507600E-01  0.3303000E-02 -0.3020000E-03  0.3857000E-02 -0.2870000E-03
 -0.3570000E-02 -0.5320400E-01 -0.1165700E-01  0.1065000E-02 -0.7220400E-01
  0.5365000E-02  0.6683800E-01  0.9959880E+00  0.2182190E+00 -0.1994500E-01
 -0.0000000E+00 -0.0000000E+00 -0.0000000E+00 -0.0000000E+00 -0.0000000E+00
 -0.0000000E+00 -0.0000000E+00 -0.0000000E+00 -0.0000000E+00 -0.0000000E+00
  0.0000000E+00  0.0000000E+00  0.0000000E+00  0.0000000E+00  0.0000000E+00
  0.0000000E+00  0.0000000E+00  0.0000000E+00  0.0000000E+00  0.0000000E+00
  0.0000000E+00  0.0000000E+00  0.0000000E+00  0.0000000E+00  0.0000000E+00
  0.0000000E+00  0.0000000E+00  0.1851000E-02 -0.1114000E-02 -0.7370000E-03
 -0.1754000E-02  0.9662000E-02  0.1182700E-01 -0.6532000E-02  0.3931000E-02
  0.2600000E-02  0.6189000E-02 -0.3409700E-01 -0.4173700E-01  0.1222750E+00
 -0.7359500E-01 -0.4868000E-01 -0.1158540E+00  0.6383050E+00  0.7813260E+00
  0.0000000E+00  0.0000000E+00  0.0000000E+00  0.0000000E+00  0.0000000E+00
  0.0000000E+00  0.0000000E+00  0.0000000E+00  0.0000000E+00  0.0000000E+00
 -0.4417000E-01 -0.2533100E+00 -0.0000000E+00 -0.0000000E+00 -0.0000000E+00
 -0.5956060E+00 -0.0000000E+00 -0.0000000E+00 -0.0000000E+00  0.2998918E+01
 -0.0000000E+00 -0.0000000E+00 -0.0000000E+00  0.2456333E+01 -0.0000000E+00
 -0.0000000E+00 -0.0000000E+00 -0.1010040E+00 -0.1010040E+00 -0.1010040E+00
 -0.0000000E+00 -0.0000000E+00 -0.0000000E+00 -0.4284890E+00 -0.4284890E+00
 -0.4284890E+00 -0.0000000E+00 -0.0000000E+00 -0.0000000E+00 -0.2082141E+01
 -0.2082141E+01 -0.2082141E+01 -0.0000000E+00 -0.0000000E+00 -0.0000000E+00
 -0.0000000E+00 -0.0000000E+00 -0.0000000E+00 -0.0000000E+00 -0.0000000E+00
 -0.0000000E+00 -0.0000000E+00 -0.0000000E+00 -0.0000000E+00 -0.0000000E+00
 -0.0000000E+00 -0.0000000E+00 -0.3882600E-01 -0.2436140E+00  0.5450500E-01
 -0.0000000E+00 -0.1628960E+00 -0.1022087E+01  0.2286770E+00 -0.0000000E+00
  0.2746460E+00  0.1723263E+01 -0.3855540E+00 -0.0000000E+00 -0.1147940E+00
 -0.7202690E+00  0.1611490E+00 -0.0000000E+00 -0.0000000E+00 -0.0000000E+00
 -0.0000000E+00 -0.0000000E+00 -0.0000000E+00 -0.0000000E+00 -0.0000000E+00
 -0.0000000E+00 -0.0000000E+00 -0.0000000E+00 -0.0000000E+00 -0.0000000E+00
 -0.0000000E+00 -0.0000000E+00 -0.0000000E+00 -0.0000000E+00 -0.0000000E+00
 -0.2272300E-01 -0.1425780E+00  0.3190000E-01 -0.6376300E-01  0.1426600E-01
 -0.1016200E-01  0.1426600E-01 -0.1016200E-01 -0.6376300E-01 -0.0000000E+00
 -0.0000000E+00 -0.0000000E+00 -0.2133030E+00  0.3717000E-02 -0.1353310E+00
 -0.0000000E+00 -0.8949140E+00  0.1559500E-01 -0.5677810E+00 -0.0000000E+00
  0.1508847E+01 -0.2629400E-01  0.9572930E+00 -0.0000000E+00 -0.6306500E+00
  0.1099000E-01 -0.4001180E+00 -0.0000000E+00 -0.0000000E+00 -0.0000000E+00
 -0.0000000E+00 -0.0000000E+00 -0.0000000E+00 -0.0000000E+00 -0.0000000E+00
 -0.0000000E+00 -0.0000000E+00 -0.0000000E+00 -0.0000000E+00 -0.0000000E+00
 -0.0000000E+00 -0.0000000E+00 -0.0000000E+00 -0.0000000E+00 -0.0000000E+00
 -0.1248380E+00  0.2175000E-02 -0.7920400E-01  0.9730000E-03 -0.3542100E-01
 -0.5582900E-01 -0.3542100E-01 -0.5582900E-01  0.9730000E-03 -0.0000000E+00
 -0.0000000E+00 -0.0000000E+00  0.1296950E+00 -0.6681700E-01 -0.2062550E+00
 -0.0000000E+00  0.5441360E+00 -0.2803300E+00 -0.8653450E+00 -0.0000000E+00
 -0.9174260E+00  0.4726430E+00  0.1458992E+01 -0.0000000E+00  0.3834550E+00
 -0.1975500E+00 -0.6098120E+00 -0.0000000E+00 -0.0000000E+00 -0.0000000E+00
 -0.0000000E+00 -0.0000000E+00 -0.0000000E+00 -0.0000000E+00 -0.0000000E+00
 -0.0000000E+00 -0.0000000E+00 -0.0000000E+00 -0.0000000E+00 -0.0000000E+00
 -0.0000000E+00 -0.0000000E+00 -0.0000000E+00 -0.0000000E+00 -0.0000000E+00
  0.7590500E-01 -0.3910500E-01 -0.1207130E+00 -0.1748800E-01 -0.5398400E-01
  0.3394600E-01 -0.5398400E-01  0.3394600E-01 -0.1748800E-01 -0.0000000E+00
  0.1373190E+00 -0.1387270E+00  0.0000000E+00  0.0000000E+00  0.0000000E+00
 -0.3835173E+01  0.0000000E+00  0.0000000E+00  0.0000000E+00  0.9671034E+01
  0.0000000E+00  0.0000000E+00  0.0000000E+00  0.1671814E+01  0.0000000E+00
  0.0000000E+00  0.0000000E+00 -0.2223610E+00 -0.2223610E+00 -0.2223610E+00
  0.0000000E+00  0.0000000E+00  0.0000000E+00 -0.1048716E+01 -0.1048716E+01
 -0.1048716E+01  0.0000000E+00  0.0000000E+00  0.0000000E+00 -0.3036461E+01
 -0.3036461E+01 -0.3036461E+01  0.0000000E+00  0.0000000E+00  0.0000000E+00
  0.0000000E+00  0.0000000E+00  0.0000000E+00  0.0000000E+00  0.0000000E+00
  0.0000000E+00  0.0000000E+00  0.0000000E+00  0.0000000E+00  0.0000000E+00
 -0.0000000E+00 -0.0000000E+00 -0.0000000E+00 -0.0000000E+00 -0.0000000E+00
 -0.0000000E+00 -0.0000000E+00 -0.0000000E+00 -0.0000000E+00 -0.0000000E+00
 -0.0000000E+00 -0.0000000E+00 -0.0000000E+00 -0.0000000E+00 -0.0000000E+00
 -0.0000000E+00 -0.0000000E+00 -0.2882600E-01  0.2328500E-01  0.5541000E-02
 -0.5480000E-03  0.1140000E-03  0.2910000E-03  0.1073922E+01 -0.8675080E+00
 -0.2064150E+00  0.2041000E-01 -0.4257000E-02 -0.1082300E-01 -0.4506210E+00
  0.3640080E+00  0.8661200E-01 -0.8564000E-02  0.1786000E-02  0.4541000E-02
 -0.0000000E+00 -0.0000000E+00 -0.0000000E+00 -0.0000000E+00 -0.0000000E+00
 -0.0000000E+00 -0.0000000E+00 -0.0000000E+00 -0.0000000E+00 -0.0000000E+00
  0.0000000E+00  0.0000000E+00  0.0000000E+00  0.0000000E+00  0.0000000E+00
  0.0000000E+00  0.0000000E+00  0.0000000E+00  0.0000000E+00  0.0000000E+00
  0.0000000E+00  0.0000000E+00  0.0000000E+00  0.0000000E+00  0.0000000E+00
  0.0000000E+00  0.0000000E+00 -0.3706000E-02 -0.6449000E-02  0.1015500E-01
  0.8114000E-02 -0.2742100E-01 -0.3590000E-02  0.1380740E+00  0.2402560E+00
 -0.3783300E+00 -0.3022810E+00  0.1021600E+01  0.1337460E+00 -0.5793600E-01
 -0.1008120E+00  0.1587480E+00  0.1268380E+00 -0.4286660E+00 -0.5612000E-01
  0.0000000E+00  0.0000000E+00  0.0000000E+00  0.0000000E+00  0.0000000E+00
  0.0000000E+00  0.0000000E+00  0.0000000E+00  0.0000000E+00  0.0000000E+00
 -0.0000000E+00 -0.0000000E+00 -0.0000000E+00 -0.0000000E+00 -0.0000000E+00
 -0.0000000E+00 -0.0000000E+00 -0.0000000E+00 -0.0000000E+00 -0.0000000E+00
 -0.0000000E+00 -0.0000000E+00 -0.0000000E+00 -0.0000000E+00 -0.0000000E+00
 -0.0000000E+00 -0.0000000E+00  0.7468000E-02  0.1381800E-01 -0.2128600E-01
 -0.8270000E-02 -0.1258300E-01  0.1559000E-01 -0.2782130E+00 -0.5148110E+00
  0.7930240E+00  0.3081010E+00  0.4687700E+00 -0.5807960E+00  0.1167390E+00
  0.2160160E+00 -0.3327550E+00 -0.1292800E+00 -0.1966970E+00  0.2437040E+00
 -0.0000000E+00 -0.0000000E+00 -0.0000000E+00 -0.0000000E+00 -0.0000000E+00
 -0.0000000E+00 -0.0000000E+00 -0.0000000E+00 -0.0000000E+00 -0.0000000E+00
 -0.0000000E+00 -0.0000000E+00 -0.0000000E+00 -0.0000000E+00 -0.0000000E+00
 -0.0000000E+00 -0.0000000E+00 -0.0000000E+00 -0.0000000E+00 -0.0000000E+00
 -0.0000000E+00 -0.0000000E+00 -0.0000000E+00 -0.0000000E+00 -0.0000000E+00
 -0.0000000E+00 -0.0000000E+00  0.5086000E-02  0.1039800E-01 -0.1548400E-01
 -0.2572000E-02 -0.3284000E-02 -0.2587900E-01 -0.1894820E+00 -0.3873890E+00
  0.5768710E+00  0.9582500E-01  0.1223630E+00  0.9641320E+00  0.7950700E-01
  0.1625500E+00 -0.2420570E+00 -0.4020800E-01 -0.5134400E-01 -0.4045520E+00
 -0.0000000E+00 -0.0000000E+00 -0.0000000E+00 -0.0000000E+00 -0.0000000E+00
 -0.0000000E+00 -0.0000000E+00 -0.0000000E+00 -0.0000000E+00 -0.0000000E+00
 -0.0000000E+00 -0.0000000E+00 -0.0000000E+00 -0.0000000E+00 -0.0000000E+00
 -0.0000000E+00 -0.0000000E+00 -0.0000000E+00 -0.0000000E+00 -0.0000000E+00
 -0.0000000E+00 -0.0000000E+00 -0.0000000E+00 -0.0000000E+00 -0.0000000E+00
 -0.0000000E+00 -0.0000000E+00 -0.3160000E-02 -0.7309000E-02  0.1046900E-01
 -0.2819800E-01 -0.3903000E-02 -0.3250000E-02  0.1177420E+00  0.2723030E+00
 -0.3900450E+00  0.1050544E+01  0.1453950E+00  0.1210860E+00 -0.4940500E-01
 -0.1142590E+00  0.1636640E+00 -0.4408110E+00 -0.6100800E-01 -0.5080800E-01
 -0.0000000E+00 -0.0000000E+00 -0.0000000E+00 -0.0000000E+00 -0.0000000E+00
 -0.0000000E+00 -0.0000000E+00 -0.0000000E+00 -0.0000000E+00 -0.0000000E+00
  0.0000000E+00  0.0000000E+00  0.0000000E+00  0.0000000E+00  0.0000000E+00
  0.0000000E+00  0.0000000E+00  0.0000000E+00  0.0000000E+00  0.0000000E+00
  0.0000000E+00  0.0000000E+00  0.0000000E+00  0.0000000E+00  0.0000000E+00
  0.0000000E+00  0.0000000E+00  0.0000000E+00  0.0000000E+00  0.0000000E+00
  0.0000000E+00  0.0000000E+00  0.0000000E+00  0.0000000E+00  0.0000000E+00
  0.0000000E+00  0.0000000E+00  0.0000000E+00  0.0000000E+00  0.0000000E+00
  0.0000000E+00  0.0000000E+00  0.0000000E+00  0.0000000E+00  0.0000000E+00
  0.3620950E+00 -0.1757520E+00 -0.1620510E+00  0.1035430E+00 -0.6171000E-01
 -0.3751910E+00  0.2791240E+00 -0.1106100E+00  0.1322540E+00  0.8656830E+00
  0.0000000E+00  0.0000000E+00  0.0000000E+00  0.0000000E+00  0.0000000E+00
  0.0000000E+00  0.0000000E+00  0.0000000E+00  0.0000000E+00  0.0000000E+00
  0.0000000E+00  0.0000000E+00  0.0000000E+00  0.0000000E+00  0.0000000E+00
  0.0000000E+00  0.0000000E+00  0.0000000E+00  0.0000000E+00  0.0000000E+00
  0.0000000E+00  0.0000000E+00  0.0000000E+00  0.0000000E+00  0.0000000E+00
  0.0000000E+00  0.0000000E+00  0.0000000E+00  0.0000000E+00  0.0000000E+00
  0.0000000E+00  0.0000000E+00  0.0000000E+00  0.0000000E+00  0.0000000E+00
  0.8532750E+00 -0.2296680E+00 -0.1714030E+00  0.1823060E+00  0.1230470E+00
 -0.5791960E+00  0.1069140E+00 -0.5655930E+00  0.1258260E+00 -0.4342620E+00
  0.0000000E+00  0.0000000E+00  0.0000000E+00  0.0000000E+00  0.0000000E+00
  0.0000000E+00  0.0000000E+00  0.0000000E+00  0.0000000E+00  0.0000000E+00
  0.0000000E+00  0.0000000E+00  0.0000000E+00  0.0000000E+00  0.0000000E+00
  0.0000000E+00  0.0000000E+00  0.0000000E+00  0.0000000E+00  0.0000000E+00
  0.0000000E+00  0.0000000E+00  0.0000000E+00  0.0000000E+00  0.0000000E+00
  0.0000000E+00  0.0000000E+00  0.0000000E+00  0.0000000E+00  0.0000000E+00
  0.0000000E+00  0.0000000E+00  0.0000000E+00  0.0000000E+00  0.0000000E+00
  0.1465010E+00  0.8732660E+00 -0.4500160E+00 -0.5183590E+00  0.2398700E+00
 -0.1385220E+00  0.3638900E+00 -0.5803100E-01 -0.6532500E+00  0.8788000E-02
 -0.0000000E+00 -0.0000000E+00 -0.0000000E+00 -0.0000000E+00 -0.0000000E+00
 -0.0000000E+00 -0.0000000E+00 -0.0000000E+00 -0.0000000E+00 -0.0000000E+00
 -0.0000000E+00 -0.0000000E+00 -0.0000000E+00 -0.0000000E+00 -0.0000000E+00
 -0.0000000E+00 -0.0000000E+00 -0.0000000E+00 -0.0000000E+00 -0.0000000E+00
 -0.0000000E+00 -0.0000000E+00 -0.0000000E+00 -0.0000000E+00 -0.0000000E+00
 -0.0000000E+00 -0.0000000E+00 -0.0000000E+00 -0.0000000E+00 -0.0000000E+00
 -0.0000000E+00 -0.0000000E+00 -0.0000000E+00 -0.0000000E+00 -0.0000000E+00
 -0.1271630E+00 -0.1332730E+00 -0.3495500E+00 -0.3796000E+00 -0.2693180E+00
  0.4741810E+00  0.7382890E+00 -0.3035740E+00  0.5584040E+00 -0.1026730E+00
  0.0000000E+00  0.0000000E+00  0.0000000E+00  0.0000000E+00  0.0000000E+00
  0.0000000E+00  0.0000000E+00  0.0000000E+00  0.0000000E+00  0.0000000E+00
  0.0000000E+00  0.0000000E+00  0.0000000E+00  0.0000000E+00  0.0000000E+00
  0.0000000E+00  0.0000000E+00  0.0000000E+00  0.0000000E+00  0.0000000E+00
  0.0000000E+00  0.0000000E+00  0.0000000E+00  0.0000000E+00  0.0000000E+00
  0.0000000E+00  0.0000000E+00  0.0000000E+00  0.0000000E+00  0.0000000E+00
  0.0000000E+00  0.0000000E+00  0.0000000E+00  0.0000000E+00  0.0000000E+00
  0.4796000E-02 -0.9330000E-02  0.1557010E+00  0.6638340E+00 -0.5412940E+00
  0.3261000E+00  0.3323990E+00 -0.3325340E+00 -0.6513160E+00 -0.7778000E-02
  0.0000000E+00  0.0000000E+00  0.0000000E+00  0.0000000E+00  0.0000000E+00
  0.0000000E+00  0.0000000E+00  0.0000000E+00  0.0000000E+00  0.0000000E+00
  0.0000000E+00  0.0000000E+00  0.0000000E+00  0.0000000E+00  0.0000000E+00
  0.0000000E+00  0.0000000E+00  0.0000000E+00  0.0000000E+00  0.0000000E+00
  0.0000000E+00  0.0000000E+00  0.0000000E+00  0.0000000E+00  0.0000000E+00
  0.0000000E+00  0.0000000E+00  0.0000000E+00  0.0000000E+00  0.0000000E+00
  0.0000000E+00  0.0000000E+00  0.0000000E+00  0.0000000E+00  0.0000000E+00
 -0.2752990E+00 -0.2596030E+00 -0.4379690E+00  0.3650440E+00  0.1983200E-01
 -0.4108280E+00  0.5677650E+00  0.7801810E+00 -0.1675000E-01 -0.2085660E+00
  0.0000000E+00  0.0000000E+00  0.0000000E+00  0.0000000E+00  0.0000000E+00
  0.0000000E+00  0.0000000E+00  0.0000000E+00  0.0000000E+00  0.0000000E+00
  0.0000000E+00  0.0000000E+00  0.0000000E+00  0.0000000E+00  0.0000000E+00
  0.0000000E+00  0.0000000E+00  0.0000000E+00  0.0000000E+00  0.0000000E+00
  0.0000000E+00  0.0000000E+00  0.0000000E+00  0.0000000E+00  0.0000000E+00
  0.0000000E+00  0.0000000E+00  0.0000000E+00  0.0000000E+00  0.0000000E+00
  0.0000000E+00  0.0000000E+00  0.0000000E+00  0.0000000E+00  0.0000000E+00
 -0.1654190E+00 -0.2617780E+00 -0.6352960E+00  0.4114830E+00  0.8703960E+00
  0.4523350E+00 -0.1805700E-01 -0.2304020E+00 -0.6027000E-01  0.8849100E-01
 -0.0000000E+00 -0.0000000E+00  0.1547650E+00  0.5249830E+00 -0.5307600E+00
 -0.0000000E+00  0.1615800E+00  0.5480970E+00 -0.5541290E+00 -0.0000000E+00
  0.1629220E+00  0.5526500E+00 -0.5587310E+00 -0.0000000E+00 -0.6185200E-01
 -0.2098090E+00  0.2121180E+00 -0.0000000E+00 -0.0000000E+00 -0.0000000E+00
 -0.0000000E+00 -0.0000000E+00 -0.0000000E+00 -0.0000000E+00 -0.0000000E+00
 -0.0000000E+00 -0.0000000E+00 -0.0000000E+00 -0.0000000E+00 -0.0000000E+00
 -0.0000000E+00 -0.0000000E+00 -0.0000000E+00 -0.0000000E+00 -0.0000000E+00
 -0.2641770E+00 -0.8961200E+00  0.9059810E+00 -0.4007570E+00  0.4051670E+00
 -0.1181440E+00  0.4051670E+00 -0.1181440E+00 -0.4007570E+00 -0.0000000E+00
 -0.0000000E+00 -0.0000000E+00  0.1129810E+00 -0.5522730E+00 -0.5133180E+00
 -0.0000000E+00  0.1179550E+00 -0.5765890E+00 -0.5359190E+00 -0.0000000E+00
  0.1189350E+00 -0.5813780E+00 -0.5403700E+00 -0.0000000E+00 -0.4515300E-01
  0.2207160E+00  0.2051470E+00 -0.0000000E+00 -0.0000000E+00 -0.0000000E+00
 -0.0000000E+00 -0.0000000E+00 -0.0000000E+00 -0.0000000E+00 -0.0000000E+00
 -0.0000000E+00 -0.0000000E+00 -0.0000000E+00 -0.0000000E+00 -0.0000000E+00
 -0.0000000E+00 -0.0000000E+00 -0.0000000E+00 -0.0000000E+00 -0.0000000E+00
 -0.1928530E+00  0.9427030E+00  0.8762080E+00  0.4215890E+00  0.3918520E+00
 -0.8624600E-01  0.3918520E+00 -0.8624600E-01  0.4215890E+00 -0.0000000E+00
  0.0000000E+00  0.0000000E+00 -0.7379350E+00  0.2554800E-01 -0.1899060E+00
  0.0000000E+00 -0.7704260E+00  0.2667300E-01 -0.1982680E+00  0.0000000E+00
 -0.7768250E+00  0.2689500E-01 -0.1999140E+00  0.0000000E+00  0.2949150E+00
 -0.1021000E-01  0.7589600E-01  0.0000000E+00  0.0000000E+00  0.0000000E+00
  0.0000000E+00  0.0000000E+00  0.0000000E+00  0.0000000E+00  0.0000000E+00
  0.0000000E+00  0.0000000E+00  0.0000000E+00  0.0000000E+00  0.0000000E+00
  0.0000000E+00  0.0000000E+00  0.0000000E+00  0.0000000E+00  0.0000000E+00
  0.1259619E+01 -0.4360900E-01  0.3241600E+00 -0.1950300E-01  0.1449690E+00
  0.5633190E+00  0.1449690E+00  0.5633190E+00 -0.1950300E-01  0.0000000E+00
 -0.4548300E-01 -0.1670545E+01 -0.0000000E+00 -0.0000000E+00 -0.0000000E+00
  0.5697302E+01 -0.0000000E+00 -0.0000000E+00 -0.0000000E+00  0.6627621E+01
 -0.0000000E+00 -0.0000000E+00 -0.0000000E+00  0.9061510E+00 -0.0000000E+00
 -0.0000000E+00 -0.0000000E+00 -0.8292300E+00 -0.8292300E+00 -0.8292300E+00
 -0.0000000E+00 -0.0000000E+00 -0.0000000E+00 -0.3864437E+01 -0.3864437E+01
 -0.3864437E+01 -0.0000000E+00 -0.0000000E+00 -0.0000000E+00 -0.1905612E+01
 -0.1905612E+01 -0.1905612E+01 -0.0000000E+00 -0.0000000E+00 -0.0000000E+00
 -0.0000000E+00 -0.0000000E+00 -0.0000000E+00 -0.0000000E+00 -0.0000000E+00
 -0.0000000E+00 -0.0000000E+00 -0.0000000E+00 -0.0000000E+00 -0.0000000E+00
 -0.0000000E+00 -0.0000000E+00 -0.0000000E+00 -0.0000000E+00 -0.0000000E+00
 -0.0000000E+00 -0.0000000E+00 -0.0000000E+00 -0.0000000E+00 -0.0000000E+00
 -0.0000000E+00 -0.0000000E+00 -0.0000000E+00 -0.0000000E+00 -0.0000000E+00
 -0.0000000E+00 -0.0000000E+00  0.1105003E+01 -0.3030100E+00 -0.8019930E+00
 -0.4981000E-02  0.1538000E-02  0.8288000E-02 -0.5648040E+00  0.1548780E+00
  0.4099250E+00  0.2546000E-02 -0.7860000E-03 -0.4236000E-02  0.1676220E+00
 -0.4596500E-01 -0.1216570E+00 -0.7560000E-03  0.2330000E-03  0.1257000E-02
 -0.0000000E+00 -0.0000000E+00 -0.0000000E+00 -0.0000000E+00 -0.0000000E+00
 -0.0000000E+00 -0.0000000E+00 -0.0000000E+00 -0.0000000E+00 -0.0000000E+00
  0.0000000E+00  0.0000000E+00  0.0000000E+00  0.0000000E+00  0.0000000E+00
  0.0000000E+00  0.0000000E+00  0.0000000E+00  0.0000000E+00  0.0000000E+00
  0.0000000E+00  0.0000000E+00  0.0000000E+00  0.0000000E+00  0.0000000E+00
  0.0000000E+00  0.0000000E+00 -0.2880920E+00  0.1101033E+01 -0.8129400E+00
 -0.2988000E-02  0.3226000E-02 -0.2854000E-02  0.1472540E+00 -0.5627740E+00
  0.4155210E+00  0.1527000E-02 -0.1649000E-02  0.1459000E-02 -0.4370200E-01
  0.1670200E+00 -0.1233180E+00 -0.4530000E-03  0.4890000E-03 -0.4330000E-03
  0.0000000E+00  0.0000000E+00  0.0000000E+00  0.0000000E+00  0.0000000E+00
  0.0000000E+00  0.0000000E+00  0.0000000E+00  0.0000000E+00  0.0000000E+00
  0.0000000E+00  0.0000000E+00  0.0000000E+00  0.0000000E+00  0.0000000E+00
  0.0000000E+00  0.0000000E+00  0.0000000E+00  0.0000000E+00  0.0000000E+00
  0.0000000E+00  0.0000000E+00  0.0000000E+00  0.0000000E+00  0.0000000E+00
  0.0000000E+00  0.0000000E+00  0.4201000E-02  0.2191000E-02 -0.6392000E-02
  0.1096407E+01 -0.3190110E+00 -0.1425800E-01 -0.2147000E-02 -0.1120000E-02
  0.3267000E-02 -0.5604100E+00  0.1630570E+00  0.7288000E-02  0.6370000E-03
  0.3320000E-03 -0.9700000E-03  0.1663180E+00 -0.4839200E-01 -0.2163000E-02
  0.0000000E+00  0.0000000E+00  0.0000000E+00  0.0000000E+00  0.0000000E+00
  0.0000000E+00  0.0000000E+00  0.0000000E+00  0.0000000E+00  0.0000000E+00
  0.0000000E+00  0.0000000E+00  0.0000000E+00  0.0000000E+00  0.0000000E+00
  0.0000000E+00  0.0000000E+00  0.0000000E+00  0.0000000E+00  0.0000000E+00
  0.0000000E+00  0.0000000E+00  0.0000000E+00  0.0000000E+00  0.0000000E+00
  0.0000000E+00  0.0000000E+00  0.5459000E-02 -0.4655000E-02 -0.8040000E-03
  0.2513060E+00  0.8934820E+00 -0.6652990E+00 -0.2790000E-02  0.2380000E-02
  0.4110000E-03 -0.1284510E+00 -0.4566880E+00  0.3400560E+00  0.8280000E-03
 -0.7060000E-03 -0.1220000E-03  0.3812100E-01  0.1355360E+00 -0.1009220E+00
  0.0000000E+00  0.0000000E+00  0.0000000E+00  0.0000000E+00  0.0000000E+00
  0.0000000E+00  0.0000000E+00  0.0000000E+00  0.0000000E+00  0.0000000E+00
 -0.0000000E+00 -0.0000000E+00 -0.0000000E+00 -0.0000000E+00 -0.0000000E+00
 -0.0000000E+00 -0.0000000E+00 -0.0000000E+00 -0.0000000E+00 -0.0000000E+00
 -0.0000000E+00 -0.0000000E+00 -0.0000000E+00 -0.0000000E+00 -0.0000000E+00
 -0.0000000E+00 -0.0000000E+00 -0.6777000E-02  0.2788000E-02  0.3988000E-02
  0.1970420E+00  0.6356340E+00  0.9280190E+00  0.3464000E-02 -0.1425000E-02
 -0.2039000E-02 -0.1007140E+00 -0.3248940E+00 -0.4743410E+00 -0.1028000E-02
  0.4230000E-03  0.6050000E-03  0.2989000E-01  0.9642200E-01  0.1407750E+00
 -0.0000000E+00 -0.0000000E+00 -0.0000000E+00 -0.0000000E+00 -0.0000000E+00
 -0.0000000E+00 -0.0000000E+00 -0.0000000E+00 -0.0000000E+00 -0.0000000E+00
 -0.0000000E+00 -0.0000000E+00  0.2406877E+01  0.2286632E+01 -0.2431280E+01
 -0.0000000E+00 -0.9087430E+01 -0.8633432E+01  0.9179566E+01 -0.0000000E+00
  0.9255180E+00  0.8792800E+00 -0.9349020E+00 -0.0000000E+00 -0.2207820E+00
 -0.2097520E+00  0.2230210E+00 -0.0000000E+00 -0.0000000E+00 -0.0000000E+00
 -0.0000000E+00 -0.0000000E+00 -0.0000000E+00 -0.0000000E+00 -0.0000000E+00
 -0.0000000E+00 -0.0000000E+00 -0.0000000E+00 -0.0000000E+00 -0.0000000E+00
 -0.0000000E+00 -0.0000000E+00 -0.0000000E+00 -0.0000000E+00 -0.0000000E+00
  0.4670716E+01  0.4437372E+01 -0.4718072E+01  0.1984453E+01 -0.2109986E+01
  0.2088808E+01 -0.2109986E+01  0.2088808E+01  0.1984453E+01 -0.0000000E+00
 -0.0000000E+00 -0.0000000E+00 -0.2354870E+00 -0.2873702E+01 -0.2935855E+01
 -0.0000000E+00  0.8891070E+00  0.1084998E+02  0.1108465E+02 -0.0000000E+00
 -0.9055200E-01 -0.1105027E+01 -0.1128927E+01 -0.0000000E+00  0.2160100E-01
  0.2636040E+00  0.2693050E+00 -0.0000000E+00 -0.0000000E+00 -0.0000000E+00
 -0.0000000E+00 -0.0000000E+00 -0.0000000E+00 -0.0000000E+00 -0.0000000E+00
 -0.0000000E+00 -0.0000000E+00 -0.0000000E+00 -0.0000000E+00 -0.0000000E+00
 -0.0000000E+00 -0.0000000E+00 -0.0000000E+00 -0.0000000E+00 -0.0000000E+00
 -0.4569790E+00 -0.5576623E+01 -0.5697236E+01 -0.2493942E+01 -0.2547882E+01
 -0.2043670E+00 -0.2547882E+01 -0.2043670E+00 -0.2493942E+01 -0.0000000E+00
 -0.0000000E+00 -0.0000000E+00 -0.3329317E+01  0.1856345E+01 -0.1549998E+01
 -0.0000000E+00  0.1257021E+02 -0.7008835E+01  0.5852190E+01 -0.0000000E+00
 -0.1280225E+01  0.7138220E+00 -0.5960220E+00 -0.0000000E+00  0.3053980E+00
 -0.1702820E+00  0.1421810E+00 -0.0000000E+00 -0.0000000E+00 -0.0000000E+00
 -0.0000000E+00 -0.0000000E+00 -0.0000000E+00 -0.0000000E+00 -0.0000000E+00
 -0.0000000E+00 -0.0000000E+00 -0.0000000E+00 -0.0000000E+00 -0.0000000E+00
 -0.0000000E+00 -0.0000000E+00 -0.0000000E+00 -0.0000000E+00 -0.0000000E+00
 -0.6460777E+01  0.3602369E+01 -0.3007882E+01  0.1611028E+01 -0.1345166E+01
 -0.2889347E+01 -0.1345166E+01 -0.2889347E+01  0.1611028E+01 -0.0000000E+00
  0.6973180E+00 -0.3599656E+01  0.0000000E+00  0.0000000E+00  0.0000000E+00
  0.1856123E+02  0.0000000E+00  0.0000000E+00  0.0000000E+00  0.1725844E+01
  0.0000000E+00  0.0000000E+00  0.0000000E+00  0.4757580E+00  0.0000000E+00
  0.0000000E+00  0.0000000E+00 -0.3115859E+01 -0.3115859E+01 -0.3115859E+01
  0.0000000E+00  0.0000000E+00  0.0000000E+00 -0.6409053E+01 -0.6409053E+01
 -0.6409053E+01  0.0000000E+00  0.0000000E+00  0.0000000E+00 -0.7268080E+00
 -0.7268080E+00 -0.7268080E+00  0.0000000E+00  0.0000000E+00  0.0000000E+00
  0.0000000E+00  0.0000000E+00  0.0000000E+00  0.0000000E+00  0.0000000E+00
  0.0000000E+00  0.0000000E+00  0.0000000E+00  0.0000000E+00  0.0000000E+00
 -0.1829386E+01  0.1006191E+01 -0.0000000E+00 -0.0000000E+00 -0.0000000E+00
  0.8133198E+01 -0.0000000E+00 -0.0000000E+00 -0.0000000E+00 -0.5186330E+00
 -0.0000000E+00 -0.0000000E+00 -0.0000000E+00  0.4796100E-01 -0.0000000E+00
 -0.0000000E+00 -0.0000000E+00 -0.1647905E+01 -0.1647905E+01 -0.1647905E+01
 -0.0000000E+00 -0.0000000E+00 -0.0000000E+00 -0.2369552E+01 -0.2369552E+01
 -0.2369552E+01 -0.0000000E+00 -0.0000000E+00 -0.0000000E+00  0.3073200E-01
  0.3073200E-01  0.3073200E-01 -0.0000000E+00 -0.0000000E+00 -0.0000000E+00
 -0.0000000E+00 -0.0000000E+00 -0.0000000E+00 -0.0000000E+00 -0.0000000E+00
 -0.0000000E+00 -0.0000000E+00 -0.0000000E+00 -0.0000000E+00 -0.0000000E+00
