  0.5962800E+00  0.4464430E+00 -0.0000000E+00 -0.0000000E+00 -0.0000000E+00
 -0.4889000E-02 -0.0000000E+00 -0.0000000E+00 -0.0000000E+00  0.1425000E-02
 -0.0000000E+00 -0.0000000E+00 -0.0000000E+00 -0.4290000E-03 -0.0000000E+00
 -0.0000000E+00 -0.0000000E+00  0.6710000E-03  0.6710000E-03  0.6710000E-03
 -0.0000000E+00 -0.0000000E+00 -0.0000000E+00
 -0.1095860E+00 -0.1856940E+00 -0.0000000E+00 -0.0000000E+00 -0.0000000E+00
  0.5839980E+00 -0.0000000E+00 -0.0000000E+00 -0.0000000E+00  0.5001330E+00
 -0.0000000E+00 -0.0000000E+00 -0.0000000E+00  0.2234400E-01 -0.0000000E+00
 -0.0000000E+00 -0.0000000E+00 -0.1773000E-02 -0.1773000E-02 -0.1773000E-02
 -0.0000000E+00 -0.0000000E+00 -0.0000000E+00
  0.0000000E+00  0.0000000E+00  0.7184200E-01  0.2418000E-02 -0.2459200E-01
  0.0000000E+00  0.1885590E+00  0.6345000E-02 -0.6454500E-01  0.0000000E+00
  0.1894000E-02  0.6400000E-04 -0.6480000E-03  0.0000000E+00  0.8490630E+00
  0.2857300E-01 -0.2906390E+00  0.0000000E+00  0.0000000E+00  0.0000000E+00
  0.0000000E+00  0.0000000E+00  0.0000000E+00
  0.0000000E+00  0.0000000E+00  0.9063000E-02  0.6776200E-01  0.3313800E-01
  0.0000000E+00  0.2378700E-01  0.1778500E+00  0.8697500E-01  0.0000000E+00
  0.2390000E-03  0.1786000E-02  0.8730000E-03  0.0000000E+00  0.1071110E+00
  0.8008380E+00  0.3916390E+00  0.0000000E+00  0.0000000E+00  0.0000000E+00
  0.0000000E+00  0.0000000E+00  0.0000000E+00
 -0.0000000E+00 -0.0000000E+00  0.2298800E-01 -0.3427000E-01  0.6378900E-01
 -0.0000000E+00  0.6033600E-01 -0.8994600E-01  0.1674220E+00 -0.0000000E+00
  0.6060000E-03 -0.9030000E-03  0.1681000E-02 -0.0000000E+00  0.2716890E+00
 -0.4050160E+00  0.7538850E+00 -0.0000000E+00 -0.0000000E+00 -0.0000000E+00
 -0.0000000E+00 -0.0000000E+00 -0.0000000E+00
  0.3070800E-01  0.6677000E-01  0.0000000E+00  0.0000000E+00  0.0000000E+00
 -0.1237600E-01  0.0000000E+00  0.0000000E+00  0.0000000E+00 -0.1485520E+01
  0.0000000E+00  0.0000000E+00  0.0000000E+00  0.1849369E+01  0.0000000E+00
  0.0000000E+00  0.0000000E+00  0.4913300E-01  0.4913300E-01  0.4913300E-01
  0.0000000E+00  0.0000000E+00  0.0000000E+00
 -0.0000000E+00 -0.0000000E+00  0.1553580E+00  0.1955000E-02 -0.7770100E-01
 -0.0000000E+00  0.8200700E-01  0.1032000E-02 -0.4101500E-01 -0.0000000E+00
  0.1112833E+01  0.1400700E-01 -0.5565750E+00 -0.0000000E+00 -0.1039533E+01
 -0.1308400E-01  0.5199150E+00 -0.0000000E+00 -0.0000000E+00 -0.0000000E+00
 -0.0000000E+00 -0.0000000E+00 -0.0000000E+00
 -0.0000000E+00 -0.0000000E+00 -0.1703200E-01  0.1702970E+00 -0.2976900E-01
 -0.0000000E+00 -0.8991000E-02  0.8989300E-01 -0.1571400E-01 -0.0000000E+00
 -0.1220040E+00  0.1219842E+01 -0.2132390E+00 -0.0000000E+00  0.1139680E+00
 -0.1139494E+01  0.1991940E+00 -0.0000000E+00 -0.0000000E+00 -0.0000000E+00
 -0.0000000E+00 -0.0000000E+00 -0.0000000E+00
  0.0000000E+00  0.0000000E+00  0.7583600E-01  0.3424200E-01  0.1524910E+00
  0.0000000E+00  0.4003100E-01  0.1807500E-01  0.8049400E-01  0.0000000E+00
  0.5432200E+00  0.2452750E+00  0.1092302E+01  0.0000000E+00 -0.5074390E+00
 -0.2291190E+00 -0.1020354E+01  0.0000000E+00  0.0000000E+00  0.0000000E+00
  0.0000000E+00  0.0000000E+00  0.0000000E+00
  0.1008200E+00  0.1206840E+00  0.0000000E+00  0.0000000E+00  0.0000000E+00
 -0.1783129E+01  0.0000000E+00  0.0000000E+00  0.0000000E+00  0.3268313E+01
  0.0000000E+00  0.0000000E+00  0.0000000E+00 -0.1322216E+01  0.0000000E+00
  0.0000000E+00  0.0000000E+00 -0.2606110E+00 -0.2606110E+00 -0.2606110E+00
  0.0000000E+00  0.0000000E+00  0.0000000E+00
  0.0000000E+00  0.0000000E+00 -0.2028800E-01 -0.2045500E-01 -0.1899630E+00
  0.0000000E+00 -0.1402550E+00 -0.1414050E+00 -0.1313233E+01  0.0000000E+00
  0.1905830E+00  0.1921470E+00  0.1784470E+01  0.0000000E+00 -0.7924400E-01
 -0.7989400E-01 -0.7419770E+00  0.0000000E+00  0.0000000E+00  0.0000000E+00
  0.0000000E+00  0.0000000E+00  0.0000000E+00
  0.0000000E+00  0.0000000E+00 -0.1843720E+00  0.5220400E-01  0.1407000E-01
  0.0000000E+00 -0.1274577E+01  0.3608880E+00  0.9726700E-01  0.0000000E+00
  0.1731943E+01 -0.4903880E+00 -0.1321700E+00  0.0000000E+00 -0.7201370E+00
  0.2039020E+00  0.5495600E-01  0.0000000E+00  0.0000000E+00  0.0000000E+00
  0.0000000E+00  0.0000000E+00  0.0000000E+00
  0.0000000E+00  0.0000000E+00 -0.5011500E-01 -0.1837730E+00  0.2514100E-01
  0.0000000E+00 -0.3464520E+00 -0.1270438E+01  0.1737990E+00  0.0000000E+00
  0.4707730E+00  0.1726319E+01 -0.2361640E+00  0.0000000E+00 -0.1957460E+00
 -0.7177980E+00  0.9819600E-01  0.0000000E+00  0.0000000E+00  0.0000000E+00
  0.0000000E+00  0.0000000E+00  0.0000000E+00
 -0.0000000E+00 -0.0000000E+00 -0.0000000E+00 -0.0000000E+00 -0.0000000E+00
 -0.0000000E+00 -0.0000000E+00 -0.0000000E+00 -0.0000000E+00 -0.0000000E+00
 -0.0000000E+00 -0.0000000E+00 -0.0000000E+00 -0.0000000E+00 -0.0000000E+00
 -0.0000000E+00 -0.0000000E+00 -0.1307100E-01 -0.4856500E-01  0.6163600E-01
  0.1389500E-01 -0.1388800E+00  0.9880790E+00
 -0.0000000E+00 -0.0000000E+00 -0.0000000E+00 -0.0000000E+00 -0.0000000E+00
 -0.0000000E+00 -0.0000000E+00 -0.0000000E+00 -0.0000000E+00 -0.0000000E+00
 -0.0000000E+00 -0.0000000E+00 -0.0000000E+00 -0.0000000E+00 -0.0000000E+00
 -0.0000000E+00 -0.0000000E+00 -0.1046600E-01  0.6212570E+00 -0.6107910E+00
 -0.1231990E+00  0.6770580E+00  0.1425620E+00
  0.0000000E+00  0.0000000E+00  0.0000000E+00  0.0000000E+00  0.0000000E+00
  0.0000000E+00  0.0000000E+00  0.0000000E+00  0.0000000E+00  0.0000000E+00
  0.0000000E+00  0.0000000E+00  0.0000000E+00  0.0000000E+00  0.0000000E+00
  0.0000000E+00  0.0000000E+00 -0.4488200E-01  0.1534640E+00 -0.1085820E+00
  0.9872570E+00  0.2039300E-01 -0.1869000E-02
 -0.0000000E+00 -0.0000000E+00 -0.0000000E+00 -0.0000000E+00 -0.0000000E+00
 -0.0000000E+00 -0.0000000E+00 -0.0000000E+00 -0.0000000E+00 -0.0000000E+00
 -0.0000000E+00 -0.0000000E+00 -0.0000000E+00 -0.0000000E+00 -0.0000000E+00
 -0.0000000E+00 -0.0000000E+00  0.9915340E+00 -0.4127300E+00 -0.5788040E+00
  0.3207300E-01 -0.8113800E-01  0.7435000E-02
 -0.0000000E+00 -0.0000000E+00 -0.0000000E+00 -0.0000000E+00 -0.0000000E+00
 -0.0000000E+00 -0.0000000E+00 -0.0000000E+00 -0.0000000E+00 -0.0000000E+00
 -0.0000000E+00 -0.0000000E+00 -0.0000000E+00 -0.0000000E+00 -0.0000000E+00
 -0.0000000E+00 -0.0000000E+00  0.1206900E+00 -0.6463620E+00  0.5256720E+00
  0.9446400E-01  0.7178480E+00  0.5759300E-01
  0.0000000E+00  0.0000000E+00  0.2249710E+00 -0.4736380E+00 -0.1311992E+01
  0.0000000E+00 -0.2745730E+00  0.5780660E+00  0.1601262E+01  0.0000000E+00
  0.1691080E+00 -0.3560280E+00 -0.9862100E+00  0.0000000E+00 -0.5869300E-01
  0.1235680E+00  0.3422890E+00  0.0000000E+00  0.0000000E+00  0.0000000E+00
  0.0000000E+00  0.0000000E+00  0.0000000E+00
  0.0000000E+00  0.0000000E+00 -0.4902670E+00 -0.1271004E+01  0.3747730E+00
  0.0000000E+00  0.5983620E+00  0.1551237E+01 -0.4574040E+00  0.0000000E+00
 -0.3685280E+00 -0.9554000E+00  0.2817130E+00  0.0000000E+00  0.1279070E+00
  0.3315950E+00 -0.9777500E-01  0.0000000E+00  0.0000000E+00  0.0000000E+00
  0.0000000E+00  0.0000000E+00  0.0000000E+00
  0.0000000E+00  0.0000000E+00 -0.1305869E+01  0.3955800E+00 -0.3667280E+00
  0.0000000E+00  0.1593789E+01 -0.4827990E+00  0.4475850E+00  0.0000000E+00
 -0.9816070E+00  0.2973530E+00 -0.2756660E+00  0.0000000E+00  0.3406910E+00
 -0.1032040E+00  0.9567700E-01  0.0000000E+00  0.0000000E+00  0.0000000E+00
  0.0000000E+00  0.0000000E+00  0.0000000E+00
 -0.1662730E+00 -0.7329300E+00 -0.0000000E+00 -0.0000000E+00 -0.0000000E+00
  0.2900781E+01 -0.0000000E+00 -0.0000000E+00 -0.0000000E+00  0.1406315E+01
 -0.0000000E+00 -0.0000000E+00 -0.0000000E+00 -0.4975680E+00 -0.0000000E+00
 -0.0000000E+00 -0.0000000E+00 -0.1677953E+01 -0.1677953E+01 -0.1677953E+01
 -0.0000000E+00 -0.0000000E+00 -0.0000000E+00
 -0.1919778E+01  0.2570899E+01 -0.0000000E+00 -0.0000000E+00 -0.0000000E+00
 -0.2028488E+01 -0.0000000E+00 -0.0000000E+00 -0.0000000E+00 -0.3771730E+00
 -0.0000000E+00 -0.0000000E+00 -0.0000000E+00  0.1489960E+00 -0.0000000E+00
 -0.0000000E+00 -0.0000000E+00  0.8743520E+00  0.8743520E+00  0.8743520E+00
 -0.0000000E+00 -0.0000000E+00 -0.0000000E+00
