
 0.0021426078000000  
 
 0.0162088715000000  
 
 0.0773155725000000  
 
 0.2457860520000000  
 
 0.4701890040000000  
 
 0.3454708450000000  
 
 -0.0350917457000000  
 
 -0.1912328431000000  
 
 1.0839877950000001  
 
 0.0089415080000000  
 
 0.1410094640000000  
 
 0.9453636953000000  
 
 0.0089415080000000  
 
 0.1410094640000000  
 
 0.9453636953000000  
 
 0.0089415080000000  
 
 0.1410094640000000  
 
 0.9453636953000000  
 
 1.0000000000000000  
 
 1.0000000000000000  
 
 1.0000000000000000  
 
 1.0000000000000000  
 
 1.0000000000000000  
 
 1.0000000000000000  
 
 1.0000000000000000  
 
 1.0000000000000000  
 
 1.0000000000000000  
 
 1.0000000000000000  
 
 1.0000000000000000  
 
 1.0000000000000000  
 
 1.0000000000000000  
 
 1.0000000000000000  
 