S   6    
1     6293.4800000    0.001969788147     
2      949.0440000    0.014961285923
3      218.7760000    0.073500530843
4       63.6916000    0.248936765774    
5       18.8282000    0.602459433142
6        2.7202300    0.256201758938
L   3     
1       30.6331000    0.111906079519    0.038311918640    
2        7.0261400    0.921666654920    0.237403115502
3        2.1120500   -0.002569191826    0.817592397779  
L   1     
1        0.6840090    1.000000000000    1.000000000000           
L   1         
1        0.2008780    1.000000000000    1.000000000000
L   1    
1        0.0639000    1.000000000000    1.000000000000 
D   1     
1        0.9130000    1.000000000000
S   6    
1     6293.4800000    0.001969788147     
2      949.0440000    0.014961285923
3      218.7760000    0.073500530843
4       63.6916000    0.248936765774    
5       18.8282000    0.602459433142
6        2.7202300    0.256201758938
L   3     
1       30.6331000    0.111906079519    0.038311918640    
2        7.0261400    0.921666654920    0.237403115502
3        2.1120500   -0.002569191826    0.817592397779  
L   1     
1        0.6840090    1.000000000000    1.000000000000           
L   1         
1        0.2008780    1.000000000000    1.000000000000
L   1    
1        0.0639000    1.000000000000    1.000000000000 
D   1     
1        0.9130000    1.000000000000























