6293.4799999999995634
949.0439999999999827
218.7760000000000105
63.6916000000000011
18.8281999999999989
2.7202299999999999
30.6330999999999989
7.0261399999999998
2.1120500000000000
30.6330999999999989
7.0261399999999998
2.1120500000000000
30.6330999999999989
7.0261399999999998
2.1120500000000000
30.6330999999999989
7.0261399999999998
2.1120500000000000
0.6840090000000000
0.6840090000000000
0.6840090000000000
0.6840090000000000
0.2008780000000000
0.2008780000000000
0.2008780000000000
0.2008780000000000
0.0639000000000000
0.0639000000000000
0.0639000000000000
0.0639000000000000
0.9130000000000000
0.9130000000000000
0.9130000000000000
0.9130000000000000
0.9130000000000000
0.9130000000000000
6293.4799999999995634
949.0439999999999827
218.7760000000000105
63.6916000000000011
18.8281999999999989
2.7202299999999999
30.6330999999999989
7.0261399999999998
2.1120500000000000
30.6330999999999989
7.0261399999999998
2.1120500000000000
30.6330999999999989
7.0261399999999998
2.1120500000000000
30.6330999999999989
7.0261399999999998
2.1120500000000000
0.6840090000000000
0.6840090000000000
0.6840090000000000
0.6840090000000000
0.2008780000000000
0.2008780000000000
0.2008780000000000
0.2008780000000000
0.0639000000000000
0.0639000000000000
0.0639000000000000
0.0639000000000000
0.9130000000000000
0.9130000000000000
0.9130000000000000
0.9130000000000000
0.9130000000000000
0.9130000000000000
