0.0019697881470000
0.0149612859230000
0.0735005308430000
0.2489367657740000
0.6024594331420000
0.2562017589380000
0.1119060795190000
0.9216666549200000
-0.0025691918260000
0.0383119186400000
0.2374031155020000
0.8175923977789999
0.0383119186400000
0.2374031155020000
0.8175923977789999
0.0383119186400000
0.2374031155020000
0.8175923977789999
1.0000000000000000
1.0000000000000000
1.0000000000000000
1.0000000000000000
1.0000000000000000
1.0000000000000000
1.0000000000000000
1.0000000000000000
1.0000000000000000
1.0000000000000000
1.0000000000000000
1.0000000000000000
1.0000000000000000
1.0000000000000000
1.0000000000000000
1.0000000000000000
1.0000000000000000
1.0000000000000000
0.0019697881470000
0.0149612859230000
0.0735005308430000
0.2489367657740000
0.6024594331420000
0.2562017589380000
0.1119060795190000
0.9216666549200000
-0.0025691918260000
0.0383119186400000
0.2374031155020000
0.8175923977789999
0.0383119186400000
0.2374031155020000
0.8175923977789999
0.0383119186400000
0.2374031155020000
0.8175923977789999
1.0000000000000000
1.0000000000000000
1.0000000000000000
1.0000000000000000
1.0000000000000000
1.0000000000000000
1.0000000000000000
1.0000000000000000
1.0000000000000000
1.0000000000000000
1.0000000000000000
1.0000000000000000
1.0000000000000000
1.0000000000000000
1.0000000000000000
1.0000000000000000
1.0000000000000000
1.0000000000000000
