  0.9962570E+00  0.1878300E-01  0.0000000E+00  0.0000000E+00  0.0000000E+00
 -0.2862000E-02  0.0000000E+00  0.0000000E+00  0.0000000E+00
 -0.2323330E+00  0.3243730E+00 -0.0000000E+00 -0.0000000E+00 -0.0000000E+00
  0.7514030E+00 -0.0000000E+00 -0.0000000E+00 -0.0000000E+00
  0.0000000E+00  0.0000000E+00  0.5408750E+00  0.0000000E+00  0.0000000E+00
  0.0000000E+00  0.5942200E+00  0.0000000E+00  0.0000000E+00
 -0.0000000E+00 -0.0000000E+00 -0.0000000E+00  0.3621450E+00  0.7002000E-02
 -0.0000000E+00 -0.0000000E+00  0.7534250E+00  0.1456700E-01
  0.0000000E+00  0.0000000E+00  0.0000000E+00 -0.7002000E-02  0.3621450E+00
  0.0000000E+00  0.0000000E+00 -0.1456700E-01  0.7534250E+00
 -0.0000000E+00 -0.0000000E+00  0.1069593E+01 -0.0000000E+00 -0.0000000E+00
 -0.0000000E+00 -0.1040903E+01 -0.0000000E+00 -0.0000000E+00
 -0.0000000E+00 -0.0000000E+00 -0.0000000E+00  0.9237450E+00  0.6723630E+00
 -0.0000000E+00 -0.0000000E+00 -0.7535680E+00 -0.5484970E+00
  0.0000000E+00  0.0000000E+00  0.0000000E+00 -0.6723630E+00  0.9237450E+00
  0.0000000E+00  0.0000000E+00  0.5484970E+00 -0.7535680E+00
 -0.8294000E-01  0.1560189E+01 -0.0000000E+00 -0.0000000E+00 -0.0000000E+00
 -0.1394956E+01 -0.0000000E+00 -0.0000000E+00 -0.0000000E+00
