  0.9969060E+00  0.1617500E-01 -0.0000000E+00 -0.0000000E+00 -0.0000000E+00
 -0.3019000E-02 -0.0000000E+00 -0.0000000E+00 -0.0000000E+00
 -0.2285240E+00  0.2977600E+00 -0.0000000E+00 -0.0000000E+00 -0.0000000E+00
  0.7750760E+00 -0.0000000E+00 -0.0000000E+00 -0.0000000E+00
  0.0000000E+00  0.0000000E+00  0.0000000E+00  0.3428870E+00 -0.3560100E-01
  0.0000000E+00  0.0000000E+00  0.7636010E+00 -0.7928200E-01
 -0.0000000E+00 -0.0000000E+00 -0.0000000E+00  0.3560100E-01  0.3428870E+00
 -0.0000000E+00 -0.0000000E+00  0.7928200E-01  0.7636010E+00
 -0.0000000E+00 -0.0000000E+00  0.3204840E+00 -0.0000000E+00 -0.0000000E+00
 -0.0000000E+00  0.7869150E+00 -0.0000000E+00 -0.0000000E+00
 -0.0000000E+00 -0.0000000E+00 -0.0000000E+00  0.1106653E+01  0.3050510E+00
 -0.0000000E+00 -0.0000000E+00 -0.8873420E+00 -0.2445970E+00
  0.0000000E+00  0.0000000E+00  0.0000000E+00 -0.3050510E+00  0.1106653E+01
  0.0000000E+00  0.0000000E+00  0.2445970E+00 -0.8873420E+00
  0.0000000E+00  0.0000000E+00  0.1154931E+01  0.0000000E+00  0.0000000E+00
  0.0000000E+00 -0.9040690E+00  0.0000000E+00  0.0000000E+00
 -0.8567900E-01  0.1565515E+01 -0.0000000E+00 -0.0000000E+00 -0.0000000E+00
 -0.1381942E+01 -0.0000000E+00 -0.0000000E+00 -0.0000000E+00
