
 3047.5248799999999392 
 457.3695180000000278 
 103.9486849999999976 
 29.2101553000000003 
 9.2866629599999992 
 3.1639269600000000 
 7.8682723499999998 
 1.8812885399999999 
 0.5442492580000000 
 7.8682723499999998 
 1.8812885399999999 
 0.5442492580000000 
 7.8682723499999998 
 1.8812885399999999 
 0.5442492580000000 
 7.8682723499999998 
 1.8812885399999999 
 0.5442492580000000 
 0.1687144782000000 
 0.1687144782000000 
 0.1687144782000000 
 0.1687144782000000 
 0.0438000000000000 
 0.0438000000000000 
 0.0438000000000000 
 0.0438000000000000 
 0.8000000000000000 
 0.8000000000000000 
 0.8000000000000000 
 0.8000000000000000 
 0.8000000000000000 
 0.8000000000000000 