
 0.0018347371000000  
 
 0.0140373228000000  
 
 0.0688426223000000  
 
 0.2321844432000000  
 
 0.4679413484000000  
 
 0.3623119853000000  
 
 -0.1193324198000000  
 
 -0.1608541517000000  
 
 1.1434564380000001  
 
 0.0689990666000000  
 
 0.3164239610000000  
 
 0.7443082908999999  
 
 0.0689990666000000  
 
 0.3164239610000000  
 
 0.7443082908999999  
 
 0.0689990666000000  
 
 0.3164239610000000  
 
 0.7443082908999999  
 
 1.0000000000000000  
 
 1.0000000000000000  
 
 1.0000000000000000  
 
 1.0000000000000000  
 
 1.0000000000000000  
 
 1.0000000000000000  
 
 1.0000000000000000  
 
 1.0000000000000000  
 
 1.0000000000000000  
 
 1.0000000000000000  
 
 1.0000000000000000  
 
 1.0000000000000000  
 
 1.0000000000000000  
 
 1.0000000000000000  
 