
 512490.3190994344768114  
 
 238184.2109551756875589  
 
 92300.4348948622064199  
 
 34808.2903305962026934  
 
 13099.3677517854994221  
 
 4952.8471408528002939  
 
 1870.3483779466000669  
 
 703.6516888782000478  
 
 264.3789671645000112  
 
 99.1954226136000017  
 
 37.3258617350999984  
 
 14.0422773054000007  
 
 5.2629834303000003  
 
 1.9725634453000001  
 
 0.7427881017000000  
 
 0.2792234270000000  
 
 0.1055063743000000  
 
 0.0407414828000000  
 
 0.0187730126000000  
 
 760.8923853141000109  
 
 760.8923853141000109  
 
 760.8923853141000109  
 
 385.8079345402999820  
 
 385.8079345402999820  
 
 385.8079345402999820  
 
 168.3220008302000110  
 
 168.3220008302000110  
 
 168.3220008302000110  
 
 71.1359447529000022  
 
 71.1359447529000022  
 
 71.1359447529000022  
 
 30.4383736885999987  
 
 30.4383736885999987  
 
 30.4383736885999987  
 
 12.7822043188999999  
 
 12.7822043188999999  
 
 12.7822043188999999  
 
 5.3842074391999999  
 
 5.3842074391999999  
 
 5.3842074391999999  
 
 2.2730832311000002  
 
 2.2730832311000002  
 
 2.2730832311000002  
 
 0.9603191611000000  
 
 0.9603191611000000  
 
 0.9603191611000000  
 
 0.4041966570000000  
 
 0.4041966570000000  
 
 0.4041966570000000  
 
 0.1706988200000000  
 
 0.1706988200000000  
 
 0.1706988200000000  
 
 0.0725254068000000  
 
 0.0725254068000000  
 
 0.0725254068000000  
 
 0.0315751645000000  
 
 0.0315751645000000  
 
 0.0315751645000000  
 
 0.0159595088000000  
 
 0.0159595088000000  
 
 0.0159595088000000  
 
 0.7532648968000000  
 
 0.7532648968000000  
 
 0.7532648968000000  
 
 0.7532648968000000  
 
 0.7532648968000000  
 
 0.7532648968000000  
 
 0.4319313549000000  
 
 0.4319313549000000  
 
 0.4319313549000000  
 
 0.4319313549000000  
 
 0.4319313549000000  
 
 0.4319313549000000  
 
 0.2429725427000000  
 
 0.2429725427000000  
 
 0.2429725427000000  
 
 0.2429725427000000  
 
 0.2429725427000000  
 
 0.2429725427000000  
 
 0.3180104609000000  
 
 0.3180104609000000  
 
 0.3180104609000000  
 
 0.3180104609000000  
 
 0.3180104609000000  
 
 0.3180104609000000  
 
 0.3180104609000000  
 
 0.3180104609000000  
 
 0.3180104609000000  
 
 0.3180104609000000  
 