
 1.0449360421125389E+00 

 2.9206037182672824E+00 

 1.0000000000000000E+00 

 1.0000000000000000E+00 

 1.0000000000000000E+00 

 1.0000000000000000E+00 

 6.8349145011154766E+00 

 6.8349145011154766E+00 

 6.8349145011154766E+00 

 1.0000000000000002E+00 

 1.0000000000000002E+00 

 1.0000000000000002E+00 

 1.0000000000000002E+00 

 1.0000000000000002E+00 

 1.0000000000000002E+00 

 1.0000000000000002E+00 

 1.0000000000000002E+00 

 1.0000000000000002E+00 

 1.0000000000000002E+00 

 1.0000000000000002E+00 

 1.0000000000000002E+00 

 1.0000000000000000E+00 

 1.0000000000000000E+00 

 1.0000000000000000E+00 

 1.0000000000000002E+00 

 1.0000000000000002E+00 

 1.0000000000000002E+00 

 1.0000000000000002E+00 

 1.0000000000000002E+00 

 1.0000000000000002E+00 

 1.0000000000000000E+00 

 1.0000000000000000E+00 

 1.0000000000000000E+00 

 1.0000000000000000E+00 

 1.0000000000000000E+00 

 1.0000000000000000E+00 

 9.9999999999999978E-01 

 9.9999999999999978E-01 

 9.9999999999999978E-01 

 9.9999999999999978E-01 

 9.9999999999999978E-01 

 9.9999999999999978E-01 

 1.0000000000000000E+00 

 1.0000000000000000E+00 

 1.0000000000000000E+00 

 1.0000000000000000E+00 

 1.0000000000000000E+00 

 1.0000000000000000E+00 

 1.0000000000000002E+00 

 1.0000000000000002E+00 

 1.0000000000000002E+00 

 1.0000000000000002E+00 

 1.0000000000000002E+00 

 1.0000000000000002E+00 

 1.0000000000000000E+00 

 1.0000000000000002E+00 

 1.0000000000000002E+00 

 1.0000000000000002E+00 

 1.0000000000000000E+00 

 1.0000000000000000E+00 

 1.0000000000000000E+00 

 1.0000000000000000E+00 

 1.0000000000000000E+00 

 1.0000000000000000E+00 

 1.0000000000000000E+00 

 9.9999999999999978E-01 

 9.9999999999999978E-01 

 9.9999999999999978E-01 

 1.0000000000000000E+00 

 1.0000000000000000E+00 

 1.0000000000000000E+00 

 1.0000000000000000E+00 

 1.0000000000000000E+00 

 1.0000000000000000E+00 

 1.0000000000000000E+00 

 1.8236932896885413E+01 

 1.0000000000000000E+00 

 1.0000000000000000E+00 

 1.0000000000000000E+00 

 1.0000000000000000E+00 

 1.0000000000000000E+00 

 1.0000000000000000E+00 

 1.0000000000000000E+00 

 1.0000000000000000E+00 

 1.0000000000000000E+00 

 1.0000000000000000E+00 

 1.0000000000000002E+00 

 1.0000000000000002E+00 

 1.0000000000000002E+00 

 1.0000000000000000E+00 

 1.0000000000000000E+00 

 1.0000000000000000E+00 

 1.0000000000000000E+00 

 1.0000000000000000E+00 

 1.0000000000000000E+00 

 1.0000000000000000E+00 

 1.0000000000000000E+00 

 1.0000000000000000E+00 

 1.0000000000000000E+00 

 1.0000000000000000E+00 

 1.0000000000000000E+00 

 1.0000000000000000E+00 

 1.0000000000000000E+00 

 1.0000000000000000E+00 

 1.0000000000000000E+00 

 1.0000000000000000E+00 

 1.0000000000000000E+00 

 9.9999999999999978E-01 

 9.9999999999999978E-01 

 9.9999999999999978E-01 

 9.9999999999999978E-01 

 9.9999999999999978E-01 

 9.9999999999999978E-01 

 9.9999999999999978E-01 

 9.9999999999999978E-01 

 9.9999999999999978E-01 

 9.9999999999999978E-01 

 9.9999999999999978E-01 

 9.9999999999999978E-01 

 9.9999999999999978E-01 

 1.0000000000000000E+00 

 1.0000000000000000E+00 

 1.0000000000000000E+00 

 1.0000000000000000E+00 

 1.0000000000000000E+00 

 9.9999999999999978E-01 

 1.0000000000000000E+00 

 9.9999999999999978E-01 

 9.9999999999999978E-01 

 1.0000000000000000E+00 

 1.8236932896885413E+01 

 1.0000000000000000E+00 

 1.0000000000000000E+00 

 1.0000000000000000E+00 

 1.0000000000000000E+00 

 1.0000000000000000E+00 

 1.0000000000000000E+00 

 1.0000000000000000E+00 

 1.0000000000000000E+00 

 1.0000000000000000E+00 

 1.0000000000000000E+00 

 1.0000000000000002E+00 

 1.0000000000000002E+00 

 1.0000000000000002E+00 

 1.0000000000000000E+00 

 1.0000000000000000E+00 

 1.0000000000000000E+00 

 1.0000000000000000E+00 

 1.0000000000000000E+00 

 1.0000000000000000E+00 

 1.0000000000000000E+00 

 1.0000000000000000E+00 

 1.0000000000000000E+00 

 1.0000000000000000E+00 

 1.0000000000000000E+00 

 1.0000000000000000E+00 

 1.0000000000000000E+00 

 1.0000000000000000E+00 

 1.0000000000000000E+00 

 1.0000000000000000E+00 

 1.0000000000000000E+00 

 1.0000000000000000E+00 

 9.9999999999999978E-01 

 9.9999999999999978E-01 

 9.9999999999999978E-01 

 9.9999999999999978E-01 

 9.9999999999999978E-01 

 9.9999999999999978E-01 

 9.9999999999999978E-01 

 9.9999999999999978E-01 

 9.9999999999999978E-01 

 9.9999999999999978E-01 

 9.9999999999999978E-01 

 9.9999999999999978E-01 

 9.9999999999999978E-01 

 1.0000000000000000E+00 

 1.0000000000000000E+00 

 1.0000000000000000E+00 

 1.0000000000000000E+00 

 1.0000000000000000E+00 

 9.9999999999999978E-01 

 1.0000000000000000E+00 

 9.9999999999999978E-01 

 9.9999999999999978E-01 

 1.0000000000000000E+00 
