
 164200.0000000000000000  
 
 24590.0000000000000000  
 
 5592.0000000000000000  
 
 1582.0000000000000000  
 
 516.1000000000000227  
 
 187.1999999999999886  
 
 73.9300000000000068  
 
 31.2199999999999989  
 
 13.8100000000000005  
 
 6.2560000000000002  
 
 164200.0000000000000000  
 
 24590.0000000000000000  
 
 5592.0000000000000000  
 
 1582.0000000000000000  
 
 516.1000000000000227  
 
 187.1999999999999886  
 
 73.9300000000000068  
 
 31.2199999999999989  
 
 13.8100000000000005  
 
 6.2560000000000002  
 
 2.7759999999999998  
 
 1.1379999999999999  
 
 0.4600000000000000  
 
 0.1829000000000000  
 
 195.5000000000000000  
 
 46.1599999999999966  
 
 14.5800000000000001  
 
 5.2960000000000003  
 
 195.5000000000000000  
 
 46.1599999999999966  
 
 14.5800000000000001  
 
 5.2960000000000003  
 
 195.5000000000000000  
 
 46.1599999999999966  
 
 14.5800000000000001  
 
 5.2960000000000003  
 
 2.0939999999999999  
 
 2.0939999999999999  
 
 2.0939999999999999  
 
 0.8471000000000000  
 
 0.8471000000000000  
 
 0.8471000000000000  
 
 0.3368000000000000  
 
 0.3368000000000000  
 
 0.3368000000000000  
 
 0.1285000000000000  
 
 0.1285000000000000  
 
 0.1285000000000000  
 
 5.8789999999999996  
 
 5.8789999999999996  
 
 5.8789999999999996  
 
 5.8789999999999996  
 
 5.8789999999999996  
 
 5.8789999999999996  
 
 2.3069999999999999  
 
 2.3069999999999999  
 
 2.3069999999999999  
 
 2.3069999999999999  
 
 2.3069999999999999  
 
 2.3069999999999999  
 
 0.9050000000000000  
 
 0.9050000000000000  
 
 0.9050000000000000  
 
 0.9050000000000000  
 
 0.9050000000000000  
 
 0.9050000000000000  
 
 0.3550000000000000  
 
 0.3550000000000000  
 
 0.3550000000000000  
 
 0.3550000000000000  
 
 0.3550000000000000  
 
 0.3550000000000000  
 
 4.0160000000000000  
 
 4.0160000000000000  
 
 4.0160000000000000  
 
 4.0160000000000000  
 
 4.0160000000000000  
 
 4.0160000000000000  
 
 4.0160000000000000  
 
 4.0160000000000000  
 
 4.0160000000000000  
 
 4.0160000000000000  
 
 1.5540000000000000  
 
 1.5540000000000000  
 
 1.5540000000000000  
 
 1.5540000000000000  
 
 1.5540000000000000  
 
 1.5540000000000000  
 
 1.5540000000000000  
 
 1.5540000000000000  
 
 1.5540000000000000  
 
 1.5540000000000000  
 
 0.6010000000000000  
 
 0.6010000000000000  
 
 0.6010000000000000  
 
 0.6010000000000000  
 
 0.6010000000000000  
 
 0.6010000000000000  
 
 0.6010000000000000  
 
 0.6010000000000000  
 
 0.6010000000000000  
 
 0.6010000000000000  
 
 402.0000000000000000  
 
 60.2400000000000020  
 
 13.7300000000000004  
 
 3.9049999999999998  
 
 1.2829999999999999  
 
 0.4655000000000000  
 
 0.1811000000000000  
 
 0.0727900000000000  
 
 4.5160000000000000  
 
 4.5160000000000000  
 
 4.5160000000000000  
 
 1.7120000000000000  
 
 1.7120000000000000  
 
 1.7120000000000000  
 
 0.6490000000000000  
 
 0.6490000000000000  
 
 0.6490000000000000  
 
 0.2460000000000000  
 
 0.2460000000000000  
 
 0.2460000000000000  
 
 2.9500000000000002  
 
 2.9500000000000002  
 
 2.9500000000000002  
 
 2.9500000000000002  
 
 2.9500000000000002  
 
 2.9500000000000002  
 
 1.2060000000000000  
 
 1.2060000000000000  
 
 1.2060000000000000  
 
 1.2060000000000000  
 
 1.2060000000000000  
 
 1.2060000000000000  
 
 0.4930000000000000  
 
 0.4930000000000000  
 
 0.4930000000000000  
 
 0.4930000000000000  
 
 0.4930000000000000  
 
 0.4930000000000000  
 
 2.5059999999999998  
 
 2.5059999999999998  
 
 2.5059999999999998  
 
 2.5059999999999998  
 
 2.5059999999999998  
 
 2.5059999999999998  
 
 2.5059999999999998  
 
 2.5059999999999998  
 
 2.5059999999999998  
 
 2.5059999999999998  
 
 0.8750000000000000  
 
 0.8750000000000000  
 
 0.8750000000000000  
 
 0.8750000000000000  
 
 0.8750000000000000  
 
 0.8750000000000000  
 
 0.8750000000000000  
 
 0.8750000000000000  
 
 0.8750000000000000  
 
 0.8750000000000000  
 
 402.0000000000000000  
 
 60.2400000000000020  
 
 13.7300000000000004  
 
 3.9049999999999998  
 
 1.2829999999999999  
 
 0.4655000000000000  
 
 0.1811000000000000  
 
 0.0727900000000000  
 
 4.5160000000000000  
 
 4.5160000000000000  
 
 4.5160000000000000  
 
 1.7120000000000000  
 
 1.7120000000000000  
 
 1.7120000000000000  
 
 0.6490000000000000  
 
 0.6490000000000000  
 
 0.6490000000000000  
 
 0.2460000000000000  
 
 0.2460000000000000  
 
 0.2460000000000000  
 
 2.9500000000000002  
 
 2.9500000000000002  
 
 2.9500000000000002  
 
 2.9500000000000002  
 
 2.9500000000000002  
 
 2.9500000000000002  
 
 1.2060000000000000  
 
 1.2060000000000000  
 
 1.2060000000000000  
 
 1.2060000000000000  
 
 1.2060000000000000  
 
 1.2060000000000000  
 
 0.4930000000000000  
 
 0.4930000000000000  
 
 0.4930000000000000  
 
 0.4930000000000000  
 
 0.4930000000000000  
 
 0.4930000000000000  
 
 2.5059999999999998  
 
 2.5059999999999998  
 
 2.5059999999999998  
 
 2.5059999999999998  
 
 2.5059999999999998  
 
 2.5059999999999998  
 
 2.5059999999999998  
 
 2.5059999999999998  
 
 2.5059999999999998  
 
 2.5059999999999998  
 
 0.8750000000000000  
 
 0.8750000000000000  
 
 0.8750000000000000  
 
 0.8750000000000000  
 
 0.8750000000000000  
 
 0.8750000000000000  
 
 0.8750000000000000  
 
 0.8750000000000000  
 
 0.8750000000000000  
 
 0.8750000000000000  
 