
 0.0000260000000000  
 
 0.0002050000000000  
 
 0.0010760000000000  
 
 0.0045220000000000  
 
 0.0161080000000000  
 
 0.0490850000000000  
 
 0.1248570000000000  
 
 0.2516860000000000  
 
 0.3624200000000000  
 
 0.2790510000000000  
 
 -0.0000060000000000  
 
 -0.0000460000000000  
 
 -0.0002440000000000  
 
 -0.0010310000000000  
 
 -0.0036880000000000  
 
 -0.0115140000000000  
 
 -0.0304350000000000  
 
 -0.0681470000000000  
 
 -0.1203680000000000  
 
 -0.1482600000000000  
 
 1.0000000000000000  
 
 1.0000000000000000  
 
 1.0000000000000000  
 
 1.0000000000000000  
 
 0.0009180000000000  
 
 0.0073880000000000  
 
 0.0349580000000000  
 
 0.1154310000000000  
 
 0.0009180000000000  
 
 0.0073880000000000  
 
 0.0349580000000000  
 
 0.1154310000000000  
 
 0.0009180000000000  
 
 0.0073880000000000  
 
 0.0349580000000000  
 
 0.1154310000000000  
 
 1.0000000000000000  
 
 1.0000000000000000  
 
 1.0000000000000000  
 
 1.0000000000000000  
 
 1.0000000000000000  
 
 1.0000000000000000  
 
 1.0000000000000000  
 
 1.0000000000000000  
 
 1.0000000000000000  
 
 1.0000000000000000  
 
 1.0000000000000000  
 
 1.0000000000000000  
 
 1.0000000000000000  
 
 1.0000000000000000  
 
 1.0000000000000000  
 
 1.0000000000000000  
 
 1.0000000000000000  
 
 1.0000000000000000  
 
 1.0000000000000000  
 
 1.0000000000000000  
 
 1.0000000000000000  
 
 1.0000000000000000  
 
 1.0000000000000000  
 
 1.0000000000000000  
 
 1.0000000000000000  
 
 1.0000000000000000  
 
 1.0000000000000000  
 
 1.0000000000000000  
 
 1.0000000000000000  
 
 1.0000000000000000  
 
 1.0000000000000000  
 
 1.0000000000000000  
 
 1.0000000000000000  
 
 1.0000000000000000  
 
 1.0000000000000000  
 
 1.0000000000000000  
 
 1.0000000000000000  
 
 1.0000000000000000  
 
 1.0000000000000000  
 
 1.0000000000000000  
 
 1.0000000000000000  
 
 1.0000000000000000  
 
 1.0000000000000000  
 
 1.0000000000000000  
 
 1.0000000000000000  
 
 1.0000000000000000  
 
 1.0000000000000000  
 
 1.0000000000000000  
 
 1.0000000000000000  
 
 1.0000000000000000  
 
 1.0000000000000000  
 
 1.0000000000000000  
 
 1.0000000000000000  
 
 1.0000000000000000  
 
 1.0000000000000000  
 
 1.0000000000000000  
 
 1.0000000000000000  
 
 1.0000000000000000  
 
 1.0000000000000000  
 
 1.0000000000000000  
 
 1.0000000000000000  
 
 1.0000000000000000  
 
 1.0000000000000000  
 
 1.0000000000000000  
 
 1.0000000000000000  
 
 1.0000000000000000  
 
 0.0002790000000000  
 
 0.0021650000000000  
 
 0.0112010000000000  
 
 0.0448780000000000  
 
 1.0000000000000000  
 
 1.0000000000000000  
 
 1.0000000000000000  
 
 1.0000000000000000  
 
 1.0000000000000000  
 
 1.0000000000000000  
 
 1.0000000000000000  
 
 1.0000000000000000  
 
 1.0000000000000000  
 
 1.0000000000000000  
 
 1.0000000000000000  
 
 1.0000000000000000  
 
 1.0000000000000000  
 
 1.0000000000000000  
 
 1.0000000000000000  
 
 1.0000000000000000  
 
 1.0000000000000000  
 
 1.0000000000000000  
 
 1.0000000000000000  
 
 1.0000000000000000  
 
 1.0000000000000000  
 
 1.0000000000000000  
 
 1.0000000000000000  
 
 1.0000000000000000  
 
 1.0000000000000000  
 
 1.0000000000000000  
 
 1.0000000000000000  
 
 1.0000000000000000  
 
 1.0000000000000000  
 
 1.0000000000000000  
 
 1.0000000000000000  
 
 1.0000000000000000  
 
 1.0000000000000000  
 
 1.0000000000000000  
 
 1.0000000000000000  
 
 1.0000000000000000  
 
 1.0000000000000000  
 
 1.0000000000000000  
 
 1.0000000000000000  
 
 1.0000000000000000  
 
 1.0000000000000000  
 
 1.0000000000000000  
 
 1.0000000000000000  
 
 1.0000000000000000  
 
 1.0000000000000000  
 
 1.0000000000000000  
 
 1.0000000000000000  
 
 1.0000000000000000  
 
 1.0000000000000000  
 
 1.0000000000000000  
 
 1.0000000000000000  
 
 1.0000000000000000  
 
 1.0000000000000000  
 
 1.0000000000000000  
 
 0.0002790000000000  
 
 0.0021650000000000  
 
 0.0112010000000000  
 
 0.0448780000000000  
 
 1.0000000000000000  
 
 1.0000000000000000  
 
 1.0000000000000000  
 
 1.0000000000000000  
 
 1.0000000000000000  
 
 1.0000000000000000  
 
 1.0000000000000000  
 
 1.0000000000000000  
 
 1.0000000000000000  
 
 1.0000000000000000  
 
 1.0000000000000000  
 
 1.0000000000000000  
 
 1.0000000000000000  
 
 1.0000000000000000  
 
 1.0000000000000000  
 
 1.0000000000000000  
 
 1.0000000000000000  
 
 1.0000000000000000  
 
 1.0000000000000000  
 
 1.0000000000000000  
 
 1.0000000000000000  
 
 1.0000000000000000  
 
 1.0000000000000000  
 
 1.0000000000000000  
 
 1.0000000000000000  
 
 1.0000000000000000  
 
 1.0000000000000000  
 
 1.0000000000000000  
 
 1.0000000000000000  
 
 1.0000000000000000  
 
 1.0000000000000000  
 
 1.0000000000000000  
 
 1.0000000000000000  
 
 1.0000000000000000  
 
 1.0000000000000000  
 
 1.0000000000000000  
 
 1.0000000000000000  
 
 1.0000000000000000  
 
 1.0000000000000000  
 
 1.0000000000000000  
 
 1.0000000000000000  
 
 1.0000000000000000  
 
 1.0000000000000000  
 
 1.0000000000000000  
 
 1.0000000000000000  
 
 1.0000000000000000  
 
 1.0000000000000000  
 
 1.0000000000000000  
 
 1.0000000000000000  
 
 1.0000000000000000  
 
 1.0000000000000000  
 
 1.0000000000000000  
 
 1.0000000000000000  
 
 1.0000000000000000  
 