
 1.0000000079480378E+00 

 9.9999999303757381E-01 

 9.9999999702865905E-01 

 1.0000000005967788E+00 

 1.0000000021628788E+00 

 1.0000000003272917E+00 

 9.9999999958271646E-01 

 1.0000000000070668E+00 

 9.9999999657911820E-01 

 9.9999999657911820E-01 

 9.9999999657911820E-01 

 1.0000000062980134E+00 

 1.0000000062980134E+00 

 1.0000000062980134E+00 

 1.0000000014811028E+00 

 1.0000000014811028E+00 

 1.0000000014811028E+00 

 9.9999999781384030E-01 

 9.9999999781384030E-01 

 9.9999999781384030E-01 

 9.9999999872366319E-01 

 9.9999999872366319E-01 

 9.9999999872366319E-01 

 9.9999999961200903E-01 

 9.9999999961200903E-01 

 9.9999999961200903E-01 

 1.0000000007051422E+00 

 1.0000000007051422E+00 

 1.0000000007051422E+00 

 1.0000000026649836E+00 

 1.0000000026649836E+00 

 1.0000000026649836E+00 

 1.0000000026649836E+00 

 1.0000000026649836E+00 

 1.0000000026649836E+00 

 1.0000000039513919E+00 

 1.0000000039513919E+00 

 1.0000000039513919E+00 

 1.0000000039513919E+00 

 1.0000000039513919E+00 

 1.0000000039513919E+00 

 9.9999999823879082E-01 

 9.9999999823879082E-01 

 9.9999999823879082E-01 

 9.9999999823879038E-01 

 9.9999999823879038E-01 

 9.9999999823879038E-01 

 1.0000000023954787E+00 

 1.0000000023954787E+00 

 1.0000000023954787E+00 

 1.0000000023954785E+00 

 1.0000000023954785E+00 

 1.0000000023954785E+00 

 1.0000000013839492E+00 

 1.0000000013839492E+00 

 1.0000000013839492E+00 

 1.0000000013839485E+00 

 1.0000000013839485E+00 

 1.0000000013839485E+00 

 1.0000000004794654E+00 

 1.0000000004794654E+00 

 1.0000000004794654E+00 

 1.0000000004794654E+00 

 1.0000000004794654E+00 

 1.0000000004794654E+00 

 1.0000000004794654E+00 

 1.0000000004794654E+00 

 1.0000000004794654E+00 

 1.0000000004794654E+00 

 1.0000000001035478E+00 

 1.0000000001035478E+00 

 1.0000000001035478E+00 

 1.0000000001035476E+00 

 1.0000000001035476E+00 

 1.0000000001035478E+00 

 1.0000000001035476E+00 

 1.0000000001035478E+00 

 1.0000000001035478E+00 

 1.0000000001035476E+00 

 1.0000000003337675E+00 

 1.0000000003337675E+00 

 1.0000000003337675E+00 

 1.0000000003337677E+00 

 1.0000000003337677E+00 

 1.0000000003337686E+00 

 1.0000000003337677E+00 

 1.0000000003337686E+00 

 1.0000000003337686E+00 

 1.0000000003337681E+00 

 9.9999999986356025E-01 

 9.9999999986356025E-01 

 9.9999999986356025E-01 

 9.9999999986356025E-01 

 9.9999999986356025E-01 

 9.9999999986356047E-01 

 9.9999999986356025E-01 

 9.9999999986356047E-01 

 9.9999999986356047E-01 

 9.9999999986356225E-01 

 1.0000000013243517E+00 

 1.0000000013243517E+00 

 1.0000000013243517E+00 

 1.0000000013243517E+00 

 1.0000000013243517E+00 

 1.0000000013243517E+00 

 1.0000000013243517E+00 

 1.0000000013243517E+00 

 1.0000000013243517E+00 

 1.0000000013243517E+00 

 1.0000000013243517E+00 

 1.0000000013243517E+00 

 1.0000000013243517E+00 

 1.0000000013243515E+00 

 1.0000000013243517E+00 

 1.0000000026036300E+00 

 1.0000000026036300E+00 

 1.0000000026036300E+00 

 1.0000000026036304E+00 

 1.0000000026036304E+00 

 1.0000000026036302E+00 

 1.0000000026036304E+00 

 1.0000000026036302E+00 

 1.0000000026036302E+00 

 1.0000000026036304E+00 

 1.0000000026036304E+00 

 1.0000000026036304E+00 

 1.0000000026036300E+00 

 1.0000000026036302E+00 

 1.0000000026036300E+00 
