
 455476.7700000000186265  
 
 64817.7430000000022119  
 
 19256.9870000000009895  
 
 6877.0073000000002139  
 
 2643.4877000000001317  
 
 1054.2374999999999545  
 
 429.3712199999999939  
 
 177.1885900000000049  
 
 73.7639450000000068  
 
 30.8970069999999986  
 
 12.9994820000000004  
 
 5.4876792999999999  
 
 2.3225715999999998  
 
 0.9849807000000000  
 
 0.4183973000000000  
 
 0.1779594000000000  
 
 0.0711838000000000  
 
 455476.7700000000186265  
 
 64817.7430000000022119  
 
 19256.9870000000009895  
 
 6877.0073000000002139  
 
 2643.4877000000001317  
 
 1054.2374999999999545  
 
 429.3712199999999939  
 
 177.1885900000000049  
 
 73.7639450000000068  
 
 30.8970069999999986  
 
 12.9994820000000004  
 
 5.4876792999999999  
 
 2.3225715999999998  
 
 0.9849807000000000  
 
 0.4183973000000000  
 
 0.1779594000000000  
 
 0.0711838000000000  
 
 455476.7700000000186265  
 
 64817.7430000000022119  
 
 19256.9870000000009895  
 
 6877.0073000000002139  
 
 2643.4877000000001317  
 
 1054.2374999999999545  
 
 429.3712199999999939  
 
 177.1885900000000049  
 
 73.7639450000000068  
 
 30.8970069999999986  
 
 12.9994820000000004  
 
 5.4876792999999999  
 
 2.3225715999999998  
 
 0.9849807000000000  
 
 0.4183973000000000  
 
 0.1779594000000000  
 
 0.0711838000000000  
 
 455476.7700000000186265  
 
 64817.7430000000022119  
 
 19256.9870000000009895  
 
 6877.0073000000002139  
 
 2643.4877000000001317  
 
 1054.2374999999999545  
 
 429.3712199999999939  
 
 177.1885900000000049  
 
 73.7639450000000068  
 
 30.8970069999999986  
 
 12.9994820000000004  
 
 5.4876792999999999  
 
 2.3225715999999998  
 
 0.9849807000000000  
 
 0.4183973000000000  
 
 0.1779594000000000  
 
 0.0711838000000000  
 
 455476.7700000000186265  
 
 64817.7430000000022119  
 
 19256.9870000000009895  
 
 6877.0073000000002139  
 
 2643.4877000000001317  
 
 1054.2374999999999545  
 
 429.3712199999999939  
 
 177.1885900000000049  
 
 73.7639450000000068  
 
 30.8970069999999986  
 
 12.9994820000000004  
 
 5.4876792999999999  
 
 2.3225715999999998  
 
 0.9849807000000000  
 
 0.4183973000000000  
 
 0.1779594000000000  
 
 0.0711838000000000  
 
 455476.7700000000186265  
 
 64817.7430000000022119  
 
 19256.9870000000009895  
 
 6877.0073000000002139  
 
 2643.4877000000001317  
 
 1054.2374999999999545  
 
 429.3712199999999939  
 
 177.1885900000000049  
 
 73.7639450000000068  
 
 30.8970069999999986  
 
 12.9994820000000004  
 
 5.4876792999999999  
 
 2.3225715999999998  
 
 0.9849807000000000  
 
 0.4183973000000000  
 
 0.1779594000000000  
 
 0.0711838000000000  
 
 455476.7700000000186265  
 
 64817.7430000000022119  
 
 19256.9870000000009895  
 
 6877.0073000000002139  
 
 2643.4877000000001317  
 
 1054.2374999999999545  
 
 429.3712199999999939  
 
 177.1885900000000049  
 
 73.7639450000000068  
 
 30.8970069999999986  
 
 12.9994820000000004  
 
 5.4876792999999999  
 
 2.3225715999999998  
 
 0.9849807000000000  
 
 0.4183973000000000  
 
 0.1779594000000000  
 
 0.0711838000000000  
 
 455476.7700000000186265  
 
 64817.7430000000022119  
 
 19256.9870000000009895  
 
 6877.0073000000002139  
 
 2643.4877000000001317  
 
 1054.2374999999999545  
 
 429.3712199999999939  
 
 177.1885900000000049  
 
 73.7639450000000068  
 
 30.8970069999999986  
 
 12.9994820000000004  
 
 5.4876792999999999  
 
 2.3225715999999998  
 
 0.9849807000000000  
 
 0.4183973000000000  
 
 0.1779594000000000  
 
 0.0711838000000000  
 
 1462.4962000000000444  
 
 354.0673100000000204  
 
 126.6977899999999977  
 
 49.9890949999999989  
 
 20.5092950000000016  
 
 8.5804641000000004  
 
 3.6301049000000001  
 
 1.5465279999999999  
 
 0.6619369000000001  
 
 0.2842428000000000  
 
 0.1223463000000000  
 
 0.0489385000000000  
 
 1462.4962000000000444  
 
 354.0673100000000204  
 
 126.6977899999999977  
 
 49.9890949999999989  
 
 20.5092950000000016  
 
 8.5804641000000004  
 
 3.6301049000000001  
 
 1.5465279999999999  
 
 0.6619369000000001  
 
 0.2842428000000000  
 
 0.1223463000000000  
 
 0.0489385000000000  
 
 1462.4962000000000444  
 
 354.0673100000000204  
 
 126.6977899999999977  
 
 49.9890949999999989  
 
 20.5092950000000016  
 
 8.5804641000000004  
 
 3.6301049000000001  
 
 1.5465279999999999  
 
 0.6619369000000001  
 
 0.2842428000000000  
 
 0.1223463000000000  
 
 0.0489385000000000  
 
 1462.4962000000000444  
 
 354.0673100000000204  
 
 126.6977899999999977  
 
 49.9890949999999989  
 
 20.5092950000000016  
 
 8.5804641000000004  
 
 3.6301049000000001  
 
 1.5465279999999999  
 
 0.6619369000000001  
 
 0.2842428000000000  
 
 0.1223463000000000  
 
 0.0489385000000000  
 
 1462.4962000000000444  
 
 354.0673100000000204  
 
 126.6977899999999977  
 
 49.9890949999999989  
 
 20.5092950000000016  
 
 8.5804641000000004  
 
 3.6301049000000001  
 
 1.5465279999999999  
 
 0.6619369000000001  
 
 0.2842428000000000  
 
 0.1223463000000000  
 
 0.0489385000000000  
 
 1462.4962000000000444  
 
 354.0673100000000204  
 
 126.6977899999999977  
 
 49.9890949999999989  
 
 20.5092950000000016  
 
 8.5804641000000004  
 
 3.6301049000000001  
 
 1.5465279999999999  
 
 0.6619369000000001  
 
 0.2842428000000000  
 
 0.1223463000000000  
 
 0.0489385000000000  
 
 1462.4962000000000444  
 
 354.0673100000000204  
 
 126.6977899999999977  
 
 49.9890949999999989  
 
 20.5092950000000016  
 
 8.5804641000000004  
 
 3.6301049000000001  
 
 1.5465279999999999  
 
 0.6619369000000001  
 
 0.2842428000000000  
 
 0.1223463000000000  
 
 0.0489385000000000  
 
 1462.4962000000000444  
 
 354.0673100000000204  
 
 126.6977899999999977  
 
 49.9890949999999989  
 
 20.5092950000000016  
 
 8.5804641000000004  
 
 3.6301049000000001  
 
 1.5465279999999999  
 
 0.6619369000000001  
 
 0.2842428000000000  
 
 0.1223463000000000  
 
 0.0489385000000000  
 
 1462.4962000000000444  
 
 354.0673100000000204  
 
 126.6977899999999977  
 
 49.9890949999999989  
 
 20.5092950000000016  
 
 8.5804641000000004  
 
 3.6301049000000001  
 
 1.5465279999999999  
 
 0.6619369000000001  
 
 0.2842428000000000  
 
 0.1223463000000000  
 
 0.0489385000000000  
 
 1462.4962000000000444  
 
 354.0673100000000204  
 
 126.6977899999999977  
 
 49.9890949999999989  
 
 20.5092950000000016  
 
 8.5804641000000004  
 
 3.6301049000000001  
 
 1.5465279999999999  
 
 0.6619369000000001  
 
 0.2842428000000000  
 
 0.1223463000000000  
 
 0.0489385000000000  
 
 1462.4962000000000444  
 
 354.0673100000000204  
 
 126.6977899999999977  
 
 49.9890949999999989  
 
 20.5092950000000016  
 
 8.5804641000000004  
 
 3.6301049000000001  
 
 1.5465279999999999  
 
 0.6619369000000001  
 
 0.2842428000000000  
 
 0.1223463000000000  
 
 0.0489385000000000  
 
 1462.4962000000000444  
 
 354.0673100000000204  
 
 126.6977899999999977  
 
 49.9890949999999989  
 
 20.5092950000000016  
 
 8.5804641000000004  
 
 3.6301049000000001  
 
 1.5465279999999999  
 
 0.6619369000000001  
 
 0.2842428000000000  
 
 0.1223463000000000  
 
 0.0489385000000000  
 
 1462.4962000000000444  
 
 354.0673100000000204  
 
 126.6977899999999977  
 
 49.9890949999999989  
 
 20.5092950000000016  
 
 8.5804641000000004  
 
 3.6301049000000001  
 
 1.5465279999999999  
 
 0.6619369000000001  
 
 0.2842428000000000  
 
 0.1223463000000000  
 
 0.0489385000000000  
 
 1462.4962000000000444  
 
 354.0673100000000204  
 
 126.6977899999999977  
 
 49.9890949999999989  
 
 20.5092950000000016  
 
 8.5804641000000004  
 
 3.6301049000000001  
 
 1.5465279999999999  
 
 0.6619369000000001  
 
 0.2842428000000000  
 
 0.1223463000000000  
 
 0.0489385000000000  
 
 1462.4962000000000444  
 
 354.0673100000000204  
 
 126.6977899999999977  
 
 49.9890949999999989  
 
 20.5092950000000016  
 
 8.5804641000000004  
 
 3.6301049000000001  
 
 1.5465279999999999  
 
 0.6619369000000001  
 
 0.2842428000000000  
 
 0.1223463000000000  
 
 0.0489385000000000  
 
 1462.4962000000000444  
 
 354.0673100000000204  
 
 126.6977899999999977  
 
 49.9890949999999989  
 
 20.5092950000000016  
 
 8.5804641000000004  
 
 3.6301049000000001  
 
 1.5465279999999999  
 
 0.6619369000000001  
 
 0.2842428000000000  
 
 0.1223463000000000  
 
 0.0489385000000000  
 
 1462.4962000000000444  
 
 354.0673100000000204  
 
 126.6977899999999977  
 
 49.9890949999999989  
 
 20.5092950000000016  
 
 8.5804641000000004  
 
 3.6301049000000001  
 
 1.5465279999999999  
 
 0.6619369000000001  
 
 0.2842428000000000  
 
 0.1223463000000000  
 
 0.0489385000000000  
 
 1462.4962000000000444  
 
 354.0673100000000204  
 
 126.6977899999999977  
 
 49.9890949999999989  
 
 20.5092950000000016  
 
 8.5804641000000004  
 
 3.6301049000000001  
 
 1.5465279999999999  
 
 0.6619369000000001  
 
 0.2842428000000000  
 
 0.1223463000000000  
 
 0.0489385000000000  
 
 1462.4962000000000444  
 
 354.0673100000000204  
 
 126.6977899999999977  
 
 49.9890949999999989  
 
 20.5092950000000016  
 
 8.5804641000000004  
 
 3.6301049000000001  
 
 1.5465279999999999  
 
 0.6619369000000001  
 
 0.2842428000000000  
 
 0.1223463000000000  
 
 0.0489385000000000  
 
 1462.4962000000000444  
 
 354.0673100000000204  
 
 126.6977899999999977  
 
 49.9890949999999989  
 
 20.5092950000000016  
 
 8.5804641000000004  
 
 3.6301049000000001  
 
 1.5465279999999999  
 
 0.6619369000000001  
 
 0.2842428000000000  
 
 0.1223463000000000  
 
 0.0489385000000000  
 
 1462.4962000000000444  
 
 354.0673100000000204  
 
 126.6977899999999977  
 
 49.9890949999999989  
 
 20.5092950000000016  
 
 8.5804641000000004  
 
 3.6301049000000001  
 
 1.5465279999999999  
 
 0.6619369000000001  
 
 0.2842428000000000  
 
 0.1223463000000000  
 
 0.0489385000000000  
 
 4.3288416999999999  
 
 1.7742302000000001  
 
 0.7271906000000000  
 
 0.2980482000000000  
 
 0.1192193000000000  
 
 4.3288416999999999  
 
 1.7742302000000001  
 
 0.7271906000000000  
 
 0.2980482000000000  
 
 0.1192193000000000  
 
 4.3288416999999999  
 
 1.7742302000000001  
 
 0.7271906000000000  
 
 0.2980482000000000  
 
 0.1192193000000000  
 
 4.3288416999999999  
 
 1.7742302000000001  
 
 0.7271906000000000  
 
 0.2980482000000000  
 
 0.1192193000000000  
 
 4.3288416999999999  
 
 1.7742302000000001  
 
 0.7271906000000000  
 
 0.2980482000000000  
 
 0.1192193000000000  
 
 4.3288416999999999  
 
 1.7742302000000001  
 
 0.7271906000000000  
 
 0.2980482000000000  
 
 0.1192193000000000  
 
 4.3288416999999999  
 
 1.7742302000000001  
 
 0.7271906000000000  
 
 0.2980482000000000  
 
 0.1192193000000000  
 
 4.3288416999999999  
 
 1.7742302000000001  
 
 0.7271906000000000  
 
 0.2980482000000000  
 
 0.1192193000000000  
 
 4.3288416999999999  
 
 1.7742302000000001  
 
 0.7271906000000000  
 
 0.2980482000000000  
 
 0.1192193000000000  
 
 4.3288416999999999  
 
 1.7742302000000001  
 
 0.7271906000000000  
 
 0.2980482000000000  
 
 0.1192193000000000  
 
 4.3288416999999999  
 
 1.7742302000000001  
 
 0.7271906000000000  
 
 0.2980482000000000  
 
 0.1192193000000000  
 
 4.3288416999999999  
 
 1.7742302000000001  
 
 0.7271906000000000  
 
 0.2980482000000000  
 
 0.1192193000000000  
 
 4.3288416999999999  
 
 1.7742302000000001  
 
 0.7271906000000000  
 
 0.2980482000000000  
 
 0.1192193000000000  
 
 4.3288416999999999  
 
 1.7742302000000001  
 
 0.7271906000000000  
 
 0.2980482000000000  
 
 0.1192193000000000  
 
 4.3288416999999999  
 
 1.7742302000000001  
 
 0.7271906000000000  
 
 0.2980482000000000  
 
 0.1192193000000000  
 
 4.3288416999999999  
 
 1.7742302000000001  
 
 0.7271906000000000  
 
 0.2980482000000000  
 
 0.1192193000000000  
 
 4.3288416999999999  
 
 1.7742302000000001  
 
 0.7271906000000000  
 
 0.2980482000000000  
 
 0.1192193000000000  
 
 4.3288416999999999  
 
 1.7742302000000001  
 
 0.7271906000000000  
 
 0.2980482000000000  
 
 0.1192193000000000  
 
 4.3288416999999999  
 
 1.7742302000000001  
 
 0.7271906000000000  
 
 0.2980482000000000  
 
 0.1192193000000000  
 
 4.3288416999999999  
 
 1.7742302000000001  
 
 0.7271906000000000  
 
 0.2980482000000000  
 
 0.1192193000000000  
 
 4.3288416999999999  
 
 1.7742302000000001  
 
 0.7271906000000000  
 
 0.2980482000000000  
 
 0.1192193000000000  
 
 4.3288416999999999  
 
 1.7742302000000001  
 
 0.7271906000000000  
 
 0.2980482000000000  
 
 0.1192193000000000  
 
 4.3288416999999999  
 
 1.7742302000000001  
 
 0.7271906000000000  
 
 0.2980482000000000  
 
 0.1192193000000000  
 
 4.3288416999999999  
 
 1.7742302000000001  
 
 0.7271906000000000  
 
 0.2980482000000000  
 
 0.1192193000000000  
 
 4.3288416999999999  
 
 1.7742302000000001  
 
 0.7271906000000000  
 
 0.2980482000000000  
 
 0.1192193000000000  
 
 4.3288416999999999  
 
 1.7742302000000001  
 
 0.7271906000000000  
 
 0.2980482000000000  
 
 0.1192193000000000  
 
 4.3288416999999999  
 
 1.7742302000000001  
 
 0.7271906000000000  
 
 0.2980482000000000  
 
 0.1192193000000000  
 
 4.3288416999999999  
 
 1.7742302000000001  
 
 0.7271906000000000  
 
 0.2980482000000000  
 
 0.1192193000000000  
 
 4.3288416999999999  
 
 1.7742302000000001  
 
 0.7271906000000000  
 
 0.2980482000000000  
 
 0.1192193000000000  
 
 4.3288416999999999  
 
 1.7742302000000001  
 
 0.7271906000000000  
 
 0.2980482000000000  
 
 0.1192193000000000  
 
 1.6311739999999999  
 
 0.8203288000000000  
 
 0.4125491000000000  
 
 0.1650196000000000  
 
 1.6311739999999999  
 
 0.8203288000000000  
 
 0.4125491000000000  
 
 0.1650196000000000  
 
 1.6311739999999999  
 
 0.8203288000000000  
 
 0.4125491000000000  
 
 0.1650196000000000  
 
 1.6311739999999999  
 
 0.8203288000000000  
 
 0.4125491000000000  
 
 0.1650196000000000  
 
 1.6311739999999999  
 
 0.8203288000000000  
 
 0.4125491000000000  
 
 0.1650196000000000  
 
 1.6311739999999999  
 
 0.8203288000000000  
 
 0.4125491000000000  
 
 0.1650196000000000  
 
 1.6311739999999999  
 
 0.8203288000000000  
 
 0.4125491000000000  
 
 0.1650196000000000  
 
 1.6311739999999999  
 
 0.8203288000000000  
 
 0.4125491000000000  
 
 0.1650196000000000  
 
 1.6311739999999999  
 
 0.8203288000000000  
 
 0.4125491000000000  
 
 0.1650196000000000  
 
 1.6311739999999999  
 
 0.8203288000000000  
 
 0.4125491000000000  
 
 0.1650196000000000  
 
 1.6311739999999999  
 
 0.8203288000000000  
 
 0.4125491000000000  
 
 0.1650196000000000  
 
 1.6311739999999999  
 
 0.8203288000000000  
 
 0.4125491000000000  
 
 0.1650196000000000  
 
 1.6311739999999999  
 
 0.8203288000000000  
 
 0.4125491000000000  
 
 0.1650196000000000  
 
 1.6311739999999999  
 
 0.8203288000000000  
 
 0.4125491000000000  
 
 0.1650196000000000  
 
 1.6311739999999999  
 
 0.8203288000000000  
 
 0.4125491000000000  
 
 0.1650196000000000  
 
 1.6311739999999999  
 
 0.8203288000000000  
 
 0.4125491000000000  
 
 0.1650196000000000  
 
 1.6311739999999999  
 
 0.8203288000000000  
 
 0.4125491000000000  
 
 0.1650196000000000  
 
 1.6311739999999999  
 
 0.8203288000000000  
 
 0.4125491000000000  
 
 0.1650196000000000  
 
 1.6311739999999999  
 
 0.8203288000000000  
 
 0.4125491000000000  
 
 0.1650196000000000  
 
 1.6311739999999999  
 
 0.8203288000000000  
 
 0.4125491000000000  
 
 0.1650196000000000  
 
 1.6311739999999999  
 
 0.8203288000000000  
 
 0.4125491000000000  
 
 0.1650196000000000  
 
 1.6311739999999999  
 
 0.8203288000000000  
 
 0.4125491000000000  
 
 0.1650196000000000  
 
 1.6311739999999999  
 
 0.8203288000000000  
 
 0.4125491000000000  
 
 0.1650196000000000  
 
 1.6311739999999999  
 
 0.8203288000000000  
 
 0.4125491000000000  
 
 0.1650196000000000  
 
 1.6311739999999999  
 
 0.8203288000000000  
 
 0.4125491000000000  
 
 0.1650196000000000  
 
 1.6311739999999999  
 
 0.8203288000000000  
 
 0.4125491000000000  
 
 0.1650196000000000  
 
 1.6311739999999999  
 
 0.8203288000000000  
 
 0.4125491000000000  
 
 0.1650196000000000  
 
 1.6311739999999999  
 
 0.8203288000000000  
 
 0.4125491000000000  
 
 0.1650196000000000  
 
 1.6311739999999999  
 
 0.8203288000000000  
 
 0.4125491000000000  
 
 0.1650196000000000  
 
 1.6311739999999999  
 
 0.8203288000000000  
 
 0.4125491000000000  
 
 0.1650196000000000  
 
 1.6311739999999999  
 
 0.8203288000000000  
 
 0.4125491000000000  
 
 0.1650196000000000  
 
 1.6311739999999999  
 
 0.8203288000000000  
 
 0.4125491000000000  
 
 0.1650196000000000  
 
 1.6311739999999999  
 
 0.8203288000000000  
 
 0.4125491000000000  
 
 0.1650196000000000  
 
 1.6311739999999999  
 
 0.8203288000000000  
 
 0.4125491000000000  
 
 0.1650196000000000  
 
 1.6311739999999999  
 
 0.8203288000000000  
 
 0.4125491000000000  
 
 0.1650196000000000  
 
 1.6311739999999999  
 
 0.8203288000000000  
 
 0.4125491000000000  
 
 0.1650196000000000  
 
 1.6311739999999999  
 
 0.8203288000000000  
 
 0.4125491000000000  
 
 0.1650196000000000  
 
 1.6311739999999999  
 
 0.8203288000000000  
 
 0.4125491000000000  
 
 0.1650196000000000  
 
 1.6311739999999999  
 
 0.8203288000000000  
 
 0.4125491000000000  
 
 0.1650196000000000  
 
 1.6311739999999999  
 
 0.8203288000000000  
 
 0.4125491000000000  
 
 0.1650196000000000  
 
 1.6692279999999999  
 
 0.6676911000000000  
 
 1.6692279999999999  
 
 0.6676911000000000  
 
 1.6692279999999999  
 
 0.6676911000000000  
 
 1.6692279999999999  
 
 0.6676911000000000  
 
 1.6692279999999999  
 
 0.6676911000000000  
 
 1.6692279999999999  
 
 0.6676911000000000  
 
 1.6692279999999999  
 
 0.6676911000000000  
 
 1.6692279999999999  
 
 0.6676911000000000  
 
 1.6692279999999999  
 
 0.6676911000000000  
 
 1.6692279999999999  
 
 0.6676911000000000  
 
 1.6692279999999999  
 
 0.6676911000000000  
 
 1.6692279999999999  
 
 0.6676911000000000  
 
 1.6692279999999999  
 
 0.6676911000000000  
 
 1.6692279999999999  
 
 0.6676911000000000  
 
 1.6692279999999999  
 
 0.6676911000000000  
 
 1.6692279999999999  
 
 0.6676911000000000  
 
 1.6692279999999999  
 
 0.6676911000000000  
 
 1.6692279999999999  
 
 0.6676911000000000  
 
 1.6692279999999999  
 
 0.6676911000000000  
 
 1.6692279999999999  
 
 0.6676911000000000  
 
 1.6692279999999999  
 
 0.6676911000000000  
 
 1.6692279999999999  
 
 0.6676911000000000  
 
 1.6692279999999999  
 
 0.6676911000000000  
 
 1.6692279999999999  
 
 0.6676911000000000  
 
 1.6692279999999999  
 
 0.6676911000000000  
 
 1.6692279999999999  
 
 0.6676911000000000  
 
 1.6692279999999999  
 
 0.6676911000000000  
 
 1.6692279999999999  
 
 0.6676911000000000  
 
 1.6692279999999999  
 
 0.6676911000000000  
 
 1.6692279999999999  
 
 0.6676911000000000  
 