
 17 

 17 

 17 

 17 

 17 

 17 

 17 

 17 

 12 

 12 

 12 

 12 

 12 

 12 

 12 

 12 

 12 

 12 

 12 

 12 

 12 

 12 

 12 

 12 

 12 

 12 

 12 

 12 

 12 

 5 

 5 

 5 

 5 

 5 

 5 

 5 

 5 

 5 

 5 

 5 

 5 

 5 

 5 

 5 

 5 

 5 

 5 

 5 

 5 

 5 

 5 

 5 

 5 

 5 

 5 

 5 

 5 

 5 

 5 

 4 

 4 

 4 

 4 

 4 

 4 

 4 

 4 

 4 

 4 

 4 

 4 

 4 

 4 

 4 

 4 

 4 

 4 

 4 

 4 

 4 

 4 

 4 

 4 

 4 

 4 

 4 

 4 

 4 

 4 

 4 

 4 

 4 

 4 

 4 

 4 

 4 

 4 

 4 

 4 

 2 

 2 

 2 

 2 

 2 

 2 

 2 

 2 

 2 

 2 

 2 

 2 

 2 

 2 

 2 

 2 

 2 

 2 

 2 

 2 

 2 

 2 

 2 

 2 

 2 

 2 

 2 

 2 

 2 

 2 
