
 0.0003198600000000  
 
 0.0010116200000000  
 
 0.0021702200000000  
 
 0.0059629500000000  
 
 0.0159081200000000  
 
 0.0440468900000000  
 
 0.1144602200000000  
 
 0.2546286700000000  
 
 0.3984776600000000  
 
 0.2789499600000000  
 
 0.0383353400000000  
 
 0.0031186100000000  
 
 -0.0013846700000000  
 
 0.0010027400000000  
 
 -0.0006431800000000  
 
 0.0002820200000000  
 
 -0.0000762800000000  
 
 -0.0000915300000000  
 
 -0.0002898800000000  
 
 -0.0006236100000000  
 
 -0.0017191100000000  
 
 -0.0046312400000000  
 
 -0.0130568700000000  
 
 -0.0355393300000000  
 
 -0.0875705600000000  
 
 -0.1747369300000000  
 
 -0.1857981300000000  
 
 0.1369088900000000  
 
 0.6346687800000000  
 
 0.3820156700000000  
 
 0.0049750200000000  
 
 0.0117313500000000  
 
 -0.0044559200000000  
 
 0.0012912700000000  
 
 0.0000289100000000  
 
 0.0000914800000000  
 
 0.0001975200000000  
 
 0.0005412900000000  
 
 0.0014722000000000  
 
 0.0041163200000000  
 
 0.0113779500000000  
 
 0.0279952600000000  
 
 0.0581542600000000  
 
 0.0631523300000000  
 
 -0.0487520800000000  
 
 -0.3300854100000000  
 
 -0.3495034200000000  
 
 0.3429650200000000  
 
 0.6811044100000000  
 
 0.2559425900000000  
 
 0.0045406100000000  
 
 -0.0000341400000000  
 
 -0.0001080000000000  
 
 -0.0002333600000000  
 
 -0.0006391900000000  
 
 -0.0017398500000000  
 
 -0.0048697200000000  
 
 -0.0134840700000000  
 
 -0.0333619000000000  
 
 -0.0701649800000000  
 
 -0.0779953900000000  
 
 0.0853312300000000  
 
 0.4110605500000000  
 
 0.6585308900000000  
 
 -1.8735267600000001  
 
 -0.0026360900000000  
 
 1.1701988299999999  
 
 0.0453371300000000  
 
 0.0000458500000000  
 
 0.0001386000000000  
 
 0.0003435900000000  
 
 0.0007153800000000  
 
 0.0027915400000000  
 
 0.0050669400000000  
 
 0.0222443200000000  
 
 0.0337051500000000  
 
 0.1279447500000000  
 
 0.0276222100000000  
 
 0.0344879300000000  
 
 -1.2275856300000001  
 
 0.6472338700000000  
 
 2.6215710099999998  
 
 -4.1593368499999999  
 
 1.9512238500000001  
 
 0.2307841800000000  
 
 -0.0000590800000000  
 
 -0.0001722400000000  
 
 -0.0004735600000000  
 
 -0.0007762600000000  
 
 -0.0040725600000000  
 
 -0.0050190700000000  
 
 -0.0331664200000000  
 
 -0.0323780900000000  
 
 -0.2056185500000000  
 
 0.0577528500000000  
 
 -0.1648370600000000  
 
 2.5480556200000000  
 
 -4.9191310100000001  
 
 4.1152644100000000  
 
 -0.8621492700000000  
 
 -1.8530688099999999  
 
 1.6343663200000000  
 
 0.0000663400000000  
 
 0.0002210600000000  
 
 0.0004040100000000  
 
 0.0014824000000000  
 
 0.0026730100000000  
 
 0.0119980300000000  
 
 0.0208720200000000  
 
 0.0876457500000000  
 
 0.1187869200000000  
 
 0.2557466700000000  
 
 -0.8616020400000000  
 
 -0.9572701800000000  
 
 4.4600272399999996  
 
 -7.0292084600000004  
 
 7.6514588200000002  
 
 -5.9061035000000004  
 
 2.4618606199999999  
 
 -0.0001423600000000  
 
 -0.0005287300000000  
 
 -0.0006133400000000  
 
 -0.0044102800000000  
 
 -0.0019406700000000  
 
 -0.0389024200000000  
 
 -0.0137268800000000  
 
 -0.2996954800000000  
 
 -0.0774584800000000  
 
 -1.0408796700000000  
 
 5.2049130200000002  
 
 -8.2803254400000004  
 
 8.2306436699999992  
 
 -6.5196591100000001  
 
 4.4758258199999998  
 
 -2.4629162800000000  
 
 0.7967220100000000  
 
 0.0009617900000000  
 
 0.0062065000000000  
 
 0.0257573800000000  
 
 0.0929804000000000  
 
 0.2439157900000000  
 
 0.4162855200000000  
 
 0.3441168600000000  
 
 0.0729177900000000  
 
 0.0035138500000000  
 
 0.0002903500000000  
 
 0.0004760400000000  
 
 -0.0000854600000000  
 
 0.0009617900000000  
 
 0.0062065000000000  
 
 0.0257573800000000  
 
 0.0929804000000000  
 
 0.2439157900000000  
 
 0.4162855200000000  
 
 0.3441168600000000  
 
 0.0729177900000000  
 
 0.0035138500000000  
 
 0.0002903500000000  
 
 0.0004760400000000  
 
 -0.0000854600000000  
 
 0.0009617900000000  
 
 0.0062065000000000  
 
 0.0257573800000000  
 
 0.0929804000000000  
 
 0.2439157900000000  
 
 0.4162855200000000  
 
 0.3441168600000000  
 
 0.0729177900000000  
 
 0.0035138500000000  
 
 0.0002903500000000  
 
 0.0004760400000000  
 
 -0.0000854600000000  
 
 -0.0002756200000000  
 
 -0.0017859300000000  
 
 -0.0074742300000000  
 
 -0.0275603600000000  
 
 -0.0746872700000000  
 
 -0.1339421600000000  
 
 -0.1107163600000000  
 
 0.1625753700000000  
 
 0.4487607100000000  
 
 0.4116522100000000  
 
 0.1472475200000000  
 
 0.0067900500000000  
 
 -0.0002756200000000  
 
 -0.0017859300000000  
 
 -0.0074742300000000  
 
 -0.0275603600000000  
 
 -0.0746872700000000  
 
 -0.1339421600000000  
 
 -0.1107163600000000  
 
 0.1625753700000000  
 
 0.4487607100000000  
 
 0.4116522100000000  
 
 0.1472475200000000  
 
 0.0067900500000000  
 
 -0.0002756200000000  
 
 -0.0017859300000000  
 
 -0.0074742300000000  
 
 -0.0275603600000000  
 
 -0.0746872700000000  
 
 -0.1339421600000000  
 
 -0.1107163600000000  
 
 0.1625753700000000  
 
 0.4487607100000000  
 
 0.4116522100000000  
 
 0.1472475200000000  
 
 0.0067900500000000  
 
 0.0003353000000000  
 
 0.0020394700000000  
 
 0.0092826500000000  
 
 0.0315871000000000  
 
 0.0958645200000000  
 
 0.1433439300000000  
 
 0.1749215000000000  
 
 -0.4486335600000000  
 
 -0.7331793100000000  
 
 0.5086824800000000  
 
 0.6026153800000000  
 
 0.0620245200000000  
 
 0.0003353000000000  
 
 0.0020394700000000  
 
 0.0092826500000000  
 
 0.0315871000000000  
 
 0.0958645200000000  
 
 0.1433439300000000  
 
 0.1749215000000000  
 
 -0.4486335600000000  
 
 -0.7331793100000000  
 
 0.5086824800000000  
 
 0.6026153800000000  
 
 0.0620245200000000  
 
 0.0003353000000000  
 
 0.0020394700000000  
 
 0.0092826500000000  
 
 0.0315871000000000  
 
 0.0958645200000000  
 
 0.1433439300000000  
 
 0.1749215000000000  
 
 -0.4486335600000000  
 
 -0.7331793100000000  
 
 0.5086824800000000  
 
 0.6026153800000000  
 
 0.0620245200000000  
 
 -0.0005021300000000  
 
 -0.0029405100000000  
 
 -0.0142252000000000  
 
 -0.0462433400000000  
 
 -0.1558770300000000  
 
 -0.1839301500000000  
 
 -0.2505212600000000  
 
 1.4792837599999999  
 
 -0.7198306200000000  
 
 -1.1022606300000000  
 
 1.0914368999999999  
 
 0.1166116400000000  
 
 -0.0005021300000000  
 
 -0.0029405100000000  
 
 -0.0142252000000000  
 
 -0.0462433400000000  
 
 -0.1558770300000000  
 
 -0.1839301500000000  
 
 -0.2505212600000000  
 
 1.4792837599999999  
 
 -0.7198306200000000  
 
 -1.1022606300000000  
 
 1.0914368999999999  
 
 0.1166116400000000  
 
 -0.0005021300000000  
 
 -0.0029405100000000  
 
 -0.0142252000000000  
 
 -0.0462433400000000  
 
 -0.1558770300000000  
 
 -0.1839301500000000  
 
 -0.2505212600000000  
 
 1.4792837599999999  
 
 -0.7198306200000000  
 
 -1.1022606300000000  
 
 1.0914368999999999  
 
 0.1166116400000000  
 
 0.0005658000000000  
 
 0.0058956000000000  
 
 0.0137917200000000  
 
 0.0994436400000000  
 
 0.1571753800000000  
 
 0.5083848200000000  
 
 -0.7216339700000000  
 
 -1.0879365400000001  
 
 2.9154179099999999  
 
 -2.8778794699999999  
 
 1.1846425899999999  
 
 0.1924532900000000  
 
 0.0005658000000000  
 
 0.0058956000000000  
 
 0.0137917200000000  
 
 0.0994436400000000  
 
 0.1571753800000000  
 
 0.5083848200000000  
 
 -0.7216339700000000  
 
 -1.0879365400000001  
 
 2.9154179099999999  
 
 -2.8778794699999999  
 
 1.1846425899999999  
 
 0.1924532900000000  
 
 0.0005658000000000  
 
 0.0058956000000000  
 
 0.0137917200000000  
 
 0.0994436400000000  
 
 0.1571753800000000  
 
 0.5083848200000000  
 
 -0.7216339700000000  
 
 -1.0879365400000001  
 
 2.9154179099999999  
 
 -2.8778794699999999  
 
 1.1846425899999999  
 
 0.1924532900000000  
 
 -0.0007770000000000  
 
 -0.0107761500000000  
 
 -0.0175063000000000  
 
 -0.1962506500000000  
 
 -0.2021819000000000  
 
 -0.9044738200000000  
 
 3.1399359900000001  
 
 -4.0310091200000002  
 
 3.3021868500000000  
 
 -1.7201209099999999  
 
 0.1582184000000000  
 
 0.4234452100000000  
 
 -0.0007770000000000  
 
 -0.0107761500000000  
 
 -0.0175063000000000  
 
 -0.1962506500000000  
 
 -0.2021819000000000  
 
 -0.9044738200000000  
 
 3.1399359900000001  
 
 -4.0310091200000002  
 
 3.3021868500000000  
 
 -1.7201209099999999  
 
 0.1582184000000000  
 
 0.4234452100000000  
 
 -0.0007770000000000  
 
 -0.0107761500000000  
 
 -0.0175063000000000  
 
 -0.1962506500000000  
 
 -0.2021819000000000  
 
 -0.9044738200000000  
 
 3.1399359900000001  
 
 -4.0310091200000002  
 
 3.3021868500000000  
 
 -1.7201209099999999  
 
 0.1582184000000000  
 
 0.4234452100000000  
 
 0.0010769800000000  
 
 0.0004019900000000  
 
 0.0386853500000000  
 
 0.0216604300000000  
 
 0.4252517600000000  
 
 -0.5039344100000001  
 
 -0.3056231300000000  
 
 1.4604059000000000  
 
 -2.6089848400000002  
 
 3.5364491100000000  
 
 -3.5137731600000000  
 
 1.9830043600000000  
 
 0.0010769800000000  
 
 0.0004019900000000  
 
 0.0386853500000000  
 
 0.0216604300000000  
 
 0.4252517600000000  
 
 -0.5039344100000001  
 
 -0.3056231300000000  
 
 1.4604059000000000  
 
 -2.6089848400000002  
 
 3.5364491100000000  
 
 -3.5137731600000000  
 
 1.9830043600000000  
 
 0.0010769800000000  
 
 0.0004019900000000  
 
 0.0386853500000000  
 
 0.0216604300000000  
 
 0.4252517600000000  
 
 -0.5039344100000001  
 
 -0.3056231300000000  
 
 1.4604059000000000  
 
 -2.6089848400000002  
 
 3.5364491100000000  
 
 -3.5137731600000000  
 
 1.9830043600000000  
 
 0.0278861400000000  
 
 0.1937536600000000  
 
 0.6022749900000000  
 
 0.3051034900000000  
 
 0.0288005800000000  
 
 0.0278861400000000  
 
 0.1937536600000000  
 
 0.6022749900000000  
 
 0.3051034900000000  
 
 0.0288005800000000  
 
 0.0278861400000000  
 
 0.1937536600000000  
 
 0.6022749900000000  
 
 0.3051034900000000  
 
 0.0288005800000000  
 
 0.0278861400000000  
 
 0.1937536600000000  
 
 0.6022749900000000  
 
 0.3051034900000000  
 
 0.0288005800000000  
 
 0.0278861400000000  
 
 0.1937536600000000  
 
 0.6022749900000000  
 
 0.3051034900000000  
 
 0.0288005800000000  
 
 0.0278861400000000  
 
 0.1937536600000000  
 
 0.6022749900000000  
 
 0.3051034900000000  
 
 0.0288005800000000  
 
 -0.1322309400000000  
 
 0.7340437399999999  
 
 0.3247189800000000  
 
 -0.9556787300000000  
 
 -0.0686598800000000  
 
 -0.1322309400000000  
 
 0.7340437399999999  
 
 0.3247189800000000  
 
 -0.9556787300000000  
 
 -0.0686598800000000  
 
 -0.1322309400000000  
 
 0.7340437399999999  
 
 0.3247189800000000  
 
 -0.9556787300000000  
 
 -0.0686598800000000  
 
 -0.1322309400000000  
 
 0.7340437399999999  
 
 0.3247189800000000  
 
 -0.9556787300000000  
 
 -0.0686598800000000  
 
 -0.1322309400000000  
 
 0.7340437399999999  
 
 0.3247189800000000  
 
 -0.9556787300000000  
 
 -0.0686598800000000  
 
 -0.1322309400000000  
 
 0.7340437399999999  
 
 0.3247189800000000  
 
 -0.9556787300000000  
 
 -0.0686598800000000  
 
 0.1624108000000000  
 
 -1.5137347400000001  
 
 1.8383597899999999  
 
 -0.7152973900000000  
 
 -0.3683687700000000  
 
 0.1624108000000000  
 
 -1.5137347400000001  
 
 1.8383597899999999  
 
 -0.7152973900000000  
 
 -0.3683687700000000  
 
 0.1624108000000000  
 
 -1.5137347400000001  
 
 1.8383597899999999  
 
 -0.7152973900000000  
 
 -0.3683687700000000  
 
 0.1624108000000000  
 
 -1.5137347400000001  
 
 1.8383597899999999  
 
 -0.7152973900000000  
 
 -0.3683687700000000  
 
 0.1624108000000000  
 
 -1.5137347400000001  
 
 1.8383597899999999  
 
 -0.7152973900000000  
 
 -0.3683687700000000  
 
 0.1624108000000000  
 
 -1.5137347400000001  
 
 1.8383597899999999  
 
 -0.7152973900000000  
 
 -0.3683687700000000  
 
 -0.3592454300000000  
 
 -0.3526413600000000  
 
 1.3325677800000000  
 
 -1.8893257900000000  
 
 1.4703910700000000  
 
 -0.3592454300000000  
 
 -0.3526413600000000  
 
 1.3325677800000000  
 
 -1.8893257900000000  
 
 1.4703910700000000  
 
 -0.3592454300000000  
 
 -0.3526413600000000  
 
 1.3325677800000000  
 
 -1.8893257900000000  
 
 1.4703910700000000  
 
 -0.3592454300000000  
 
 -0.3526413600000000  
 
 1.3325677800000000  
 
 -1.8893257900000000  
 
 1.4703910700000000  
 
 -0.3592454300000000  
 
 -0.3526413600000000  
 
 1.3325677800000000  
 
 -1.8893257900000000  
 
 1.4703910700000000  
 
 -0.3592454300000000  
 
 -0.3526413600000000  
 
 1.3325677800000000  
 
 -1.8893257900000000  
 
 1.4703910700000000  
 
 1.6227244599999999  
 
 -1.9306216800000000  
 
 1.5576453200000000  
 
 -1.1738860099999999  
 
 0.6076388200000000  
 
 1.6227244599999999  
 
 -1.9306216800000000  
 
 1.5576453200000000  
 
 -1.1738860099999999  
 
 0.6076388200000000  
 
 1.6227244599999999  
 
 -1.9306216800000000  
 
 1.5576453200000000  
 
 -1.1738860099999999  
 
 0.6076388200000000  
 
 1.6227244599999999  
 
 -1.9306216800000000  
 
 1.5576453200000000  
 
 -1.1738860099999999  
 
 0.6076388200000000  
 
 1.6227244599999999  
 
 -1.9306216800000000  
 
 1.5576453200000000  
 
 -1.1738860099999999  
 
 0.6076388200000000  
 
 1.6227244599999999  
 
 -1.9306216800000000  
 
 1.5576453200000000  
 
 -1.1738860099999999  
 
 0.6076388200000000  
 
 0.2454099700000000  
 
 0.5807605000000000  
 
 0.2642137400000000  
 
 0.0389341700000000  
 
 0.2454099700000000  
 
 0.5807605000000000  
 
 0.2642137400000000  
 
 0.0389341700000000  
 
 0.2454099700000000  
 
 0.5807605000000000  
 
 0.2642137400000000  
 
 0.0389341700000000  
 
 0.2454099700000000  
 
 0.5807605000000000  
 
 0.2642137400000000  
 
 0.0389341700000000  
 
 0.2454099700000000  
 
 0.5807605000000000  
 
 0.2642137400000000  
 
 0.0389341700000000  
 
 0.2454099700000000  
 
 0.5807605000000000  
 
 0.2642137400000000  
 
 0.0389341700000000  
 
 0.2454099700000000  
 
 0.5807605000000000  
 
 0.2642137400000000  
 
 0.0389341700000000  
 
 0.2454099700000000  
 
 0.5807605000000000  
 
 0.2642137400000000  
 
 0.0389341700000000  
 
 0.2454099700000000  
 
 0.5807605000000000  
 
 0.2642137400000000  
 
 0.0389341700000000  
 
 0.2454099700000000  
 
 0.5807605000000000  
 
 0.2642137400000000  
 
 0.0389341700000000  
 
 -0.8609429600000000  
 
 -0.0400931400000000  
 
 0.8261103900000000  
 
 0.1036585500000000  
 
 -0.8609429600000000  
 
 -0.0400931400000000  
 
 0.8261103900000000  
 
 0.1036585500000000  
 
 -0.8609429600000000  
 
 -0.0400931400000000  
 
 0.8261103900000000  
 
 0.1036585500000000  
 
 -0.8609429600000000  
 
 -0.0400931400000000  
 
 0.8261103900000000  
 
 0.1036585500000000  
 
 -0.8609429600000000  
 
 -0.0400931400000000  
 
 0.8261103900000000  
 
 0.1036585500000000  
 
 -0.8609429600000000  
 
 -0.0400931400000000  
 
 0.8261103900000000  
 
 0.1036585500000000  
 
 -0.8609429600000000  
 
 -0.0400931400000000  
 
 0.8261103900000000  
 
 0.1036585500000000  
 
 -0.8609429600000000  
 
 -0.0400931400000000  
 
 0.8261103900000000  
 
 0.1036585500000000  
 
 -0.8609429600000000  
 
 -0.0400931400000000  
 
 0.8261103900000000  
 
 0.1036585500000000  
 
 -0.8609429600000000  
 
 -0.0400931400000000  
 
 0.8261103900000000  
 
 0.1036585500000000  
 
 1.5710233800000000  
 
 -2.4326117799999998  
 
 1.2866328100000000  
 
 0.2096261700000000  
 
 1.5710233800000000  
 
 -2.4326117799999998  
 
 1.2866328100000000  
 
 0.2096261700000000  
 
 1.5710233800000000  
 
 -2.4326117799999998  
 
 1.2866328100000000  
 
 0.2096261700000000  
 
 1.5710233800000000  
 
 -2.4326117799999998  
 
 1.2866328100000000  
 
 0.2096261700000000  
 
 1.5710233800000000  
 
 -2.4326117799999998  
 
 1.2866328100000000  
 
 0.2096261700000000  
 
 1.5710233800000000  
 
 -2.4326117799999998  
 
 1.2866328100000000  
 
 0.2096261700000000  
 
 1.5710233800000000  
 
 -2.4326117799999998  
 
 1.2866328100000000  
 
 0.2096261700000000  
 
 1.5710233800000000  
 
 -2.4326117799999998  
 
 1.2866328100000000  
 
 0.2096261700000000  
 
 1.5710233800000000  
 
 -2.4326117799999998  
 
 1.2866328100000000  
 
 0.2096261700000000  
 
 1.5710233800000000  
 
 -2.4326117799999998  
 
 1.2866328100000000  
 
 0.2096261700000000  
 
 -0.7572161600000000  
 
 1.8575769099999999  
 
 -2.1721446400000000  
 
 1.4923014800000001  
 
 -0.7572161600000000  
 
 1.8575769099999999  
 
 -2.1721446400000000  
 
 1.4923014800000001  
 
 -0.7572161600000000  
 
 1.8575769099999999  
 
 -2.1721446400000000  
 
 1.4923014800000001  
 
 -0.7572161600000000  
 
 1.8575769099999999  
 
 -2.1721446400000000  
 
 1.4923014800000001  
 
 -0.7572161600000000  
 
 1.8575769099999999  
 
 -2.1721446400000000  
 
 1.4923014800000001  
 
 -0.7572161600000000  
 
 1.8575769099999999  
 
 -2.1721446400000000  
 
 1.4923014800000001  
 
 -0.7572161600000000  
 
 1.8575769099999999  
 
 -2.1721446400000000  
 
 1.4923014800000001  
 
 -0.7572161600000000  
 
 1.8575769099999999  
 
 -2.1721446400000000  
 
 1.4923014800000001  
 
 -0.7572161600000000  
 
 1.8575769099999999  
 
 -2.1721446400000000  
 
 1.4923014800000001  
 
 -0.7572161600000000  
 
 1.8575769099999999  
 
 -2.1721446400000000  
 
 1.4923014800000001  
 
 0.4156523900000000  
 
 0.7022378100000000  
 
 0.4156523900000000  
 
 0.7022378100000000  
 
 0.4156523900000000  
 
 0.7022378100000000  
 
 0.4156523900000000  
 
 0.7022378100000000  
 
 0.4156523900000000  
 
 0.7022378100000000  
 
 0.4156523900000000  
 
 0.7022378100000000  
 
 0.4156523900000000  
 
 0.7022378100000000  
 
 0.4156523900000000  
 
 0.7022378100000000  
 
 0.4156523900000000  
 
 0.7022378100000000  
 
 0.4156523900000000  
 
 0.7022378100000000  
 
 0.4156523900000000  
 
 0.7022378100000000  
 
 0.4156523900000000  
 
 0.7022378100000000  
 
 0.4156523900000000  
 
 0.7022378100000000  
 
 0.4156523900000000  
 
 0.7022378100000000  
 
 0.4156523900000000  
 
 0.7022378100000000  
 
 -1.1464243199999999  
 
 0.9969542100000000  
 
 -1.1464243199999999  
 
 0.9969542100000000  
 
 -1.1464243199999999  
 
 0.9969542100000000  
 
 -1.1464243199999999  
 
 0.9969542100000000  
 
 -1.1464243199999999  
 
 0.9969542100000000  
 
 -1.1464243199999999  
 
 0.9969542100000000  
 
 -1.1464243199999999  
 
 0.9969542100000000  
 
 -1.1464243199999999  
 
 0.9969542100000000  
 
 -1.1464243199999999  
 
 0.9969542100000000  
 
 -1.1464243199999999  
 
 0.9969542100000000  
 
 -1.1464243199999999  
 
 0.9969542100000000  
 
 -1.1464243199999999  
 
 0.9969542100000000  
 
 -1.1464243199999999  
 
 0.9969542100000000  
 
 -1.1464243199999999  
 
 0.9969542100000000  
 
 -1.1464243199999999  
 
 0.9969542100000000  
 